1:ItNr	2:Metric	3:StepSize	4:||Gradient||	Time[ms]
0	-0.007258	627.201626	0.000078	619.8
1	-0.005463	623.504937	0.000080	13.4
2	-0.000000	619.865785	0.000000	13.8
3	-0.052370	616.282728	0.000159	11.1
4	-0.003032	612.754375	0.000087	15.1
5	-0.000024	609.279381	0.000009	12.0
6	-0.000000	605.856447	0.000000	12.3
7	-0.000000	602.484317	0.000000	12.7
8	-0.000000	599.161779	0.000000	12.6
9	-0.025338	595.887656	0.000101	16.0
10	-0.043334	592.660813	0.000201	12.0
11	-0.000000	589.480151	0.000000	13.5
12	-0.000000	586.344606	0.000000	11.6
13	-0.000000	583.253145	0.000000	12.7
14	-0.044041	580.204771	0.000109	13.1
15	-0.000192	577.198517	0.000014	12.1
16	-0.007782	574.233444	0.000088	11.8
17	-0.090999	571.308645	0.000186	12.6
18	-0.000000	568.423237	0.000000	12.7
19	-0.000000	565.576365	0.000000	12.7
20	-0.000000	562.767201	0.000000	14.0
21	-0.081358	559.994938	0.000223	21.6
22	-0.062375	557.258797	0.000212	14.4
23	-0.085066	554.558018	0.000240	13.0
24	-0.016449	551.891865	0.000093	11.8
25	-0.091348	549.259621	0.000213	13.2
26	-0.093836	546.660592	0.000195	11.9
27	-0.000000	544.094102	0.000000	13.1
28	-0.033760	541.559494	0.000276	12.5
29	-0.003222	539.056129	0.000138	13.1
30	-0.000000	536.583387	0.000000	13.7
31	-0.094464	534.140663	0.000198	14.2
32	-0.000000	531.727370	0.000000	11.0
33	-0.000000	529.342935	0.000000	12.7
34	-0.100851	526.986802	0.000322	12.2
35	-0.000000	524.658430	0.000000	12.4
36	-0.024156	522.357290	0.000065	14.4
37	-0.000000	520.082868	0.000000	14.1
38	-0.070901	517.834665	0.000171	15.0
39	-0.081595	515.612193	0.000167	11.8
40	-0.060052	513.414976	0.000223	12.7
41	-0.100460	511.242551	0.000257	13.0
42	-0.037927	509.094468	0.000245	21.3
43	-0.000000	506.970285	0.000000	12.3
44	-0.046845	504.869574	0.000138	14.4
45	-0.058246	502.791916	0.000267	12.0
46	-0.000000	500.736903	0.000000	14.9
47	-0.000000	498.704137	0.000000	14.7
48	-0.068816	496.693228	0.000310	15.5
49	-0.033399	494.703798	0.000167	14.6
50	-0.000000	492.735476	0.000000	12.8
51	-0.008278	490.787900	0.000119	14.6
52	-0.000000	488.860718	0.000000	14.3
53	-0.085764	486.953585	0.000219	14.5
54	-0.070676	485.066164	0.000410	14.0
55	-0.000000	483.198126	0.000000	11.6
56	-0.000000	481.349149	0.000000	13.1
57	-0.002468	479.518920	0.000030	11.4
58	-0.000000	477.707132	0.000000	13.7
59	-0.034025	475.913485	0.000233	14.3
60	-0.000000	474.137684	0.000000	12.9
61	-0.000000	472.379445	0.000000	12.9
62	-0.095172	470.638485	0.000247	12.2
63	-0.000000	468.914531	0.000000	11.8
64	-0.084629	467.207315	0.000230	12.3
65	-0.044879	465.516573	0.000309	13.0
66	-0.066413	463.842050	0.000228	13.0
67	-0.034115	462.183494	0.000223	11.7
68	-0.019608	460.540658	0.000131	12.8
69	-0.000000	458.913303	0.000000	13.3
70	-0.000000	457.301192	0.000000	16.6
71	-0.000000	455.704096	0.000000	12.3
72	-0.014420	454.121787	0.000066	12.4
73	-0.000082	452.554045	0.000010	14.2
74	-0.086183	451.000653	0.000280	12.8
75	-0.001380	449.461399	0.000052	12.4
76	-0.069381	447.936075	0.000162	14.5
77	-0.000307	446.424477	0.000031	12.5
78	-0.000000	444.926406	0.000000	12.4
79	-0.000000	443.441666	0.000000	14.3
80	-0.000000	441.970065	0.000000	11.9
81	-0.000000	440.511415	0.000000	11.7
82	-0.038819	439.065533	0.000111	14.6
83	-0.007127	437.632238	0.000061	12.5
84	-0.007103	436.211351	0.000050	11.9
85	-0.000000	434.802701	0.000000	10.9
86	-0.000000	433.406117	0.000000	11.8
87	-0.011675	432.021430	0.000141	13.8
88	-0.000000	430.648479	0.000000	12.3
89	-0.000000	429.287101	0.000000	12.8
90	-0.065660	427.937140	0.000168	11.9
91	-0.024317	426.598440	0.000184	12.3
92	-0.000000	425.270849	0.000000	12.8
93	-0.000000	423.954220	0.000000	12.4
94	-0.000000	422.648404	0.000000	16.2
95	-0.094189	421.353259	0.000193	12.7
96	-0.000000	420.068643	0.000000	12.7
97	-0.000000	418.794419	0.000000	14.1
98	-0.036134	417.530451	0.000229	12.8
99	-0.017811	416.276604	0.000070	12.7
100	-0.014517	415.032748	0.000107	13.3
101	-0.037581	413.798754	0.000193	12.3
102	-0.079445	412.574495	0.000222	12.9
103	-0.086531	411.359849	0.000234	12.2
104	-0.000000	410.154691	0.000000	13.7
105	-0.000000	408.958904	0.000000	13.0
106	-0.016214	407.772368	0.000067	12.6
107	-0.067110	406.594968	0.000246	13.0
108	-0.027926	405.426590	0.000115	12.9
109	-0.000000	404.267122	0.000000	15.5
110	-0.000000	403.116456	0.000000	11.5
111	-0.084176	401.974481	0.000155	12.5
112	-0.054274	400.841093	0.000304	15.6
113	-0.000000	399.716187	0.000000	11.1
114	-0.008214	398.599660	0.000134	13.0
115	-0.028901	397.491411	0.000179	13.4
116	-0.000000	396.391342	0.000000	11.7
117	-0.000000	395.299353	0.000000	12.5
118	-0.000000	394.215350	0.000000	13.8
119	-0.000000	393.139238	0.000000	12.5
120	-0.000000	392.070924	0.000000	11.6
121	-0.021710	391.010316	0.000121	15.0
122	-0.065864	389.957325	0.000237	12.5
123	-0.000000	388.911862	0.000000	12.5
124	-0.000000	387.873839	0.000000	12.6
125	-0.000018	386.843173	0.000016	13.2
126	-0.000000	385.819777	0.000000	10.8
127	-0.002717	384.803569	0.000056	12.5
128	-0.058995	383.794468	0.000259	13.9
129	-0.000066	382.792393	0.000008	12.4
130	-0.009199	381.797264	0.000099	11.6
131	-0.000000	380.809005	0.000000	12.8
132	-0.000000	379.827537	0.000000	13.5
133	-0.000000	378.852786	0.000000	12.0
134	-0.069315	377.884678	0.000235	16.5
135	-0.000000	376.923138	0.000000	13.0
136	-0.010334	375.968095	0.000070	11.9
137	-0.097606	375.019479	0.000314	11.6
138	-0.069142	374.077218	0.000147	12.5
139	-0.000000	373.141244	0.000000	12.7
140	-0.038145	372.211489	0.000261	12.3
141	-0.000000	371.287887	0.000000	14.4
142	-0.039015	370.370370	0.000205	12.2
143	-0.000000	369.458876	0.000000	13.6
144	-0.000000	368.553338	0.000000	11.7
145	-0.058482	367.653696	0.000172	13.1
146	-0.096901	366.759885	0.000141	12.5
147	-0.006087	365.871846	0.000031	14.5
148	-0.082541	364.989518	0.000199	17.1
149	-0.101798	364.112841	0.000212	12.1
150	-0.056464	363.241757	0.000308	14.1
151	-0.000000	362.376208	0.000000	12.3
152	-0.039978	361.516137	0.000234	11.9
153	-0.003291	360.661488	0.000068	13.4
154	-0.000000	359.812206	0.000000	12.1
155	-0.000000	358.968236	0.000000	13.2
156	-0.064791	358.129524	0.000169	14.4
157	-0.000000	357.296018	0.000000	12.1
158	-0.000000	356.467665	0.000000	13.3
159	-0.082398	355.644414	0.000154	15.7
160	-0.003036	354.826213	0.000096	12.6
161	-0.000000	354.013012	0.000000	12.9
162	-0.002647	353.204763	0.000055	11.9
163	-0.000000	352.401415	0.000000	12.9
164	-0.000000	351.602922	0.000000	12.5
165	-0.000000	350.809235	0.000000	14.3
166	-0.079847	350.020308	0.000214	12.2
167	-0.000000	349.236095	0.000000	12.8
168	-0.000404	348.456550	0.000018	12.7
169	-0.025856	347.681627	0.000198	14.6
170	-0.072236	346.911283	0.000137	12.8
171	-0.000000	346.145474	0.000000	12.6
172	-0.000000	345.384157	0.000000	11.9
173	-0.000000	344.627288	0.000000	12.1
174	-0.077297	343.874826	0.000208	12.7
175	-0.000000	343.126729	0.000000	13.0
176	-0.000000	342.382957	0.000000	12.6
177	-0.000000	341.643469	0.000000	13.6
178	-0.014465	340.908224	0.000070	12.6
179	-0.000000	340.177184	0.000000	14.1
180	-0.009422	339.450309	0.000046	11.3
181	-0.095749	338.727561	0.000224	12.6
182	-0.119827	338.008902	0.000239	13.4
183	-0.000000	337.294295	0.000000	13.8
184	-0.093981	336.583703	0.000198	12.1
185	-0.000262	335.877089	0.000012	12.4
186	-0.000000	335.174416	0.000000	12.4
187	-0.039228	334.475651	0.000257	13.8
188	-0.004806	333.780756	0.000044	12.6
189	-0.079956	333.089698	0.000209	11.4
190	-0.000000	332.402443	0.000000	13.3
191	-0.025337	331.718955	0.000111	12.4
192	-0.000164	331.039203	0.000001	13.7
193	-0.000000	330.363153	0.000000	11.8
194	-0.000000	329.690771	0.000000	13.0
195	-0.075669	329.022027	0.000222	12.8
196	-0.000000	328.356888	0.000000	15.8
197	-0.000000	327.695322	0.000000	12.8
198	-0.086718	327.037299	0.000187	11.2
199	-0.031033	326.382787	0.000246	15.6
200	-0.000000	325.731758	0.000000	12.6
201	-0.000000	325.084179	0.000000	13.3
202	-0.000000	324.440023	0.000000	15.3
203	-0.094731	323.799258	0.000235	14.4
204	-0.009543	323.161858	0.000048	12.2
205	-0.073861	322.527792	0.000234	14.0
206	-0.076222	321.897034	0.000107	13.7
207	-0.000000	321.269554	0.000000	13.3
208	-0.037209	320.645325	0.000222	12.8
209	-0.087796	320.024320	0.000229	11.8
210	-0.106743	319.406512	0.000172	12.6
211	-0.000000	318.791875	0.000000	12.9
212	-0.000000	318.180381	0.000000	13.9
213	-0.000000	317.572005	0.000000	12.1
214	-0.003352	316.966721	0.000052	13.2
215	-0.000000	316.364504	0.000000	11.8
216	-0.026922	315.765329	0.000133	13.3
217	-0.005290	315.169170	0.000044	13.0
218	-0.080892	314.576003	0.000184	12.7
219	-0.038187	313.985804	0.000122	12.5
220	-0.009199	313.398548	0.000166	12.8
221	-0.087944	312.814213	0.000416	11.8
222	-0.030894	312.232773	0.000147	14.2
223	-0.001013	311.654207	0.000017	12.3
224	-0.000000	311.078491	0.000000	15.6
225	-0.000000	310.505602	0.000000	13.1
226	-0.000000	309.935518	0.000000	13.6
227	-0.000000	309.368217	0.000000	11.3
228	-0.000000	308.803676	0.000000	12.3
229	-0.000000	308.241874	0.000000	12.5
230	-0.018340	307.682789	0.000139	13.2
231	-0.088155	307.126400	0.000232	12.3
232	-0.083937	306.572687	0.000343	12.5
233	-0.097653	306.021627	0.000218	11.2
234	-0.036101	305.473201	0.000259	12.4
235	-0.043207	304.927388	0.000183	12.6
236	-0.087792	304.384168	0.000197	11.6
237	-0.000000	303.843521	0.000000	11.8
238	-0.067353	303.305427	0.000212	14.4
239	-0.046733	302.769867	0.000185	12.1
240	-0.053952	302.236821	0.000169	13.5
241	-0.036694	301.706270	0.000233	11.0
242	-0.050046	301.178196	0.000246	14.2
243	-0.087405	300.652580	0.000190	12.9
244	-0.000000	300.129402	0.000000	13.9
245	-0.000001	299.608645	0.000000	12.3
246	-0.000058	299.090291	0.000003	12.7
247	-0.071239	298.574321	0.000271	15.3
248	-0.065419	298.060718	0.000167	11.7
249	-0.009096	297.549465	0.000091	12.5
250	-0.015346	297.040543	0.000061	13.0
251	-0.106741	296.533936	0.000148	13.2
252	-0.006950	296.029626	0.000048	14.3
253	-0.038551	295.527597	0.000114	12.2
254	-0.085978	295.027832	0.000211	12.0
255	-0.000000	294.530315	0.000000	12.1
256	-0.006191	294.035028	0.000077	14.9
257	-0.000000	293.541956	0.000000	10.9
258	-0.000050	293.051083	0.000008	10.5
259	-0.024017	292.562393	0.000144	12.9
260	-0.060086	292.075870	0.000206	12.7
261	-0.035847	291.591498	0.000225	12.1
262	-0.037052	291.109263	0.000167	13.9
263	-0.065956	290.629149	0.000110	13.6
264	-0.067812	290.151140	0.000134	14.6
265	-0.000000	289.675222	0.000000	12.8
266	-0.000000	289.201380	0.000000	11.8
267	-0.048099	288.729600	0.000199	12.4
268	-0.100566	288.259866	0.000226	13.5
269	-0.000217	287.792165	0.000034	11.9
270	-0.000000	287.326481	0.000000	12.4
271	-0.000000	286.862802	0.000000	14.5
272	-0.098176	286.401113	0.000167	12.2
273	-0.033303	285.941400	0.000098	12.5
274	-0.000000	285.483649	0.000000	11.2
275	-0.000000	285.027847	0.000000	12.0
276	-0.000000	284.573981	0.000000	12.3
277	-0.000000	284.122037	0.000000	17.9
278	-0.000000	283.672002	0.000000	16.1
279	-0.077419	283.223863	0.000185	12.0
280	-0.000181	282.777607	0.000025	13.6
281	-0.000000	282.333221	0.000000	12.7
282	-0.087050	281.890692	0.000240	12.9
283	-0.089646	281.450008	0.000214	11.5
284	-0.000000	281.011157	0.000000	12.2
285	-0.088374	280.574125	0.000210	14.0
286	-0.002790	280.138901	0.000051	11.9
287	-0.000000	279.705473	0.000000	12.5
288	-0.000000	279.273829	0.000000	13.0
289	-0.000000	278.843956	0.000000	13.9
290	-0.001632	278.415844	0.000027	14.7
291	-0.071934	277.989479	0.000286	12.3
292	-0.046665	277.564851	0.000205	18.2
293	-0.059737	277.141949	0.000133	11.6
294	-0.000000	276.720761	0.000000	12.7
295	-0.000000	276.301275	0.000000	11.8
296	-0.000000	275.883480	0.000000	12.0
297	-0.000000	275.467366	0.000000	14.0
298	-0.000000	275.052922	0.000000	13.1
299	-0.046917	274.640136	0.000173	12.9
300	-0.000000	274.228998	0.000000	11.6
301	-0.000000	273.819497	0.000000	12.8
302	-0.000000	273.411623	0.000000	11.9
303	-0.017365	273.005365	0.000073	12.7
304	-0.044638	272.600712	0.000268	12.7
305	-0.070395	272.197655	0.000172	13.5
306	-0.097161	271.796184	0.000284	11.5
307	-0.015036	271.396287	0.000118	12.9
308	-0.072682	270.997956	0.000157	12.9
309	-0.028305	270.601180	0.000196	14.1
310	-0.043603	270.205949	0.000151	15.2
311	-0.000000	269.812254	0.000000	14.0
312	-0.000608	269.420085	0.000012	12.0
313	-0.000000	269.029432	0.000000	12.3
314	-0.000190	268.640287	0.000016	15.2
315	-0.062409	268.252638	0.000163	12.7
316	-0.099655	267.866478	0.000220	13.3
317	-0.000000	267.481796	0.000000	12.7
318	-0.017556	267.098584	0.000090	11.4
319	-0.000000	266.716833	0.000000	13.0
320	-0.109078	266.336533	0.000190	12.9
321	-0.044708	265.957676	0.000158	12.1
322	-0.076596	265.580253	0.000176	13.1
323	-0.050312	265.204254	0.000122	13.5
324	-0.004551	264.829672	0.000051	13.5
325	-0.000000	264.456497	0.000000	12.2
326	-0.003695	264.084721	0.000074	12.6
327	-0.000000	263.714335	0.000000	11.5
328	-0.077057	263.345332	0.000232	18.7
329	-0.005568	262.977702	0.000090	11.8
330	-0.064979	262.611438	0.000196	12.4
331	-0.007885	262.246531	0.000079	12.6
332	-0.000000	261.882973	0.000000	12.5
333	-0.000000	261.520756	0.000000	12.5
334	-0.061114	261.159871	0.000221	13.1
335	-0.001855	260.800312	0.000079	12.6
336	-0.075409	260.442070	0.000227	12.0
337	-0.006842	260.085137	0.000142	14.3
338	-0.009597	259.729505	0.000137	11.5
339	-0.001066	259.375167	0.000026	12.0
340	-0.000000	259.022116	0.000000	13.2
341	-0.000000	258.670343	0.000000	11.4
342	-0.000000	258.319841	0.000000	16.3
343	-0.077095	257.970602	0.000219	13.7
344	-0.053238	257.622620	0.000161	13.2
345	-0.000000	257.275887	0.000000	12.0
346	-0.027134	256.930396	0.000099	12.6
347	-0.000000	256.586139	0.000000	12.9
348	-0.081617	256.243109	0.000165	13.2
349	-0.079386	255.901300	0.000320	13.5
350	-0.091648	255.560703	0.000160	11.9
351	-0.000017	255.221313	0.000002	13.7
352	-0.000000	254.883122	0.000000	11.9
353	-0.000025	254.546124	0.000006	13.8
354	-0.025611	254.210311	0.000115	12.8
355	-0.012782	253.875677	0.000101	13.0
356	-0.087803	253.542215	0.000213	12.5
357	-0.080499	253.209918	0.000232	12.1
358	-0.090879	252.878781	0.000215	12.4
359	-0.020264	252.548795	0.000086	12.0
360	-0.078560	252.219956	0.000158	13.7
361	-0.000000	251.892255	0.000000	12.3
362	-0.000000	251.565688	0.000000	12.2
363	-0.000000	251.240247	0.000000	12.6
364	-0.062496	250.915926	0.000139	14.6
365	-0.084695	250.592720	0.000207	12.2
366	-0.000000	250.270621	0.000000	13.5
367	-0.090308	249.949624	0.000172	11.9
368	-0.032531	249.629723	0.000153	12.6
369	-0.000000	249.310911	0.000000	13.2
370	-0.088157	248.993182	0.000220	11.0
371	-0.000000	248.676531	0.000000	14.2
372	-0.056102	248.360952	0.000210	12.7
373	-0.043384	248.046438	0.000281	11.6
374	-0.024207	247.732984	0.000124	12.1
375	-0.098228	247.420584	0.000170	11.9
376	-0.076824	247.109233	0.000224	14.1
377	-0.000160	246.798924	0.000023	14.1
378	-0.086320	246.489652	0.000284	12.1
379	-0.000000	246.181412	0.000000	12.2
380	-0.078631	245.874197	0.000218	12.5
381	-0.000000	245.568002	0.000000	12.3
382	-0.000000	245.262822	0.000000	14.7
383	-0.055534	244.958652	0.000200	12.7
384	-0.000000	244.655485	0.000000	10.9
385	-0.000000	244.353317	0.000000	12.4
386	-0.000000	244.052142	0.000000	13.5
387	-0.084187	243.751955	0.000248	13.3
388	-0.108228	243.452750	0.000277	11.8
389	-0.000482	243.154523	0.000015	13.9
390	-0.069996	242.857268	0.000242	11.5
391	-0.000000	242.560980	0.000000	13.6
392	-0.001842	242.265654	0.000072	11.8
393	-0.060966	241.971285	0.000138	14.3
394	-0.023233	241.677868	0.000199	13.1
395	-0.067793	241.385397	0.000205	12.2
396	-0.000390	241.093869	0.000051	12.1
397	-0.005929	240.803278	0.000071	13.0
398	-0.068242	240.513619	0.000269	12.2
399	-0.063679	240.224887	0.000227	14.4
400	-0.012760	239.937077	0.000081	14.9
401	-0.077393	239.650186	0.000149	15.1
402	-0.071071	239.364207	0.000253	13.3
403	-0.000000	239.079136	0.000000	12.3
404	-0.000000	238.794969	0.000000	12.9
405	-0.000000	238.511701	0.000000	12.2
406	-0.002540	238.229327	0.000040	11.7
407	-0.027691	237.947843	0.000142	13.8
408	-0.000018	237.667244	0.000012	11.3
409	-0.000000	237.387526	0.000000	12.3
410	-0.000000	237.108684	0.000000	11.7
411	-0.008580	236.830714	0.000062	11.5
412	-0.000000	236.553610	0.000000	14.2
413	-0.087248	236.277370	0.000235	10.8
414	-0.000000	236.001989	0.000000	11.1
415	-0.007192	235.727461	0.000056	12.8
416	-0.094953	235.453784	0.000218	11.4
417	-0.000107	235.180952	0.000006	13.9
418	-0.077151	234.908962	0.000191	11.4
419	-0.048197	234.637809	0.000237	11.9
420	-0.001928	234.367488	0.000111	12.7
421	-0.005057	234.097997	0.000045	14.0
422	-0.004537	233.829331	0.000043	13.2
423	-0.000000	233.561485	0.000000	13.0
424	-0.054272	233.294456	0.000141	11.9
425	-0.035414	233.028239	0.000235	11.9
426	-0.065719	232.762831	0.000183	12.4
427	-0.026224	232.498228	0.000186	12.2
428	-0.000000	232.234425	0.000000	13.7
429	-0.008107	231.971419	0.000057	12.3
430	-0.029863	231.709205	0.000144	12.5
431	-0.101814	231.447781	0.000367	13.9
432	-0.000000	231.187141	0.000000	13.4
433	-0.000000	230.927283	0.000000	10.5
434	-0.000040	230.668202	0.000006	13.1
435	-0.000001	230.409895	0.000000	11.8
436	-0.084346	230.152358	0.000175	12.4
437	-0.005618	229.895587	0.000115	27.6
438	-0.000000	229.639578	0.000000	11.3
439	-0.102281	229.384329	0.000394	13.2
440	-0.021891	229.129834	0.000072	11.5
441	-0.000000	228.876091	0.000000	12.3
442	-0.006082	228.623096	0.000072	13.9
443	-0.019461	228.370846	0.000101	13.3
444	-0.050928	228.119336	0.000169	12.1
445	-0.000000	227.868563	0.000000	13.4
446	-0.069899	227.618525	0.000197	13.2
447	-0.016018	227.369216	0.000076	11.8
448	-0.100255	227.120635	0.000201	12.1
449	-0.000000	226.872777	0.000000	13.6
450	-0.004951	226.625638	0.000088	13.9
451	-0.000000	226.379217	0.000000	12.8
452	-0.004265	226.133509	0.000122	13.7
453	-0.000000	225.888510	0.000000	13.1
454	-0.049325	225.644218	0.000183	13.0
455	-0.035699	225.400630	0.000118	11.8
456	-0.080458	225.157741	0.000243	13.3
457	-0.074365	224.915549	0.000230	12.0
458	-0.000000	224.674051	0.000000	11.8
459	-0.000000	224.433242	0.000000	14.3
460	-0.000043	224.193121	0.000004	14.4
461	-0.005901	223.953684	0.000068	13.1
462	-0.000396	223.714927	0.000030	12.2
463	-0.000000	223.476848	0.000000	12.6
464	-0.040778	223.239444	0.000096	29.4
465	-0.082319	223.002710	0.000199	11.9
466	-0.068054	222.766645	0.000161	12.0
467	-0.039891	222.531245	0.000177	13.3
468	-0.000000	222.296508	0.000000	12.7
469	-0.096278	222.062429	0.000206	11.3
470	-0.002277	221.829007	0.000065	12.2
471	-0.102070	221.596238	0.000205	13.4
472	-0.014426	221.364119	0.000099	13.3
473	-0.074492	221.132647	0.000238	11.6
474	-0.000000	220.901820	0.000000	12.8
475	-0.007725	220.671634	0.000094	12.1
476	-0.043039	220.442086	0.000207	12.5
477	-0.065221	220.213174	0.000137	13.1
478	-0.068457	219.984895	0.000202	11.5
479	-0.000000	219.757246	0.000000	12.8
480	-0.040174	219.530224	0.000230	13.3
481	-0.035825	219.303826	0.000132	12.8
482	-0.000000	219.078050	0.000000	14.5
483	-0.000000	218.852893	0.000000	11.5
484	-0.017979	218.628352	0.000083	12.9
485	-0.000000	218.404424	0.000000	11.8
486	-0.027670	218.181106	0.000086	22.0
487	-0.000000	217.958397	0.000000	11.2
488	-0.076302	217.736292	0.000214	12.3
489	-0.078870	217.514790	0.000184	12.6
490	-0.016281	217.293888	0.000107	13.7
491	-0.008836	217.073584	0.000067	13.8
492	-0.000000	216.853873	0.000000	11.5
493	-0.000000	216.634755	0.000000	12.5
494	-0.002297	216.416227	0.000065	14.2
495	-0.000000	216.198285	0.000000	11.9
496	-0.077899	215.980927	0.000175	11.9
497	-0.087906	215.764151	0.000201	14.6
498	-0.001626	215.547955	0.000017	11.6
499	-0.016471	215.332335	0.000119	12.9
500	-0.025442	215.117289	0.000198	13.5
501	-0.075599	214.902815	0.000207	12.0
502	-0.000000	214.688911	0.000000	13.4
503	-0.000000	214.475573	0.000000	13.0
504	-0.094893	214.262800	0.000232	14.0
505	-0.000000	214.050588	0.000000	12.8
506	-0.036467	213.838936	0.000086	15.0
507	-0.008969	213.627842	0.000076	20.3
508	-0.000000	213.417302	0.000000	12.6
509	-0.083522	213.207314	0.000242	12.8
510	-0.064972	212.997877	0.000193	12.7
511	-0.071572	212.788987	0.000259	12.9
512	-0.101198	212.580642	0.000161	11.2
513	-0.000000	212.372841	0.000000	12.9
514	-0.002342	212.165581	0.000068	12.0
515	-0.002009	211.958859	0.000099	13.5
516	-0.097277	211.752673	0.000351	13.2
517	-0.054893	211.547021	0.000155	11.6
518	-0.000000	211.341902	0.000000	21.5
519	-0.000000	211.137311	0.000000	13.0
520	-0.000000	210.933248	0.000000	12.9
521	-0.050235	210.729710	0.000194	12.5
522	-0.053353	210.526695	0.000344	15.2
523	-0.037446	210.324200	0.000267	12.2
524	-0.000257	210.122224	0.000015	12.0
525	-0.000000	209.920765	0.000000	12.0
526	-0.049666	209.719820	0.000188	14.3
527	-0.000000	209.519387	0.000000	12.2
528	-0.000000	209.319463	0.000000	14.1
529	-0.026160	209.120048	0.000108	13.2
530	-0.000000	208.921139	0.000000	13.3
531	-0.000000	208.722733	0.000000	12.2
532	-0.008557	208.524829	0.000098	11.6
533	-0.000000	208.327425	0.000000	16.2
534	-0.000084	208.130518	0.000014	14.4
535	-0.065687	207.934107	0.000223	11.1
536	-0.000000	207.738189	0.000000	13.1
537	-0.000000	207.542762	0.000000	13.4
538	-0.006607	207.347825	0.000101	12.7
539	-0.000000	207.153376	0.000000	13.5
540	-0.107686	206.959412	0.000246	13.4
541	-0.000540	206.765932	0.000011	20.1
542	-0.000000	206.572933	0.000000	11.7
543	-0.092391	206.380414	0.000195	14.8
544	-0.000000	206.188373	0.000000	12.6
545	-0.060274	205.996807	0.000144	12.0
546	-0.091362	205.805716	0.000268	15.0
547	-0.041015	205.615096	0.000171	13.5
548	-0.000003	205.424946	0.000004	12.7
549	-0.078143	205.235265	0.000246	13.0
550	-0.056003	205.046050	0.000153	11.4
551	-0.062933	204.857299	0.000222	12.2
552	-0.005859	204.669011	0.000095	13.3
553	-0.060465	204.481184	0.000164	12.2
554	-0.077819	204.293816	0.000194	12.0
555	-0.091474	204.106905	0.000233	25.3
556	-0.019951	203.920449	0.000082	12.6
557	-0.059739	203.734447	0.000176	12.5
558	-0.000000	203.548896	0.000000	11.8
559	-0.073522	203.363795	0.000173	12.6
560	-0.000037	203.179143	0.000023	12.8
561	-0.053344	202.994937	0.000175	12.7
562	-0.000000	202.811176	0.000000	13.2
563	-0.081132	202.627857	0.000178	11.9
564	-0.006694	202.444980	0.000070	12.9
565	-0.081187	202.262543	0.000229	11.7
566	-0.021258	202.080543	0.000636	12.1
567	-0.040323	201.898979	0.000152	12.5
568	-0.080344	201.717849	0.000186	13.9
569	-0.000000	201.537153	0.000000	11.3
570	-0.025837	201.356887	0.000183	12.5
571	-0.016991	201.177050	0.000090	13.2
572	-0.000000	200.997642	0.000000	13.3
573	-0.029731	200.818659	0.000112	12.9
574	-0.017485	200.640100	0.000114	11.7
575	-0.108390	200.461965	0.000184	13.3
576	-0.000000	200.284250	0.000000	13.1
577	-0.099659	200.106955	0.000295	11.8
578	-0.071323	199.930078	0.000212	14.1
579	-0.001686	199.753617	0.000040	12.1
580	-0.006238	199.577571	0.000080	14.4
581	-0.001511	199.401938	0.000023	13.7
582	-0.000000	199.226717	0.000000	15.0
583	-0.047554	199.051905	0.000204	12.3
584	-0.002483	198.877502	0.000085	11.9
585	-0.000000	198.703506	0.000000	12.3
586	-0.082967	198.529916	0.000111	13.7
587	-0.085259	198.356729	0.000177	12.3
588	-0.021674	198.183944	0.000217	12.5
589	-0.000000	198.011560	0.000000	11.8
590	-0.000000	197.839576	0.000000	14.9
591	-0.000000	197.667989	0.000000	12.3
592	-0.000000	197.496798	0.000000	12.7
593	-0.077695	197.326002	0.000232	13.7
594	-0.000000	197.155600	0.000000	14.0
595	-0.077459	196.985589	0.000248	11.5
596	-0.038894	196.815969	0.000124	11.8
597	-0.042338	196.646738	0.000139	13.1
598	-0.000000	196.477894	0.000000	17.8
599	-0.000000	196.309436	0.000000	12.4
600	-0.002741	196.141363	0.000038	13.1
601	-0.060826	195.973673	0.000212	11.6
602	-0.106336	195.806365	0.000262	14.0
603	-0.000000	195.639437	0.000000	13.0
604	-0.000000	195.472888	0.000000	12.7
605	-0.000092	195.306717	0.000009	12.0
606	-0.000000	195.140922	0.000000	11.7
607	-0.000000	194.975501	0.000000	14.1
608	-0.000000	194.810454	0.000000	12.1
609	-0.015161	194.645779	0.000105	12.1
610	-0.086094	194.481475	0.000213	11.7
611	-0.104111	194.317540	0.000272	17.4
612	-0.051133	194.153973	0.000218	12.3
613	-0.000000	193.990773	0.000000	12.7
614	-0.000000	193.827938	0.000000	11.7
615	-0.000000	193.665467	0.000000	12.1
616	-0.000000	193.503358	0.000000	11.6
617	-0.062241	193.341611	0.000176	12.4
618	-0.000000	193.180224	0.000000	13.8
619	-0.000000	193.019196	0.000000	11.5
620	-0.000245	192.858525	0.000022	12.0
621	-0.063350	192.698210	0.000143	13.1
622	-0.044050	192.538251	0.000128	11.6
623	-0.000000	192.378644	0.000000	12.7
624	-0.058726	192.219391	0.000289	11.2
625	-0.074860	192.060488	0.000208	12.7
626	-0.108763	191.901935	0.000178	13.8
627	-0.091748	191.743730	0.000225	11.7
628	-0.000000	191.585873	0.000000	12.9
629	-0.036506	191.428362	0.000129	12.9
630	-0.100803	191.271196	0.000244	12.6
631	-0.000000	191.114374	0.000000	12.6
632	-0.102419	190.957893	0.000195	13.3
633	-0.040564	190.801755	0.000142	14.3
634	-0.000000	190.645956	0.000000	11.9
635	-0.108132	190.490495	0.000218	13.9
636	-0.004860	190.335373	0.000060	12.7
637	-0.091944	190.180587	0.000155	13.3
638	-0.012412	190.026136	0.000151	12.3
639	-0.000000	189.872019	0.000000	12.8
640	-0.000000	189.718235	0.000000	13.0
641	-0.000000	189.564782	0.000000	11.4
642	-0.077374	189.411661	0.000161	11.9
643	-0.086280	189.258868	0.000189	13.6
644	-0.000764	189.106404	0.000021	12.5
645	-0.039229	188.954267	0.000098	12.2
646	-0.000000	188.802456	0.000000	12.7
647	-0.001071	188.650969	0.000050	12.5
648	-0.083450	188.499807	0.000207	12.0
649	-0.000000	188.348967	0.000000	12.3
650	-0.016809	188.198448	0.000069	11.9
651	-0.000000	188.048250	0.000000	12.9
652	-0.000000	187.898371	0.000000	13.0
653	-0.001915	187.748810	0.000070	12.2
654	-0.031221	187.599566	0.000125	12.9
655	-0.000000	187.450638	0.000000	13.7
656	-0.000000	187.302025	0.000000	12.0
657	-0.000000	187.153725	0.000000	12.3
658	-0.042425	187.005739	0.000130	12.3
659	-0.000000	186.858064	0.000000	12.1
660	-0.042771	186.710699	0.000546	12.9
661	-0.000000	186.563645	0.000000	11.4
662	-0.000000	186.416898	0.000000	12.2
663	-0.000000	186.270459	0.000000	13.7
664	-0.000000	186.124326	0.000000	12.3
665	-0.035598	185.978499	0.000231	11.5
666	-0.001529	185.832976	0.000049	18.1
667	-0.043795	185.687756	0.000133	12.4
668	-0.072795	185.542838	0.000170	11.2
669	-0.077163	185.398222	0.000187	12.6
670	-0.103934	185.253906	0.000195	13.2
671	-0.000000	185.109889	0.000000	13.5
672	-0.059582	184.966170	0.000145	11.1
673	-0.000000	184.822748	0.000000	12.2
674	-0.000000	184.679623	0.000000	12.6
675	-0.027545	184.536792	0.000219	11.8
676	-0.104980	184.394256	0.000239	11.7
677	-0.000000	184.252013	0.000000	13.2
678	-0.000000	184.110062	0.000000	15.4
679	-0.000000	183.968403	0.000000	11.2
680	-0.081805	183.827034	0.000205	12.7
681	-0.000674	183.685954	0.000022	12.9
682	-0.000573	183.545163	0.000030	12.6
683	-0.008505	183.404658	0.000036	12.6
684	-0.000000	183.264441	0.000000	13.6
685	-0.055142	183.124509	0.000276	15.2
686	-0.000000	182.984861	0.000000	13.2
687	-0.066564	182.845497	0.000265	12.3
688	-0.000000	182.706416	0.000000	11.4
689	-0.000000	182.567616	0.000000	11.8
690	-0.000000	182.429098	0.000000	12.5
691	-0.003179	182.290859	0.000218	12.6
692	-0.042323	182.152899	0.000147	13.1
693	-0.099675	182.015217	0.000172	12.1
694	-0.106290	181.877813	0.000188	13.9
695	-0.000000	181.740684	0.000000	11.7
696	-0.087533	181.603832	0.000187	12.7
697	-0.000000	181.467253	0.000000	12.6
698	-0.012023	181.330948	0.000054	11.6
699	-0.000000	181.194916	0.000000	11.9
700	-0.000000	181.059155	0.000000	12.0
701	-0.000000	180.923666	0.000000	13.7
702	-0.001377	180.788446	0.000027	12.4
703	-0.000106	180.653496	0.000008	11.9
704	-0.065096	180.518814	0.000215	14.6
705	-0.000053	180.384399	0.000022	12.9
706	-0.000024	180.250251	0.000013	12.0
707	-0.073826	180.116369	0.000187	15.1
708	-0.000751	179.982752	0.000088	12.8
709	-0.062062	179.849398	0.000151	13.7
710	-0.002414	179.716308	0.000046	11.6
711	-0.002517	179.583480	0.000066	14.7
712	-0.081381	179.450913	0.000250	11.2
713	-0.099373	179.318607	0.000205	11.5
714	-0.000011	179.186561	0.000008	14.5
715	-0.000780	179.054774	0.000024	12.5
716	-0.000000	178.923245	0.000000	13.4
717	-0.054359	178.791973	0.000141	11.9
718	-0.070376	178.660958	0.000123	11.5
719	-0.000000	178.530199	0.000000	14.6
720	-0.040752	178.399694	0.000129	12.5
721	-0.000000	178.269444	0.000000	13.1
722	-0.001937	178.139447	0.000051	13.9
723	-0.000910	178.009702	0.000035	12.0
724	-0.044692	177.880209	0.000113	12.1
725	-0.091918	177.750967	0.000186	12.6
726	-0.039115	177.621975	0.000197	12.9
727	-0.000000	177.493232	0.000000	12.1
728	-0.020286	177.364738	0.000113	12.7
729	-0.086389	177.236492	0.000207	11.6
730	-0.089463	177.108492	0.000223	11.9
731	-0.036755	176.980739	0.000106	13.6
732	-0.013655	176.853231	0.000088	12.4
733	-0.075059	176.725968	0.000212	12.8
734	-0.035780	176.598949	0.000211	11.4
735	-0.008758	176.472173	0.000068	12.6
736	-0.000000	176.345639	0.000000	22.5
737	-0.000000	176.219348	0.000000	11.9
738	-0.010700	176.093296	0.000096	12.8
739	-0.056097	175.967486	0.000316	13.3
740	-0.023748	175.841914	0.000116	12.0
741	-0.109763	175.716581	0.000198	14.8
742	-0.000000	175.591486	0.000000	16.7
743	-0.064078	175.466629	0.000241	12.2
744	-0.058410	175.342008	0.000239	12.4
745	-0.000000	175.217622	0.000000	13.1
746	-0.026604	175.093472	0.000197	14.0
747	-0.093085	174.969556	0.000144	13.2
748	-0.052651	174.845873	0.000183	11.6
749	-0.014708	174.722423	0.000110	13.5
750	-0.020424	174.599206	0.000103	12.5
751	-0.000000	174.476220	0.000000	12.5
752	-0.029938	174.353464	0.001248	11.2
753	-0.004229	174.230939	0.000054	11.7
754	-0.002098	174.108643	0.000031	11.7
755	-0.011050	173.986576	0.000092	11.4
756	-0.066990	173.864737	0.000145	11.7
757	-0.000000	173.743124	0.000000	12.3
758	-0.035728	173.621739	0.000257	12.0
759	-0.000000	173.500579	0.000000	13.2
760	-0.002844	173.379645	0.000033	12.1
761	-0.000000	173.258935	0.000000	11.9
762	-0.073637	173.138449	0.000265	12.4
763	-0.000000	173.018186	0.000000	11.9
764	-0.104643	172.898146	0.000226	13.0
765	-0.000627	172.778327	0.000017	14.7
766	-0.004062	172.658730	0.000171	11.6
767	-0.000000	172.539353	0.000000	12.1
768	-0.000000	172.420196	0.000000	13.3
769	-0.000000	172.301258	0.000000	11.7
770	-0.008529	172.182539	0.000112	12.9
771	-0.000000	172.064037	0.000000	11.3
772	-0.109175	171.945753	0.000158	11.5
773	-0.000000	171.827686	0.000000	21.6
774	-0.000033	171.709834	0.000034	11.7
775	-0.000000	171.592198	0.000000	12.2
776	-0.000000	171.474776	0.000000	12.3
777	-0.000000	171.357568	0.000000	12.7
778	-0.024920	171.240574	0.000211	12.6
779	-0.000000	171.123793	0.000000	11.9
780	-0.067697	171.007223	0.000159	12.6
781	-0.000093	170.890865	0.000012	12.1
782	-0.000000	170.774718	0.000000	11.9
783	-0.000073	170.658782	0.000041	12.8
784	-0.078728	170.543055	0.000152	11.9
785	-0.015058	170.427537	0.000085	12.1
786	-0.000000	170.312227	0.000000	12.6
787	-0.084904	170.197125	0.000220	12.7
788	-0.005492	170.082231	0.000080	13.4
789	-0.020968	169.967543	0.000156	12.1
790	-0.037543	169.853061	0.000163	12.5
791	-0.000000	169.738784	0.000000	13.4
792	-0.080191	169.624713	0.000224	13.4
793	-0.000000	169.510845	0.000000	12.9
794	-0.027208	169.397181	0.000128	12.1
795	-0.000000	169.283720	0.000000	12.7
796	-0.000000	169.170462	0.000000	11.7
797	-0.000037	169.057405	0.000030	11.4
798	-0.000000	168.944549	0.000000	14.4
799	-0.000000	168.831895	0.000000	15.3
800	-0.054761	168.719440	0.000215	12.9
801	-0.000000	168.607185	0.000000	12.0
802	-0.019682	168.495129	0.000138	11.4
803	-0.035603	168.383271	0.000233	14.5
804	-0.000000	168.271611	0.000000	12.2
805	-0.000073	168.160148	0.000013	13.5
806	-0.072825	168.048882	0.000242	12.3
807	-0.000456	167.937812	0.000015	11.9
808	-0.091284	167.826938	0.000205	13.1
809	-0.091181	167.716258	0.000178	14.7
810	-0.000000	167.605773	0.000000	12.6
811	-0.082319	167.495482	0.000197	16.1
812	-0.026794	167.385384	0.000117	14.0
813	-0.000000	167.275479	0.000000	11.7
814	-0.000451	167.165766	0.000022	13.7
815	-0.068913	167.056245	0.000215	11.8
816	-0.000000	166.946915	0.000000	13.5
817	-0.000000	166.837776	0.000000	12.0
818	-0.108580	166.728826	0.000169	14.2
819	-0.000000	166.620067	0.000000	12.2
820	-0.038612	166.511496	0.000110	12.0
821	-0.000000	166.403113	0.000000	12.1
822	-0.000000	166.294919	0.000000	12.9
823	-0.001063	166.186912	0.000008	12.8
824	-0.073399	166.079091	0.000255	11.0
825	-0.000000	165.971458	0.000000	12.5
826	-0.000000	165.864009	0.000000	13.1
827	-0.000000	165.756747	0.000000	12.1
828	-0.080061	165.649669	0.000196	15.6
829	-0.000000	165.542775	0.000000	14.5
830	-0.000000	165.436065	0.000000	14.3
831	-0.041310	165.329538	0.000262	12.4
832	-0.041775	165.223194	0.000201	12.4
833	-0.000000	165.117032	0.000000	12.5
834	-0.097450	165.011052	0.000250	13.3
835	-0.062080	164.905253	0.000137	13.0
836	-0.000000	164.799635	0.000000	13.1
837	-0.039679	164.694197	0.000217	11.9
838	-0.106064	164.588939	0.000171	13.0
839	-0.002108	164.483859	0.000070	13.0
840	-0.000000	164.378959	0.000000	13.6
841	-0.067412	164.274237	0.000216	14.5
842	-0.003779	164.169692	0.000111	12.2
843	-0.087874	164.065325	0.000238	11.9
844	-0.084697	163.961135	0.000180	12.7
845	-0.011744	163.857120	0.000114	12.8
846	-0.067305	163.753282	0.000265	13.0
847	-0.069666	163.649619	0.000162	11.8
848	-0.007151	163.546130	0.000075	13.5
849	-0.080543	163.442816	0.000184	14.1
850	-0.055231	163.339676	0.000160	12.9
851	-0.000000	163.236709	0.000000	14.1
852	-0.106519	163.133915	0.000221	14.8
853	-0.000000	163.031294	0.000000	12.1
854	-0.000000	162.928844	0.000000	14.0
855	-0.000000	162.826566	0.000000	15.8
856	-0.000000	162.724459	0.000000	13.4
857	-0.000000	162.622523	0.000000	12.1
858	-0.000000	162.520757	0.000000	16.8
859	-0.000000	162.419160	0.000000	11.2
860	-0.000000	162.317733	0.000000	12.6
861	-0.083494	162.216474	0.000237	13.2
862	-0.000000	162.115383	0.000000	14.7
863	-0.000000	162.014461	0.000000	13.6
864	-0.000072	161.913705	0.000025	17.7
865	-0.000000	161.813117	0.000000	20.7
866	-0.000000	161.712695	0.000000	11.8
867	-0.092067	161.612439	0.000138	12.5
868	-0.074041	161.512349	0.000160	13.8
869	-0.065177	161.412424	0.000159	11.1
870	-0.000000	161.312663	0.000000	13.6
871	-0.000000	161.213067	0.000000	19.7
872	-0.032598	161.113635	0.000206	11.6
873	-0.094583	161.014366	0.000192	13.1
874	-0.071418	160.915260	0.000177	11.6
875	-0.000000	160.816316	0.000000	13.3
876	-0.004075	160.717535	0.000041	11.4
877	-0.000001	160.618915	0.000001	11.7
878	-0.000146	160.520456	0.000031	14.0
879	-0.000000	160.422158	0.000000	11.9
880	-0.056049	160.324021	0.000130	13.7
881	-0.000708	160.226043	0.000035	13.5
882	-0.064670	160.128225	0.000252	11.9
883	-0.000000	160.030566	0.000000	13.1
884	-0.012919	159.933066	0.000082	12.8
885	-0.000000	159.835723	0.000000	15.4
886	-0.000000	159.738539	0.000000	13.1
887	-0.106187	159.641512	0.000157	11.4
888	-0.080490	159.544642	0.000194	11.3
889	-0.000377	159.447929	0.000029	12.5
890	-0.001715	159.351372	0.000015	11.8
891	-0.000000	159.254971	0.000000	12.9
892	-0.000000	159.158725	0.000000	11.1
893	-0.000228	159.062634	0.000004	11.7
894	-0.069236	158.966697	0.000141	13.6
895	-0.000000	158.870915	0.000000	12.6
896	-0.020987	158.775286	0.000364	13.3
897	-0.000000	158.679811	0.000000	12.4
898	-0.000000	158.584489	0.000000	12.0
899	-0.000000	158.489319	0.000000	13.4
900	-0.094297	158.394302	0.000211	12.9
901	-0.000000	158.299436	0.000000	13.2
902	-0.075328	158.204721	0.000203	12.8
903	-0.095715	158.110158	0.000148	14.5
904	-0.000000	158.015745	0.000000	12.7
905	-0.047850	157.921482	0.000209	12.5
906	-0.000000	157.827369	0.000000	12.1
907	-0.000645	157.733406	0.000023	13.0
908	-0.000000	157.639591	0.000000	13.1
909	-0.072718	157.545925	0.000186	12.8
910	-0.040118	157.452408	0.000212	11.6
911	-0.044586	157.359038	0.000231	11.4
912	-0.000003	157.265816	0.000003	16.4
913	-0.077872	157.172741	0.000177	14.3
914	-0.034908	157.079813	0.000258	20.0
915	-0.001172	156.987031	0.000031	12.3
916	-0.039445	156.894395	0.000226	12.4
917	-0.067517	156.801904	0.000202	12.5
918	-0.101757	156.709559	0.000175	11.6
919	-0.000000	156.617359	0.000000	12.1
920	-0.000000	156.525304	0.000000	12.9
921	-0.076543	156.433392	0.000214	12.0
922	-0.060148	156.341624	0.000153	13.0
923	-0.000000	156.250000	0.000000	11.2
924	-0.000084	156.158519	0.000006	13.5
925	-0.000000	156.067180	0.000000	12.5
926	-0.000000	155.975984	0.000000	12.2
927	-0.003907	155.884930	0.000046	13.5
928	-0.000000	155.794017	0.000000	11.5
929	-0.041797	155.703246	0.000182	13.4
930	-0.064195	155.612615	0.000157	12.5
931	-0.071328	155.522125	0.000236	13.9
932	-0.000050	155.431775	0.000009	13.1
933	-0.082383	155.341565	0.000240	13.7
934	-0.000000	155.251495	0.000000	12.4
935	-0.030557	155.161563	0.000167	12.9
936	-0.068728	155.071771	0.000170	12.1
937	-0.000519	154.982117	0.000055	15.2
938	-0.079013	154.892601	0.000266	12.7
939	-0.079575	154.803222	0.000157	11.5
940	-0.039623	154.713981	0.000228	10.9
941	-0.000000	154.624878	0.000000	12.3
942	-0.000000	154.535910	0.000000	12.2
943	-0.000000	154.447080	0.000000	14.0
944	-0.000000	154.358385	0.000000	12.6
945	-0.049911	154.269826	0.000147	13.1
946	-0.000000	154.181402	0.000000	11.8
947	-0.001199	154.093114	0.000011	13.6
948	-0.000000	154.004960	0.000000	12.7
949	-0.047017	153.916940	0.000097	23.0
950	-0.000000	153.829054	0.000000	12.0
951	-0.000000	153.741303	0.000000	19.8
952	-0.022546	153.653684	0.000073	11.8
953	-0.017310	153.566198	0.000089	13.3
954	-0.000000	153.478846	0.000000	12.2
955	-0.052642	153.391625	0.000190	13.9
956	-0.000000	153.304537	0.000000	12.2
957	-0.000000	153.217580	0.000000	12.5
958	-0.000000	153.130755	0.000000	13.0
959	-0.085193	153.044061	0.000187	11.9
960	-0.000000	152.957498	0.000000	13.1
961	-0.082246	152.871065	0.000204	12.2
962	-0.001341	152.784762	0.000284	11.6
963	-0.000000	152.698589	0.000000	12.4
964	-0.082833	152.612545	0.000164	12.1
965	-0.028197	152.526631	0.000117	14.2
966	-0.002695	152.440845	0.000115	12.0
967	-0.000000	152.355188	0.000000	12.1
968	-0.071534	152.269660	0.000164	12.9
969	-0.075465	152.184259	0.000288	12.2
970	-0.034741	152.098986	0.000230	13.4
971	-0.000000	152.013840	0.000000	10.9
972	-0.094456	151.928821	0.000188	16.3
973	-0.090301	151.843928	0.000323	11.5
974	-0.079338	151.759163	0.000164	12.6
975	-0.000000	151.674523	0.000000	12.1
976	-0.059182	151.590009	0.000180	11.8
977	-0.082382	151.505620	0.000262	12.2
978	-0.024823	151.421357	0.000068	12.7
979	-0.093805	151.337218	0.000207	12.2
980	-0.003264	151.253204	0.000092	12.1
981	-0.000000	151.169314	0.000000	15.3
982	-0.000000	151.085549	0.000000	11.8
983	-0.000000	151.001907	0.000000	11.7
984	-0.016708	150.918388	0.000175	12.6
985	-0.053552	150.834992	0.000200	12.0
986	-0.000000	150.751719	0.000000	15.5
987	-0.078393	150.668569	0.000246	22.5
988	-0.091250	150.585541	0.000312	11.8
989	-0.001321	150.502634	0.000051	12.1
990	-0.036514	150.419849	0.000250	13.6
991	-0.000000	150.337186	0.000000	11.7
992	-0.002040	150.254644	0.000055	12.3
993	-0.000000	150.172222	0.000000	13.0
994	-0.044065	150.089921	0.000148	17.0
995	-0.000000	150.007740	0.000000	11.2
996	-0.045453	149.925679	0.000198	12.4
997	-0.000000	149.843737	0.000000	12.4
998	-0.000000	149.761915	0.000000	11.8
999	-0.036501	149.680212	0.000083	12.8
1000	-0.077932	149.598627	0.000215	11.6
1001	-0.000000	149.517161	0.000000	12.4
1002	-0.000681	149.435814	0.000050	13.3
1003	-0.000000	149.354584	0.000000	11.7
1004	-0.000592	149.273472	0.000012	13.7
1005	-0.000000	149.192477	0.000000	14.2
1006	-0.039991	149.111599	0.000162	11.5
1007	-0.058067	149.030838	0.000231	11.1
1008	-0.048368	148.950194	0.000153	14.0
1009	-0.050718	148.869666	0.000156	11.4
1010	-0.000000	148.789253	0.000000	12.8
1011	-0.079277	148.708957	0.000241	12.6
1012	-0.000000	148.628776	0.000000	10.7
1013	-0.000697	148.548710	0.000035	13.4
1014	-0.085506	148.468759	0.000247	13.7
1015	-0.040367	148.388923	0.000098	12.4
1016	-0.000000	148.309201	0.000000	12.4
1017	-0.103026	148.229594	0.000239	12.4
1018	-0.010588	148.150100	0.000088	12.5
1019	-0.000000	148.070719	0.000000	13.0
1020	-0.001996	147.991452	0.000031	11.8
1021	-0.032692	147.912298	0.000115	13.1
1022	-0.000000	147.833257	0.000000	11.3
1023	-0.006661	147.754329	0.000070	12.0
1024	-0.000015	147.675512	0.000061	19.7
1025	-0.000000	147.596808	0.000000	13.1
1026	-0.102314	147.518216	0.000255	12.9
1027	-0.088496	147.439735	0.000184	13.5
1028	-0.000000	147.361365	0.000000	12.2
1029	-0.045869	147.283106	0.000184	11.8
1030	-0.020029	147.204958	0.000171	12.1
1031	-0.000000	147.126920	0.000000	13.1
1032	-0.000000	147.048993	0.000000	12.5
1033	-0.000000	146.971175	0.000000	11.5
1034	-0.072881	146.893468	0.000156	10.9
1035	-0.000016	146.815869	0.000000	12.6
1036	-0.000000	146.738380	0.000000	12.6
1037	-0.000000	146.661000	0.000000	15.1
1038	-0.000000	146.583729	0.000000	14.6
1039	-0.052784	146.506566	0.000142	14.5
1040	-0.000000	146.429511	0.000000	12.7
1041	-0.095656	146.352565	0.000244	12.0
1042	-0.082507	146.275726	0.000248	12.2
1043	-0.053877	146.198994	0.000160	12.5
1044	-0.064801	146.122370	0.000123	19.4
1045	-0.000000	146.045853	0.000000	11.5
1046	-0.098942	145.969442	0.000252	14.1
1047	-0.000062	145.893139	0.000018	12.7
1048	-0.000000	145.816941	0.000000	14.6
1049	-0.000000	145.740849	0.000000	18.7
1050	-0.000000	145.664863	0.000000	14.5
1051	-0.000000	145.588983	0.000000	14.0
1052	-0.109539	145.513208	0.000415	12.5
1053	-0.000005	145.437538	0.000004	12.0
1054	-0.000000	145.361973	0.000000	17.9
1055	-0.000000	145.286513	0.000000	12.0
1056	-0.000000	145.211157	0.000000	20.5
1057	-0.007288	145.135905	0.000181	12.3
1058	-0.063486	145.060757	0.000273	12.2
1059	-0.000000	144.985712	0.000000	13.2
1060	-0.003520	144.910771	0.000043	13.7
1061	-0.032878	144.835934	0.000202	11.1
1062	-0.000000	144.761199	0.000000	11.5
1063	-0.000012	144.686567	0.000011	13.3
1064	-0.080910	144.612037	0.000127	15.4
1065	-0.050070	144.537610	0.000119	14.1
1066	-0.000000	144.463285	0.000000	15.5
1067	-0.047993	144.389062	0.000135	13.6
1068	-0.000000	144.314940	0.000000	11.8
1069	-0.085624	144.240920	0.000227	12.0
1070	-0.002885	144.167001	0.000071	13.7
1071	-0.000000	144.093182	0.000000	12.1
1072	-0.093851	144.019465	0.000192	11.6
1073	-0.077015	143.945848	0.000238	13.1
1074	-0.000000	143.872331	0.000000	13.9
1075	-0.000000	143.798914	0.000000	12.3
1076	-0.000000	143.725597	0.000000	11.5
1077	-0.087222	143.652380	0.000244	17.1
1078	-0.000000	143.579262	0.000000	11.5
1079	-0.107397	143.506243	0.000252	14.9
1080	-0.024794	143.433323	0.000147	11.7
1081	-0.000000	143.360502	0.000000	11.7
1082	-0.031096	143.287780	0.000092	13.2
1083	-0.000000	143.215155	0.000000	12.1
1084	-0.045503	143.142629	0.000126	13.5
1085	-0.004442	143.070201	0.000047	12.6
1086	-0.071186	142.997870	0.000195	11.6
1087	-0.000931	142.925637	0.000032	12.5
1088	-0.000000	142.853501	0.000000	13.1
1089	-0.090518	142.781462	0.000219	12.3
1090	-0.000000	142.709519	0.000000	11.4
1091	-0.000107	142.637674	0.000026	12.4
1092	-0.000000	142.565924	0.000000	13.9
1093	-0.000000	142.494271	0.000000	13.0
1094	-0.000000	142.422714	0.000000	11.0
1095	-0.009240	142.351252	0.000062	13.5
1096	-0.005525	142.279886	0.000051	14.1
1097	-0.000009	142.208616	0.000008	12.0
1098	-0.019990	142.137440	0.000104	13.1
1099	-0.048335	142.066360	0.000201	11.8
1100	-0.047924	141.995374	0.000219	14.1
1101	-0.000000	141.924483	0.000000	13.3
1102	-0.073590	141.853685	0.000221	13.0
1103	-0.010277	141.782983	0.000110	11.9
1104	-0.112843	141.712373	0.000171	12.1
1105	-0.000000	141.641858	0.000000	13.2
1106	-0.041805	141.571436	0.000234	13.2
1107	-0.000000	141.501108	0.000000	11.2
1108	-0.000000	141.430872	0.000000	12.6
1109	-0.000046	141.360730	0.000000	13.7
1110	-0.022838	141.290680	0.000106	14.0
1111	-0.092110	141.220722	0.000227	12.6
1112	-0.000000	141.150857	0.000000	13.3
1113	-0.000000	141.081084	0.000000	12.5
1114	-0.048743	141.011403	0.000203	14.3
1115	-0.000000	140.941813	0.000000	17.6
1116	-0.000000	140.872315	0.000000	12.4
1117	-0.076510	140.802909	0.000262	13.3
1118	-0.090357	140.733593	0.000237	12.2
1119	-0.001566	140.664369	0.000045	11.1
1120	-0.000000	140.595235	0.000000	17.3
1121	-0.000000	140.526192	0.000000	11.7
1122	-0.000001	140.457239	0.000000	11.5
1123	-0.000000	140.388376	0.000000	13.5
1124	-0.002419	140.319603	0.000206	13.4
1125	-0.107304	140.250920	0.000185	12.2
1126	-0.010816	140.182326	0.000147	14.2
1127	-0.000000	140.113822	0.000000	11.9
1128	-0.000000	140.045407	0.000000	11.3
1129	-0.064714	139.977081	0.000263	12.5
1130	-0.000000	139.908844	0.000000	11.6
1131	-0.000000	139.840696	0.000000	11.9
1132	-0.000000	139.772635	0.000000	12.4
1133	-0.078766	139.704664	0.000164	12.0
1134	-0.000000	139.636780	0.000000	13.5
1135	-0.000000	139.568984	0.000000	13.7
1136	-0.080307	139.501276	0.000218	12.0
1137	-0.000000	139.433655	0.000000	12.2
1138	-0.051094	139.366122	0.000219	13.4
1139	-0.000000	139.298676	0.000000	13.9
1140	-0.082964	139.231317	0.000217	12.9
1141	-0.095952	139.164045	0.000200	12.0
1142	-0.070138	139.096859	0.000190	13.9
1143	-0.111482	139.029760	0.000381	12.5
1144	-0.000000	138.962747	0.000000	12.0
1145	-0.000000	138.895820	0.000000	13.1
1146	-0.097367	138.828978	0.000228	12.0
1147	-0.000000	138.762223	0.000000	14.2
1148	-0.000000	138.695553	0.000000	11.8
1149	-0.021520	138.628969	0.000112	12.2
1150	-0.000000	138.562469	0.000000	13.6
1151	-0.000001	138.496055	0.000002	17.6
1152	-0.094215	138.429725	0.000215	11.9
1153	-0.104147	138.363481	0.000167	14.8
1154	-0.009478	138.297320	0.000069	12.5
1155	-0.089496	138.231244	0.000235	13.4
1156	-0.055758	138.165252	0.000179	14.2
1157	-0.021828	138.099344	0.000112	19.9
1158	-0.000000	138.033520	0.000000	11.6
1159	-0.053603	137.967779	0.000275	12.2
1160	-0.000000	137.902122	0.000000	11.7
1161	-0.000000	137.836548	0.000000	11.8
1162	-0.082354	137.771057	0.000199	12.6
1163	-0.000000	137.705649	0.000000	11.2
1164	-0.014076	137.640324	0.000104	11.5
1165	-0.009121	137.575081	0.000115	12.1
1166	-0.000165	137.509921	0.000009	12.7
1167	-0.000000	137.444842	0.000000	11.8
1168	-0.020883	137.379846	0.000098	13.8
1169	-0.000000	137.314932	0.000000	12.4
1170	-0.072518	137.250100	0.000235	12.9
1171	-0.000000	137.185349	0.000000	12.5
1172	-0.000000	137.120680	0.000000	17.2
1173	-0.000000	137.056092	0.000000	10.5
1174	-0.000000	136.991585	0.000000	14.1
1175	-0.000000	136.927158	0.000000	11.5
1176	-0.036892	136.862813	0.000219	13.1
1177	-0.076297	136.798548	0.000171	14.2
1178	-0.000000	136.734363	0.000000	11.2
1179	-0.087374	136.670259	0.000220	14.4
1180	-0.028886	136.606235	0.000122	10.7
1181	-0.044844	136.542291	0.000166	13.4
1182	-0.034999	136.478426	0.000135	12.5
1183	-0.000924	136.414641	0.000020	11.2
1184	-0.000000	136.350936	0.000000	13.9
1185	-0.000000	136.287310	0.000000	12.6
1186	-0.000000	136.223763	0.000000	12.0
1187	-0.067462	136.160295	0.000298	11.5
1188	-0.054740	136.096905	0.000147	20.0
1189	-0.017879	136.033594	0.000084	14.5
1190	-0.000011	135.970362	0.000008	12.6
1191	-0.000094	135.907208	0.000028	11.5
1192	-0.000000	135.844133	0.000000	12.8
1193	-0.093302	135.781135	0.000225	11.4
1194	-0.008437	135.718215	0.000047	12.4
1195	-0.000000	135.655373	0.000000	11.8
1196	-0.030628	135.592608	0.000111	12.6
1197	-0.000000	135.529921	0.000000	13.4
1198	-0.000000	135.467311	0.000000	11.6
1199	-0.019994	135.404778	0.000108	12.7
1200	-0.057447	135.342322	0.000166	13.4
1201	-0.004842	135.279942	0.000023	13.8
1202	-0.000000	135.217640	0.000000	11.7
1203	-0.000000	135.155413	0.000000	11.9
1204	-0.000000	135.093263	0.000000	17.7
1205	-0.000000	135.031190	0.000000	11.6
1206	-0.077301	134.969192	0.000212	12.4
1207	-0.054348	134.907270	0.000166	17.6
1208	-0.010244	134.845424	0.000153	11.9
1209	-0.000000	134.783653	0.000000	14.2
1210	-0.064451	134.721958	0.000214	10.8
1211	-0.000000	134.660338	0.000000	12.8
1212	-0.083506	134.598793	0.000276	13.6
1213	-0.076187	134.537323	0.000223	14.0
1214	-0.000336	134.475927	0.000006	13.1
1215	-0.083745	134.414607	0.000247	12.7
1216	-0.083691	134.353361	0.000233	13.2
1217	-0.007067	134.292189	0.000066	12.6
1218	-0.000000	134.231092	0.000000	12.6
1219	-0.000000	134.170068	0.000000	12.0
1220	-0.086631	134.109119	0.000202	13.1
1221	-0.000000	134.048243	0.000000	11.9
1222	-0.085441	133.987441	0.000144	11.9
1223	-0.097885	133.926713	0.000218	14.1
1224	-0.063213	133.866057	0.000158	11.5
1225	-0.001020	133.805475	0.000063	11.2
1226	-0.001945	133.744966	0.000058	12.5
1227	-0.000000	133.684530	0.000000	12.1
1228	-0.000000	133.624167	0.000000	12.7
1229	-0.000062	133.563877	0.000006	13.0
1230	-0.067474	133.503658	0.000150	11.8
1231	-0.000000	133.443513	0.000000	12.3
1232	-0.010372	133.383439	0.000067	12.4
1233	-0.060272	133.323437	0.000278	13.1
1234	-0.034893	133.263508	0.000144	16.9
1235	-0.000120	133.203650	0.000028	12.6
1236	-0.000000	133.143864	0.000000	11.6
1237	-0.017516	133.084149	0.000081	11.9
1238	-0.001727	133.024506	0.000023	11.8
1239	-0.043322	132.964934	0.000107	13.1
1240	-0.021310	132.905433	0.000197	13.1
1241	-0.028725	132.846003	0.000130	14.4
1242	-0.000000	132.786643	0.000000	14.1
1243	-0.000009	132.727355	0.000009	11.4
1244	-0.002766	132.668137	0.000342	13.0
1245	-0.038195	132.608989	0.000078	14.8
1246	-0.029534	132.549912	0.000172	11.9
1247	-0.006989	132.490904	0.000053	14.2
1248	-0.041757	132.431967	0.000152	11.8
1249	-0.000000	132.373100	0.000000	11.1
1250	-0.052296	132.314302	0.000210	11.9
1251	-0.022134	132.255574	0.000405	12.7
1252	-0.000000	132.196916	0.000000	12.9
1253	-0.060808	132.138326	0.000168	12.5
1254	-0.051542	132.079806	0.000233	13.7
1255	-0.001420	132.021355	0.000027	13.2
1256	-0.000000	131.962973	0.000000	11.4
1257	-0.000000	131.904660	0.000000	12.8
1258	-0.045595	131.846415	0.000167	11.3
1259	-0.062027	131.788239	0.000147	13.8
1260	-0.090844	131.730131	0.000167	17.6
1261	-0.000021	131.672092	0.000007	11.1
1262	-0.032563	131.614121	0.000143	12.5
1263	-0.080955	131.556217	0.000231	13.9
1264	-0.000008	131.498382	0.000007	12.1
1265	-0.000000	131.440614	0.000000	12.0
1266	-0.081581	131.382914	0.000238	13.8
1267	-0.000000	131.325282	0.000000	12.1
1268	-0.001369	131.267717	0.000041	12.5
1269	-0.084536	131.210219	0.000182	12.0
1270	-0.063351	131.152788	0.000118	11.1
1271	-0.024070	131.095424	0.000055	12.8
1272	-0.000000	131.038127	0.000000	12.5
1273	-0.000000	130.980897	0.000000	13.4
1274	-0.029008	130.923733	0.000069	12.7
1275	-0.087380	130.866636	0.000226	14.0
1276	-0.000000	130.809605	0.000000	10.7
1277	-0.000000	130.752641	0.000000	13.0
1278	-0.015066	130.695742	0.000109	12.9
1279	-0.000000	130.638910	0.000000	12.1
1280	-0.092307	130.582143	0.000249	11.3
1281	-0.094302	130.525442	0.000195	13.2
1282	-0.010276	130.468807	0.000075	13.2
1283	-0.078142	130.412237	0.000182	13.5
1284	-0.000000	130.355733	0.000000	12.3
1285	-0.000000	130.299294	0.000000	14.8
1286	-0.046289	130.242920	0.000234	12.0
1287	-0.096715	130.186611	0.000352	12.5
1288	-0.000000	130.130366	0.000000	13.7
1289	-0.009839	130.074187	0.000120	12.4
1290	-0.000000	130.018072	0.000000	12.8
1291	-0.003691	129.962022	0.000073	12.9
1292	-0.000583	129.906036	0.000007	12.7
1293	-0.000000	129.850114	0.000000	10.9
1294	-0.002906	129.794257	0.000045	14.3
1295	-0.000270	129.738463	0.000391	12.7
1296	-0.066277	129.682734	0.000168	18.2
1297	-0.000000	129.627068	0.000000	21.2
1298	-0.013657	129.571466	0.000131	12.9
1299	-0.083123	129.515927	0.000176	11.4
1300	-0.000000	129.460452	0.000000	12.8
1301	-0.000667	129.405040	0.000060	11.4
1302	-0.091454	129.349692	0.000424	12.8
1303	-0.002084	129.294406	0.000021	13.2
1304	-0.091052	129.239183	0.000233	13.1
1305	-0.002515	129.184024	0.000015	11.7
1306	-0.000000	129.128927	0.000000	14.0
1307	-0.000000	129.073892	0.000000	13.5
1308	-0.095016	129.018921	0.000168	12.4
1309	-0.054442	128.964011	0.000146	12.3
1310	-0.000000	128.909164	0.000000	15.3
1311	-0.013488	128.854379	0.000084	12.2
1312	-0.000000	128.799656	0.000000	12.0
1313	-0.000000	128.744995	0.000000	17.3
1314	-0.000000	128.690396	0.000000	11.7
1315	-0.025411	128.635858	0.000159	11.9
1316	-0.005214	128.581382	0.000048	12.2
1317	-0.095100	128.526968	0.000260	13.2
1318	-0.113227	128.472615	0.000184	14.5
1319	-0.000000	128.418323	0.000000	11.5
1320	-0.045170	128.364092	0.000247	13.2
1321	-0.086288	128.309922	0.000193	11.2
1322	-0.000000	128.255814	0.000000	12.7
1323	-0.009838	128.201766	0.000145	12.0
1324	-0.000000	128.147778	0.000000	10.9
1325	-0.091601	128.093852	0.000213	13.4
1326	-0.072383	128.039985	0.000243	11.6
1327	-0.000035	127.986180	0.000008	13.3
1328	-0.041558	127.932434	0.000261	14.0
1329	-0.047240	127.878749	0.000148	12.3
1330	-0.002020	127.825123	0.000044	13.3
1331	-0.000000	127.771558	0.000000	12.2
1332	-0.000000	127.718052	0.000000	12.0
1333	-0.000000	127.664606	0.000000	19.5
1334	-0.011861	127.611220	0.000081	11.4
1335	-0.058765	127.557893	0.000151	12.3
1336	-0.083050	127.504625	0.000178	12.9
1337	-0.000000	127.451417	0.000000	12.2
1338	-0.000004	127.398268	0.000009	12.0
1339	-0.058448	127.345178	0.000169	12.9
1340	-0.000000	127.292147	0.000000	13.6
1341	-0.050052	127.239175	0.000163	12.5
1342	-0.031203	127.186261	0.000091	12.7
1343	-0.087826	127.133407	0.000178	13.0
1344	-0.000000	127.080610	0.000000	12.6
1345	-0.051451	127.027872	0.000246	12.8
1346	-0.000184	126.975193	0.000001	13.0
1347	-0.101440	126.922572	0.000240	14.3
1348	-0.041739	126.870008	0.000113	11.9
1349	-0.004677	126.817503	0.000069	12.0
1350	-0.081402	126.765056	0.000132	11.9
1351	-0.010267	126.712667	0.000165	11.7
1352	-0.101825	126.660335	0.000297	13.4
1353	-0.075394	126.608061	0.000182	11.4
1354	-0.003829	126.555844	0.000087	13.4
1355	-0.000000	126.503685	0.000000	11.1
1356	-0.000000	126.451583	0.000000	12.9
1357	-0.088862	126.399538	0.000197	12.2
1358	-0.000000	126.347550	0.000000	13.8
1359	-0.047829	126.295619	0.000240	10.6
1360	-0.076050	126.243745	0.000284	13.2
1361	-0.000000	126.191928	0.000000	12.8
1362	-0.000000	126.140168	0.000000	12.1
1363	-0.101173	126.088464	0.000233	11.6
1364	-0.083802	126.036817	0.000229	12.5
1365	-0.000000	125.985226	0.000000	12.7
1366	-0.000837	125.933691	0.000036	11.9
1367	-0.001535	125.882212	0.000044	12.3
1368	-0.000000	125.830790	0.000000	19.7
1369	-0.062181	125.779423	0.000180	13.0
1370	-0.000000	125.728113	0.000000	12.8
1371	-0.000771	125.676858	0.000018	12.0
1372	-0.048930	125.625659	0.000213	13.3
1373	-0.000805	125.574515	0.000075	12.6
1374	-0.027957	125.523427	0.000207	12.4
1375	-0.002269	125.472394	0.000094	12.5
1376	-0.072364	125.421417	0.000163	12.3
1377	-0.023126	125.370495	0.000137	11.6
1378	-0.075423	125.319628	0.000207	12.1
1379	-0.000000	125.268815	0.000000	11.1
1380	-0.045584	125.218058	0.000122	11.7
1381	-0.001904	125.167356	0.000070	12.9
1382	-0.024875	125.116708	0.000115	11.3
1383	-0.078574	125.066115	0.000152	12.3
1384	-0.000000	125.015576	0.000000	13.2
1385	-0.000000	124.965092	0.000000	11.9
1386	-0.083808	124.914662	0.000179	15.2
1387	-0.020221	124.864287	0.000088	11.5
1388	-0.013696	124.813965	0.000113	16.0
1389	-0.000764	124.763698	0.000031	11.8
1390	-0.000159	124.713485	0.000058	11.3
1391	-0.076271	124.663325	0.000227	12.8
1392	-0.000000	124.613219	0.000000	13.3
1393	-0.019013	124.563167	0.000113	12.8
1394	-0.000000	124.513168	0.000000	11.9
1395	-0.059557	124.463223	0.000203	13.2
1396	-0.000000	124.413332	0.000000	11.3
1397	-0.000000	124.363493	0.000000	11.5
1398	-0.071936	124.313708	0.000193	12.4
1399	-0.000708	124.263976	0.000064	10.9
1400	-0.000000	124.214297	0.000000	10.6
1401	-0.002041	124.164671	0.000020	13.9
1402	-0.090321	124.115097	0.000219	11.5
1403	-0.000158	124.065577	0.000004	13.7
1404	-0.000000	124.016109	0.000000	14.0
1405	-0.000000	123.966693	0.000000	21.9
1406	-0.009162	123.917330	0.000100	12.5
1407	-0.083515	123.868020	0.000150	13.1
1408	-0.002787	123.818762	0.000041	12.8
1409	-0.088461	123.769556	0.000209	12.0
1410	-0.000000	123.720402	0.000000	11.9
1411	-0.071002	123.671300	0.000260	13.8
1412	-0.049702	123.622250	0.000188	13.6
1413	-0.000000	123.573252	0.000000	11.6
1414	-0.000000	123.524305	0.000000	11.4
1415	-0.000000	123.475411	0.000000	16.1
1416	-0.000000	123.426568	0.000000	12.0
1417	-0.071721	123.377776	0.000250	13.8
1418	-0.000000	123.329036	0.000000	13.1
1419	-0.054216	123.280347	0.000195	12.3
1420	-0.007333	123.231709	0.000078	12.2
1421	-0.000000	123.183122	0.000000	13.5
1422	-0.000000	123.134587	0.000000	11.9
1423	-0.000000	123.086102	0.000000	12.8
1424	-0.000000	123.037669	0.000000	13.2
1425	-0.008113	122.989286	0.000147	14.8
1426	-0.085589	122.940954	0.000169	11.4
1427	-0.021827	122.892672	0.000119	12.7
1428	-0.000000	122.844441	0.000000	12.7
1429	-0.000000	122.796261	0.000000	12.9
1430	-0.000000	122.748130	0.000000	11.8
1431	-0.000000	122.700050	0.000000	14.2
1432	-0.081882	122.652021	0.000264	12.1
1433	-0.000000	122.604041	0.000000	11.3
1434	-0.000000	122.556111	0.000000	13.4
1435	-0.067231	122.508232	0.000164	13.9
1436	-0.000045	122.460402	0.000028	13.5
1437	-0.009491	122.412622	0.000397	13.2
1438	-0.000000	122.364891	0.000000	14.4
1439	-0.033351	122.317210	0.000251	11.5
1440	-0.000000	122.269579	0.000000	11.6
1441	-0.001553	122.221997	0.000045	12.7
1442	-0.029997	122.174465	0.000089	11.4
1443	-0.000000	122.126981	0.000000	12.9
1444	-0.095515	122.079547	0.000220	13.0
1445	-0.012477	122.032162	0.000198	12.8
1446	-0.036088	121.984826	0.000109	12.8
1447	-0.040049	121.937539	0.000240	12.7
1448	-0.000000	121.890301	0.000000	12.3
1449	-0.000000	121.843112	0.000000	12.9
1450	-0.000708	121.795971	0.000067	11.1
1451	-0.031221	121.748879	0.000095	12.8
1452	-0.000000	121.701835	0.000000	14.0
1453	-0.021613	121.654840	0.000360	13.5
1454	-0.000000	121.607893	0.000000	11.9
1455	-0.000000	121.560994	0.000000	12.6
1456	-0.000000	121.514144	0.000000	12.7
1457	-0.007334	121.467342	0.000026	12.6
1458	-0.009263	121.420588	0.000113	14.6
1459	-0.040704	121.373882	0.000235	14.7
1460	-0.114894	121.327223	0.000180	19.7
1461	-0.052782	121.280613	0.000132	12.3
1462	-0.000056	121.234050	0.000000	18.0
1463	-0.086224	121.187535	0.000176	13.3
1464	-0.000000	121.141067	0.000000	14.1
1465	-0.080846	121.094647	0.000242	10.8
1466	-0.004778	121.048274	0.000085	12.1
1467	-0.012612	121.001949	0.000088	13.5
1468	-0.051615	120.955671	0.000207	12.2
1469	-0.043212	120.909440	0.000199	11.3
1470	-0.000000	120.863256	0.000000	13.6
1471	-0.000000	120.817119	0.000000	11.2
1472	-0.041527	120.771029	0.000243	12.1
1473	-0.073469	120.724986	0.000150	12.9
1474	-0.000000	120.678990	0.000000	11.4
1475	-0.000000	120.633040	0.000000	13.8
1476	-0.073702	120.587137	0.000179	11.9
1477	-0.020977	120.541281	0.000080	13.1
1478	-0.028052	120.495471	0.000116	12.1
1479	-0.056253	120.449707	0.000210	11.5
1480	-0.000000	120.403990	0.000000	13.1
1481	-0.008927	120.358319	0.000098	13.0
1482	-0.079300	120.312694	0.000278	12.2
1483	-0.000000	120.267115	0.000000	12.2
1484	-0.000000	120.221582	0.000000	15.1
1485	-0.000000	120.176096	0.000000	12.1
1486	-0.000000	120.130655	0.000000	13.3
1487	-0.013093	120.085260	0.000531	12.7
1488	-0.000000	120.039910	0.000000	12.1
1489	-0.112874	119.994606	0.000217	22.2
1490	-0.059811	119.949348	0.000164	13.8
1491	-0.000000	119.904135	0.000000	12.3
1492	-0.072160	119.858968	0.000196	11.5
1493	-0.000000	119.813846	0.000000	11.7
1494	-0.001006	119.768769	0.000061	13.7
1495	-0.063909	119.723738	0.000158	11.9
1496	-0.000000	119.678752	0.000000	13.6
1497	-0.039067	119.633810	0.000251	12.5
1498	-0.000135	119.588914	0.000027	12.7
1499	-0.058273	119.544062	0.000127	12.6
1500	-0.094493	119.499256	0.000208	12.4
1501	-0.024114	119.454494	0.000099	12.2
1502	-0.000000	119.409777	0.000000	14.7
1503	-0.063497	119.365104	0.000210	12.4
1504	-0.011899	119.320476	0.000167	14.5
1505	-0.087683	119.275893	0.000220	12.0
1506	-0.000201	119.231353	0.000007	12.8
1507	-0.028320	119.186859	0.000091	11.6
1508	-0.000000	119.142408	0.000000	12.1
1509	-0.000000	119.098002	0.000000	13.2
1510	-0.000000	119.053639	0.000000	11.4
1511	-0.000000	119.009321	0.000000	12.9
1512	-0.005009	118.965047	0.000062	12.2
1513	-0.000000	118.920816	0.000000	13.5
1514	-0.000034	118.876630	0.000021	12.7
1515	-0.058827	118.832487	0.000176	14.0
1516	-0.000000	118.788388	0.000000	11.2
1517	-0.000000	118.744332	0.000000	13.2
1518	-0.023194	118.700320	0.000094	12.5
1519	-0.005486	118.656352	0.000074	12.3
1520	-0.000000	118.612427	0.000000	14.3
1521	-0.000000	118.568545	0.000000	10.9
1522	-0.001334	118.524706	0.000069	13.2
1523	-0.000165	118.480911	0.000039	12.6
1524	-0.056549	118.437159	0.000198	11.9
1525	-0.007959	118.393450	0.000033	26.1
1526	-0.000000	118.349784	0.000000	13.5
1527	-0.046966	118.306160	0.000212	12.9
1528	-0.000132	118.262580	0.000013	12.9
1529	-0.065367	118.219042	0.000126	15.6
1530	-0.000000	118.175548	0.000000	13.4
1531	-0.090311	118.132095	0.000168	13.3
1532	-0.000000	118.088686	0.000000	11.8
1533	-0.051257	118.045319	0.000138	11.6
1534	-0.080944	118.001994	0.000229	15.9
1535	-0.000000	117.958712	0.000000	11.9
1536	-0.092470	117.915472	0.000190	12.6
1537	-0.096160	117.872274	0.000163	14.7
1538	-0.022407	117.829118	0.000204	11.6
1539	-0.019672	117.786005	0.000110	12.3
1540	-0.018927	117.742933	0.000128	25.6
1541	-0.000000	117.699904	0.000000	11.4
1542	-0.092901	117.656916	0.000170	15.8
1543	-0.066162	117.613971	0.000196	12.9
1544	-0.028600	117.571067	0.000074	12.7
1545	-0.000000	117.528205	0.000000	10.7
1546	-0.006562	117.485384	0.000094	15.5
1547	-0.100067	117.442605	0.000277	12.6
1548	-0.000000	117.399867	0.000000	13.5
1549	-0.105365	117.357171	0.000197	11.5
1550	-0.006261	117.314517	0.000030	12.0
1551	-0.000000	117.271903	0.000000	13.0
1552	-0.049951	117.229331	0.000109	12.3
1553	-0.000200	117.186800	0.000042	13.6
1554	-0.082869	117.144311	0.000235	12.6
1555	-0.000000	117.101862	0.000000	11.8
1556	-0.000000	117.059454	0.000000	11.2
1557	-0.000154	117.017087	0.000001	12.3
1558	-0.000048	116.974762	0.000002	13.5
1559	-0.056843	116.932476	0.000253	11.3
1560	-0.005306	116.890232	0.000052	11.9
1561	-0.000000	116.848028	0.000000	13.1
1562	-0.000000	116.805865	0.000000	11.5
1563	-0.000000	116.763743	0.000000	13.9
1564	-0.048245	116.721661	0.000155	11.8
1565	-0.000000	116.679619	0.000000	11.7
1566	-0.082786	116.637618	0.000251	14.2
1567	-0.003484	116.595657	0.000088	12.9
1568	-0.000933	116.553736	0.000024	16.0
1569	-0.000294	116.511855	0.000013	12.7
1570	-0.056545	116.470015	0.000208	12.8
1571	-0.031269	116.428214	0.000138	11.9
1572	-0.005415	116.386454	0.000082	12.7
1573	-0.045886	116.344733	0.000186	12.1
1574	-0.000000	116.303052	0.000000	13.5
1575	-0.000000	116.261412	0.000000	11.2
1576	-0.000000	116.219810	0.000000	12.2
1577	-0.008296	116.178249	0.000066	12.9
1578	-0.088938	116.136727	0.000208	12.9
1579	-0.019131	116.095245	0.000080	12.0
1580	-0.114719	116.053802	0.000191	12.6
1581	-0.080071	116.012398	0.000147	12.7
1582	-0.048421	115.971034	0.000177	11.0
1583	-0.000000	115.929710	0.000000	12.8
1584	-0.000000	115.888424	0.000000	12.6
1585	-0.000000	115.847178	0.000000	13.4
1586	-0.076500	115.805970	0.000212	11.8
1587	-0.000000	115.764802	0.000000	12.0
1588	-0.034816	115.723673	0.000172	15.9
1589	-0.019371	115.682583	0.000036	12.1
1590	-0.000000	115.641532	0.000000	13.5
1591	-0.000000	115.600519	0.000000	11.9
1592	-0.031767	115.559546	0.000089	13.6
1593	-0.057737	115.518610	0.000238	12.4
1594	-0.001910	115.477714	0.000068	12.1
1595	-0.018358	115.436856	0.000074	11.4
1596	-0.001362	115.396037	0.000068	11.8
1597	-0.098917	115.355256	0.000178	11.5
1598	-0.081708	115.314514	0.000244	11.5
1599	-0.000042	115.273810	0.000000	22.1
1600	-0.025706	115.233144	0.000135	12.2
1601	-0.074684	115.192517	0.000152	13.0
1602	-0.098174	115.151927	0.000188	12.9
1603	-0.000000	115.111376	0.000000	11.4
1604	-0.000000	115.070863	0.000000	11.9
1605	-0.086951	115.030388	0.000197	12.7
1606	-0.048854	114.989951	0.000133	12.0
1607	-0.000620	114.949551	0.000034	12.9
1608	-0.000000	114.909190	0.000000	11.3
1609	-0.049863	114.868866	0.000237	12.3
1610	-0.043682	114.828580	0.000191	12.9
1611	-0.000000	114.788332	0.000000	12.3
1612	-0.000000	114.748121	0.000000	12.9
1613	-0.006383	114.707948	0.000123	13.7
1614	-0.032800	114.667812	0.000134	11.3
1615	-0.028845	114.627714	0.000122	12.6
1616	-0.014237	114.587653	0.000045	12.7
1617	-0.011397	114.547629	0.000140	12.4
1618	-0.060750	114.507643	0.000164	13.4
1619	-0.036859	114.467693	0.000247	11.4
1620	-0.040426	114.427781	0.000103	12.2
1621	-0.002343	114.387907	0.000067	13.3
1622	-0.090918	114.348069	0.000228	12.7
1623	-0.114507	114.308268	0.000387	12.3
1624	-0.005317	114.268504	0.000049	12.6
1625	-0.025495	114.228777	0.000193	11.3
1626	-0.076362	114.189086	0.000164	12.3
1627	-0.084951	114.149433	0.000208	12.3
1628	-0.005190	114.109816	0.000077	13.6
1629	-0.053174	114.070235	0.000260	11.5
1630	-0.039509	114.030692	0.000107	12.6
1631	-0.015011	113.991185	0.000167	12.1
1632	-0.094159	113.951714	0.000220	12.4
1633	-0.048848	113.912280	0.000158	14.3
1634	-0.000000	113.872882	0.000000	12.0
1635	-0.000000	113.833521	0.000000	11.7
1636	-0.075695	113.794195	0.000153	13.3
1637	-0.000000	113.754906	0.000000	11.7
1638	-0.000728	113.715653	0.000017	13.6
1639	-0.013800	113.676437	0.000116	11.4
1640	-0.083205	113.637256	0.000218	12.1
1641	-0.090627	113.598111	0.000219	11.8
1642	-0.014983	113.559002	0.000072	12.8
1643	-0.001995	113.519929	0.000163	12.3
1644	-0.026289	113.480892	0.000067	12.6
1645	-0.003861	113.441891	0.000074	11.4
1646	-0.000000	113.402925	0.000000	13.3
1647	-0.001163	113.363995	0.000011	12.9
1648	-0.019237	113.325101	0.000096	12.7
1649	-0.016664	113.286242	0.000084	12.4
1650	-0.039305	113.247419	0.000259	11.6
1651	-0.000000	113.208631	0.000000	13.3
1652	-0.043232	113.169879	0.000097	12.3
1653	-0.000000	113.131162	0.000000	11.9
1654	-0.000000	113.092480	0.000000	12.5
1655	-0.057639	113.053833	0.000207	11.5
1656	-0.006441	113.015222	0.000051	12.4
1657	-0.000000	112.976646	0.000000	15.0
1658	-0.080500	112.938105	0.000171	12.5
1659	-0.000017	112.899599	0.000002	11.3
1660	-0.001168	112.861128	0.000015	12.7
1661	-0.021074	112.822692	0.000103	13.0
1662	-0.000000	112.784291	0.000000	11.8
1663	-0.101127	112.745924	0.000228	13.4
1664	-0.000000	112.707593	0.000000	16.3
1665	-0.078916	112.669296	0.000192	12.5
1666	-0.090182	112.631034	0.000198	13.6
1667	-0.000000	112.592806	0.000000	11.9
1668	-0.084025	112.554613	0.000224	11.6
1669	-0.000000	112.516455	0.000000	13.8
1670	-0.000000	112.478331	0.000000	13.4
1671	-0.093493	112.440241	0.000229	23.6
1672	-0.044202	112.402186	0.000228	11.4
1673	-0.061292	112.364165	0.000203	12.5
1674	-0.103929	112.326179	0.000178	16.7
1675	-0.004675	112.288227	0.000091	12.3
1676	-0.071976	112.250309	0.000212	15.9
1677	-0.026762	112.212425	0.000110	12.0
1678	-0.000001	112.174575	0.000001	12.6
1679	-0.000000	112.136759	0.000000	12.7
1680	-0.005070	112.098977	0.000044	12.1
1681	-0.006095	112.061229	0.000068	13.3
1682	-0.000000	112.023515	0.000001	10.5
1683	-0.052154	111.985834	0.000261	12.2
1684	-0.092262	111.948188	0.000250	16.3
1685	-0.045456	111.910575	0.000165	11.8
1686	-0.000000	111.872996	0.000000	13.2
1687	-0.008398	111.835450	0.000063	13.8
1688	-0.070564	111.797939	0.000203	11.4
1689	-0.073222	111.760460	0.000137	12.5
1690	-0.092707	111.723015	0.000158	12.4
1691	-0.080047	111.685604	0.000129	12.3
1692	-0.000000	111.648226	0.000000	21.4
1693	-0.000000	111.610881	0.000000	12.3
1694	-0.062725	111.573570	0.000150	12.9
1695	-0.088595	111.536292	0.000230	12.3
1696	-0.000000	111.499047	0.000000	12.8
1697	-0.004336	111.461835	0.000058	12.9
1698	-0.000000	111.424656	0.000000	12.2
1699	-0.091523	111.387510	0.000119	12.7
1700	-0.095243	111.350398	0.000159	13.9
1701	-0.049957	111.313318	0.000292	11.3
1702	-0.000000	111.276271	0.000000	11.8
1703	-0.004551	111.239257	0.000070	13.2
1704	-0.000000	111.202276	0.000000	12.3
1705	-0.079499	111.165328	0.000280	12.8
1706	-0.000000	111.128412	0.000000	11.8
1707	-0.000000	111.091529	0.000000	12.2
1708	-0.000000	111.054679	0.000000	21.1
1709	-0.086006	111.017861	0.000258	11.6
1710	-0.095871	110.981076	0.000281	12.3
1711	-0.000000	110.944323	0.000000	11.7
1712	-0.000000	110.907603	0.000000	11.8
1713	-0.096836	110.870915	0.000217	13.1
1714	-0.068623	110.834259	0.000208	11.4
1715	-0.000000	110.797636	0.000000	12.1
1716	-0.043507	110.761045	0.000158	13.2
1717	-0.064077	110.724486	0.000197	11.7
1718	-0.041056	110.687959	0.000199	12.6
1719	-0.040208	110.651465	0.000102	14.3
1720	-0.000000	110.615002	0.000000	12.8
1721	-0.012803	110.578572	0.000106	13.8
1722	-0.000000	110.542173	0.000000	12.8
1723	-0.000000	110.505807	0.000000	12.4
1724	-0.035911	110.469472	0.000117	12.0
1725	-0.000000	110.433169	0.000000	12.7
1726	-0.000000	110.396898	0.000002	12.7
1727	-0.043995	110.360659	0.000222	12.3
1728	-0.047961	110.324451	0.000145	12.9
1729	-0.083427	110.288276	0.000192	18.8
1730	-0.082718	110.252131	0.000209	10.9
1731	-0.072058	110.216019	0.000149	13.6
1732	-0.004563	110.179937	0.000119	11.7
1733	-0.107231	110.143888	0.000276	11.4
1734	-0.083588	110.107869	0.000202	13.5
1735	-0.000000	110.071882	0.000000	12.8
1736	-0.036721	110.035927	0.000233	13.2
1737	-0.110775	110.000003	0.000160	10.9
1738	-0.011195	109.964110	0.000052	11.9
1739	-0.003249	109.928248	0.000070	12.2
1740	-0.093904	109.892417	0.000175	11.7
1741	-0.052266	109.856618	0.000134	15.1
1742	-0.046201	109.820850	0.000165	11.6
1743	-0.068712	109.785112	0.000219	11.7
1744	-0.001366	109.749406	0.000046	12.8
1745	-0.000000	109.713730	0.000000	10.2
1746	-0.000000	109.678086	0.000000	12.8
1747	-0.000000	109.642472	0.000000	11.6
1748	-0.000140	109.606890	0.000013	12.7
1749	-0.031923	109.571337	0.000117	11.5
1750	-0.000681	109.535816	0.000014	14.0
1751	-0.006301	109.500326	0.000065	11.9
1752	-0.050829	109.464866	0.000309	13.3
1753	-0.000000	109.429436	0.000000	13.4
1754	-0.000000	109.394038	0.000000	12.5
1755	-0.089001	109.358669	0.000250	11.9
1756	-0.000000	109.323331	0.000000	15.2
1757	-0.012615	109.288024	0.000086	12.7
1758	-0.079427	109.252747	0.000195	12.1
1759	-0.000000	109.217501	0.000000	12.5
1760	-0.076273	109.182284	0.000192	12.8
1761	-0.000000	109.147098	0.000000	12.1
1762	-0.070804	109.111942	0.000209	13.3
1763	-0.122933	109.076817	0.000244	11.5
1764	-0.000000	109.041721	0.000000	13.9
1765	-0.084740	109.006656	0.000178	14.6
1766	-0.006521	108.971620	0.000102	12.3
1767	-0.000000	108.936615	0.000000	14.2
1768	-0.000000	108.901640	0.000000	11.0
1769	-0.048270	108.866694	0.000215	13.0
1770	-0.000000	108.831779	0.000000	13.5
1771	-0.025906	108.796893	0.000459	12.2
1772	-0.023102	108.762037	0.000275	13.2
1773	-0.000000	108.727211	0.000000	12.1
1774	-0.000013	108.692415	0.000011	13.3
1775	-0.000000	108.657648	0.000000	12.1
1776	-0.046979	108.622911	0.000188	12.7
1777	-0.000000	108.588203	0.000000	12.8
1778	-0.000000	108.553525	0.000000	11.6
1779	-0.000000	108.518877	0.000000	13.1
1780	-0.004495	108.484258	0.000043	20.9
1781	-0.001401	108.449668	0.000060	11.1
1782	-0.053756	108.415108	0.000305	12.3
1783	-0.001170	108.380578	0.000043	13.4
1784	-0.076974	108.346076	0.000202	12.2
1785	-0.000000	108.311604	0.000000	12.9
1786	-0.011693	108.277161	0.000090	11.6
1787	-0.025158	108.242747	0.000182	12.4
1788	-0.000000	108.208363	0.000000	12.6
1789	-0.063799	108.174007	0.000177	12.8
1790	-0.000000	108.139681	0.000000	12.4
1791	-0.035012	108.105383	0.000259	12.3
1792	-0.000000	108.071115	0.000000	12.3
1793	-0.050855	108.036875	0.000149	12.5
1794	-0.048919	108.002665	0.000160	25.6
1795	-0.012577	107.968483	0.000075	13.4
1796	-0.000000	107.934330	0.000000	13.6
1797	-0.000000	107.900206	0.000000	11.8
1798	-0.116711	107.866111	0.000207	12.2
1799	-0.085819	107.832044	0.000224	12.1
1800	-0.034078	107.798007	0.000093	12.5
1801	-0.000000	107.763997	0.000000	11.2
1802	-0.000000	107.730017	0.000000	12.0
1803	-0.030524	107.696065	0.000169	12.8
1804	-0.000000	107.662141	0.000000	12.4
1805	-0.009065	107.628246	0.000077	10.5
1806	-0.053647	107.594379	0.000296	11.8
1807	-0.005267	107.560541	0.000090	15.6
1808	-0.092089	107.526731	0.000217	12.2
1809	-0.000000	107.492949	0.000000	14.3
1810	-0.000031	107.459196	0.000016	11.5
1811	-0.000000	107.425471	0.000000	11.7
1812	-0.000000	107.391774	0.000000	13.1
1813	-0.000000	107.358106	0.000000	12.1
1814	-0.069584	107.324465	0.000258	23.7
1815	-0.000001	107.290853	0.000000	12.5
1816	-0.077035	107.257268	0.000173	12.6
1817	-0.000000	107.223712	0.000000	13.2
1818	-0.084695	107.190184	0.000251	16.9
1819	-0.000547	107.156683	0.000033	11.3
1820	-0.095579	107.123211	0.000209	13.8
1821	-0.036295	107.089766	0.000135	11.7
1822	-0.032665	107.056349	0.000091	13.9
1823	-0.000000	107.022960	0.000000	12.6
1824	-0.001873	106.989599	0.000030	12.6
1825	-0.000000	106.956265	0.000000	12.7
1826	-0.062531	106.922960	0.000272	11.8
1827	-0.031976	106.889681	0.000175	12.1
1828	-0.002755	106.856431	0.000194	12.1
1829	-0.009280	106.823208	0.000116	12.6
1830	-0.071680	106.790012	0.000275	13.2
1831	-0.036011	106.756844	0.000257	12.7
1832	-0.070225	106.723703	0.000172	11.8
1833	-0.054327	106.690590	0.000119	12.8
1834	-0.004040	106.657505	0.000024	13.0
1835	-0.011790	106.624446	0.000671	12.4
1836	-0.000000	106.591415	0.000000	12.7
1837	-0.030888	106.558411	0.000225	16.9
1838	-0.000000	106.525435	0.000000	12.3
1839	-0.000000	106.492485	0.000000	12.8
1840	-0.004641	106.459563	0.000070	12.3
1841	-0.047194	106.426668	0.000243	13.3
1842	-0.016948	106.393800	0.000124	11.7
1843	-0.041120	106.360959	0.000132	12.5
1844	-0.059306	106.328145	0.000180	13.2
1845	-0.004184	106.295358	0.000122	12.3
1846	-0.013666	106.262598	0.000089	11.9
1847	-0.076408	106.229865	0.000214	13.2
1848	-0.000000	106.197158	0.000000	12.4
1849	-0.000000	106.164479	0.000000	11.9
1850	-0.003307	106.131826	0.000027	14.9
1851	-0.000000	106.099201	0.000000	12.6
1852	-0.098534	106.066602	0.000253	13.2
1853	-0.046525	106.034029	0.000141	12.0
1854	-0.035309	106.001483	0.000194	13.3
1855	-0.059608	105.968964	0.000160	12.9
1856	-0.003378	105.936472	0.000047	11.5
1857	-0.000000	105.904006	0.000000	14.2
1858	-0.100591	105.871566	0.000187	11.9
1859	-0.000000	105.839153	0.000000	13.2
1860	-0.000253	105.806767	0.000035	13.5
1861	-0.000000	105.774407	0.000000	12.1
1862	-0.060010	105.742073	0.000182	13.1
1863	-0.000000	105.709766	0.000000	13.5
1864	-0.000000	105.677485	0.000000	11.5
1865	-0.008846	105.645230	0.000053	12.1
1866	-0.000060	105.613001	0.000009	13.5
1867	-0.000000	105.580799	0.000000	12.3
1868	-0.000000	105.548623	0.000000	13.5
1869	-0.000000	105.516473	0.000000	11.3
1870	-0.018002	105.484349	0.000204	12.6
1871	-0.011259	105.452251	0.000121	11.6
1872	-0.000000	105.420179	0.000000	12.3
1873	-0.013920	105.388133	0.000093	12.5
1874	-0.081309	105.356113	0.000214	11.8
1875	-0.000000	105.324119	0.000000	12.4
1876	-0.000000	105.292151	0.000000	12.5
1877	-0.000000	105.260209	0.000000	13.5
1878	-0.000000	105.228293	0.000000	12.2
1879	-0.000000	105.196402	0.000000	13.4
1880	-0.076922	105.164537	0.000213	12.4
1881	-0.014008	105.132698	0.000705	12.0
1882	-0.078798	105.100885	0.000213	12.5
1883	-0.012488	105.069097	0.000149	13.3
1884	-0.004813	105.037335	0.000093	11.8
1885	-0.102710	105.005598	0.000184	12.4
1886	-0.032144	104.973887	0.000116	12.8
1887	-0.071715	104.942202	0.000149	12.2
1888	-0.000000	104.910542	0.000000	24.4
1889	-0.033241	104.878907	0.000273	11.5
1890	-0.000000	104.847298	0.000000	13.4
1891	-0.016589	104.815715	0.000069	14.0
1892	-0.000000	104.784156	0.000000	11.9
1893	-0.015795	104.752623	0.000135	11.3
1894	-0.000000	104.721116	0.000000	15.9
1895	-0.000000	104.689633	0.000000	11.6
1896	-0.036901	104.658176	0.000236	18.1
1897	-0.094514	104.626744	0.000165	13.2
1898	-0.000006	104.595337	0.000000	13.3
1899	-0.038339	104.563955	0.000193	11.9
1900	-0.071894	104.532599	0.000218	14.7
1901	-0.048407	104.501267	0.000138	12.0
1902	-0.048626	104.469960	0.000109	12.6
1903	-0.062169	104.438679	0.000206	12.5
1904	-0.099422	104.407422	0.000226	13.4
1905	-0.075061	104.376191	0.000156	11.5
1906	-0.017173	104.344984	0.000104	12.9
1907	-0.000000	104.313802	0.000000	12.3
1908	-0.078668	104.282645	0.000326	12.2
1909	-0.000004	104.251513	0.000002	19.2
1910	-0.000000	104.220405	0.000000	11.8
1911	-0.000000	104.189323	0.000000	13.5
1912	-0.000000	104.158265	0.000000	12.7
1913	-0.000000	104.127231	0.000000	13.6
1914	-0.000000	104.096222	0.000000	12.0
1915	-0.000000	104.065238	0.000000	13.3
1916	-0.031405	104.034279	0.000201	12.7
1917	-0.075458	104.003344	0.000165	12.5
1918	-0.000000	103.972433	0.000000	15.2
1919	-0.008914	103.941547	0.000108	11.6
1920	-0.000004	103.910686	0.000003	12.0
1921	-0.000000	103.879849	0.000000	12.2
1922	-0.030487	103.849036	0.000212	13.0
1923	-0.099712	103.818248	0.000143	13.5
1924	-0.011057	103.787484	0.000103	12.9
1925	-0.110780	103.756744	0.000261	11.8
1926	-0.000995	103.726029	0.000062	12.8
1927	-0.000000	103.695338	0.000000	14.1
1928	-0.000000	103.664671	0.000000	11.0
1929	-0.000032	103.634028	0.000003	11.3
1930	-0.030678	103.603409	0.000068	11.6
1931	-0.087857	103.572814	0.000230	13.0
1932	-0.002374	103.542244	0.000031	12.0
1933	-0.000000	103.511698	0.000000	12.6
1934	-0.000000	103.481175	0.000000	12.9
1935	-0.000000	103.450677	0.000000	12.1
1936	-0.040059	103.420202	0.000189	13.0
1937	-0.000000	103.389752	0.000000	15.3
1938	-0.046220	103.359325	0.000261	13.8
1939	-0.000000	103.328922	0.000000	11.6
1940	-0.000765	103.298543	0.000045	13.1
1941	-0.058630	103.268188	0.000175	14.7
1942	-0.083268	103.237857	0.000200	12.1
1943	-0.000000	103.207549	0.000000	10.9
1944	-0.031656	103.177265	0.000226	13.7
1945	-0.000000	103.147005	0.000000	18.9
1946	-0.048679	103.116768	0.000125	11.8
1947	-0.000000	103.086556	0.000000	13.6
1948	-0.000000	103.056366	0.000000	14.2
1949	-0.000000	103.026200	0.000000	13.9
1950	-0.000000	102.996058	0.000000	11.3
1951	-0.015495	102.965939	0.000153	11.5
1952	-0.018356	102.935844	0.000194	13.3
1953	-0.000000	102.905772	0.000000	15.1
1954	-0.000000	102.875724	0.000000	12.4
1955	-0.071976	102.845699	0.000182	11.4
1956	-0.000000	102.815697	0.000000	12.0
1957	-0.043884	102.785719	0.000244	14.0
1958	-0.067349	102.755764	0.000183	11.8
1959	-0.000000	102.725832	0.000000	13.2
1960	-0.062833	102.695924	0.000205	12.5
1961	-0.000000	102.666038	0.000000	15.3
1962	-0.058230	102.636176	0.000189	11.6
1963	-0.016268	102.606337	0.000103	12.5
1964	-0.018598	102.576521	0.000158	12.6
1965	-0.000000	102.546728	0.000000	13.1
1966	-0.033697	102.516959	0.000091	17.7
1967	-0.038766	102.487212	0.000195	17.1
1968	-0.000000	102.457488	0.000000	12.3
1969	-0.000967	102.427788	0.000028	13.2
1970	-0.000243	102.398110	0.000028	10.7
1971	-0.000000	102.368455	0.000000	12.5
1972	-0.090202	102.338823	0.000183	13.0
1973	-0.068452	102.309214	0.000230	11.7
1974	-0.053447	102.279628	0.000135	13.0
1975	-0.010877	102.250064	0.000060	13.0
1976	-0.113832	102.220524	0.000192	11.4
1977	-0.000000	102.191006	0.000000	13.2
1978	-0.000000	102.161511	0.000000	12.3
1979	-0.004436	102.132038	0.000060	12.4
1980	-0.000000	102.102588	0.000000	16.3
1981	-0.064531	102.073161	0.000141	15.6
1982	-0.002268	102.043757	0.000024	13.3
1983	-0.064353	102.014375	0.000237	12.1
1984	-0.000000	101.985015	0.000000	12.3
1985	-0.009998	101.955678	0.000097	13.3
1986	-0.083423	101.926364	0.000234	13.3
1987	-0.004462	101.897072	0.000061	13.7
1988	-0.000000	101.867802	0.000000	10.2
1989	-0.000000	101.838555	0.000000	11.6
1990	-0.003697	101.809330	0.000031	13.0
1991	-0.007939	101.780128	0.000067	12.2
1992	-0.109175	101.750948	0.000299	13.4
1993	-0.003380	101.721790	0.000077	14.6
1994	-0.000000	101.692654	0.000000	12.6
1995	-0.000000	101.663541	0.000000	12.1
1996	-0.105277	101.634450	0.000241	12.2
1997	-0.000000	101.605381	0.000000	12.2
1998	-0.000000	101.576335	0.000000	13.8
1999	-0.004483	101.547310	0.000046	11.3
