1:ItNr	2:Metric	3:StepSize	4:||Gradient||	Time[ms]
0	-0.882145	627.201626	0.006866	600.8
1	-0.205110	623.504937	0.002088	9.1
2	-1.016079	619.865785	0.006758	8.7
3	-0.780922	616.282728	0.006471	8.2
4	-0.000000	612.754375	0.000000	9.7
5	-0.119585	609.279381	0.000848	8.8
6	-0.930533	605.856447	0.005639	11.8
7	-0.000000	602.484317	0.000000	8.7
8	-0.000000	599.161779	0.000000	8.4
9	-0.446927	595.887656	0.005509	10.4
10	-0.001754	592.660813	0.000092	8.3
11	-0.998659	589.480151	0.006204	8.9
12	-0.907187	586.344606	0.005359	10.8
13	-0.000000	583.253145	0.000000	9.7
14	-0.000005	580.204771	0.000004	8.2
15	-0.513890	577.198517	0.004141	10.3
16	-0.830360	574.233444	0.006520	8.9
17	-0.966800	571.308645	0.007778	12.2
18	-0.662259	568.423237	0.003495	8.4
19	-0.583070	565.576365	0.007917	7.1
20	-0.000000	562.767201	0.000000	9.4
21	-0.066308	559.994938	0.002025	7.1
22	-1.023273	557.258797	0.008021	8.7
23	-0.000000	554.558018	0.000000	9.5
24	-0.731852	551.891865	0.004518	8.7
25	-0.790575	549.259621	0.006157	10.6
26	-0.788497	546.660592	0.006119	9.2
27	-0.965859	544.094102	0.008105	9.5
28	-0.000000	541.559494	0.000000	13.4
29	-0.440695	539.056129	0.002430	8.7
30	-0.000000	536.583387	0.000000	8.8
31	-0.404099	534.140663	0.003321	8.8
32	-0.000000	531.727370	0.000000	7.8
33	-0.067151	529.342935	0.001255	9.8
34	-0.150152	526.986802	0.002221	10.0
35	-0.000000	524.658430	0.000000	12.5
36	-0.000000	522.357290	0.000000	10.3
37	-0.000000	520.082868	0.000000	7.7
38	-0.019557	517.834665	0.000318	9.5
39	-0.793229	515.612193	0.005444	10.1
40	-0.594199	513.414976	0.003804	10.1
41	-0.000000	511.242551	0.000000	8.5
42	-0.860229	509.094468	0.004966	9.5
43	-0.916895	506.970285	0.010981	9.0
44	-0.000000	504.869574	0.000000	9.2
45	-0.000000	502.791916	0.000000	7.4
46	-0.000000	500.736903	0.000000	9.3
47	-0.732802	498.704137	0.003859	9.3
48	-0.000000	496.693228	0.000000	8.2
49	-0.000000	494.703798	0.000000	10.2
50	-0.001481	492.735476	0.000047	9.0
51	-0.000000	490.787900	0.000000	8.5
52	-0.916627	488.860718	0.006082	9.0
53	-0.998542	486.953585	0.004032	8.6
54	-0.214858	485.066164	0.001787	10.3
55	-0.075545	483.198126	0.001024	7.5
56	-0.000000	481.349149	0.000000	9.4
57	-0.000120	479.518920	0.000050	9.0
58	-0.527872	477.707132	0.004602	8.4
59	-0.700827	475.913485	0.005423	11.3
60	-0.067147	474.137684	0.000296	8.7
61	-0.995377	472.379445	0.006685	8.7
62	-0.000000	470.638485	0.000000	9.2
63	-0.000000	468.914531	0.000000	7.9
64	-0.382824	467.207315	0.003117	10.5
65	-0.878162	465.516573	0.004929	7.9
66	-0.000000	463.842050	0.000000	9.1
67	-0.968591	462.183494	0.008409	10.1
68	-0.943258	460.540658	0.004000	8.2
69	-0.000000	458.913303	0.000000	11.1
70	-0.000000	457.301192	0.000000	9.4
71	-0.536885	455.704096	0.003273	9.1
72	-0.000000	454.121787	0.000000	8.3
73	-0.492638	452.554045	0.001644	7.9
74	-0.990473	451.000653	0.005455	20.7
75	-1.009280	449.461399	0.004143	16.0
76	-0.000000	447.936075	0.000000	9.4
77	-0.494756	446.424477	0.004648	11.4
78	-0.000000	444.926406	0.000000	9.5
79	-0.271529	443.441666	0.002453	10.1
80	-0.090182	441.970065	0.001479	10.6
81	-0.947445	440.511415	0.006928	9.1
82	-0.923560	439.065533	0.006788	9.9
83	-0.815771	437.632238	0.008633	9.5
84	-0.000000	436.211351	0.000000	9.1
85	-0.017332	434.802701	0.000065	11.7
86	-0.000000	433.406117	0.000000	8.5
87	-0.000000	432.021430	0.000000	8.0
88	-0.000000	430.648479	0.000000	10.2
89	-0.000000	429.287101	0.000000	10.2
90	-0.000000	427.937140	0.000000	8.9
91	-0.000000	426.598440	0.000000	10.3
92	-0.574092	425.270849	0.007915	8.9
93	-0.000000	423.954220	0.000000	8.1
94	-0.826049	422.648404	0.004254	8.4
95	-0.000000	421.353259	0.000000	9.0
96	-0.000000	420.068643	0.000000	11.5
97	-0.000000	418.794419	0.000000	9.2
98	-0.038911	417.530451	0.000615	8.3
99	-0.000000	416.276604	0.000000	9.0
100	-1.053100	415.032748	0.006274	10.1
101	-0.448911	413.798754	0.004409	10.9
102	-0.000000	412.574495	0.000000	8.6
103	-0.130226	411.359849	0.000871	16.4
104	-0.606774	410.154691	0.004485	10.0
105	-0.911793	408.958904	0.005911	10.8
106	-0.874674	407.772368	0.003735	8.3
107	-1.000721	406.594968	0.005169	11.2
108	-0.079329	405.426590	0.000763	10.4
109	-0.029881	404.267122	0.000120	12.5
110	-0.714868	403.116456	0.004525	8.8
111	-0.008760	401.974481	0.000128	8.6
112	-0.000000	400.841093	0.000000	8.5
113	-0.534651	399.716187	0.002906	8.1
114	-0.144552	398.599660	0.001601	9.6
115	-0.000000	397.491411	0.000000	9.2
116	-0.000000	396.391342	0.000000	9.5
117	-0.085464	395.299353	0.001023	7.8
118	-0.844204	394.215350	0.003983	13.4
119	-0.187150	393.139238	0.001814	12.8
120	-0.645298	392.070924	0.003172	8.5
121	-0.382482	391.010316	0.002461	12.1
122	-0.000000	389.957325	0.000000	11.2
123	-0.542192	388.911862	0.002499	14.2
124	-0.855762	387.873839	0.003336	13.0
125	-0.940763	386.843173	0.003436	8.6
126	-0.000000	385.819777	0.000000	12.1
127	-0.303179	384.803569	0.002007	9.6
128	-0.023580	383.794468	0.000252	8.8
129	-0.000000	382.792393	0.000000	11.7
130	-1.031038	381.797264	0.005791	11.6
131	-0.580642	380.809005	0.004743	12.9
132	-0.018608	379.827537	0.000254	14.5
133	-0.018160	378.852786	0.000251	11.5
134	-1.017065	377.884678	0.007447	13.7
135	-1.055704	376.923138	0.005901	11.4
136	-0.000000	375.968095	0.000000	14.2
137	-0.992579	375.019479	0.006285	10.9
138	-0.705051	374.077218	0.004438	12.7
139	-0.323412	373.141244	0.001745	9.1
140	-0.000000	372.211489	0.000000	13.6
141	-0.995134	371.287887	0.005473	13.9
142	-0.929584	370.370370	0.007000	12.7
143	-0.001764	369.458876	0.000289	7.6
144	-0.000003	368.553338	0.000004	20.4
145	-0.000166	367.653696	0.000091	11.2
146	-0.027597	366.759885	0.000486	10.9
147	-0.085506	365.871846	0.000876	9.2
148	-0.000028	364.989518	0.000029	13.7
149	-0.795546	364.112841	0.006013	13.9
150	-0.000000	363.241757	0.000000	10.5
151	-0.242274	362.376208	0.002127	9.8
152	-0.000000	361.516137	0.000000	13.0
153	-0.935700	360.661488	0.007222	14.4
154	-1.067965	359.812206	0.007258	8.7
155	-0.317462	358.968236	0.002435	12.0
156	-0.618123	358.129524	0.004307	14.8
157	-0.456987	357.296018	0.002978	11.0
158	-0.000000	356.467665	0.000000	17.8
159	-1.049353	355.644414	0.005116	14.1
160	-0.947247	354.826213	0.004677	12.6
161	-1.038224	354.013012	0.004969	14.7
162	-0.000000	353.204763	0.000000	13.1
163	-0.000000	352.401415	0.000000	9.4
164	-0.000000	351.602922	0.000000	12.2
165	-0.000000	350.809235	0.000000	11.2
166	-0.020028	350.020308	0.000046	13.0
167	-0.802079	349.236095	0.003788	12.0
168	-0.274676	348.456550	0.001249	10.3
169	-0.000000	347.681627	0.000000	14.0
170	-0.880099	346.911283	0.003499	11.3
171	-1.032766	346.145474	0.004211	9.1
172	-0.250600	345.384157	0.001210	9.6
173	-0.947940	344.627288	0.004782	10.2
174	-1.062319	343.874826	0.006485	9.1
175	-0.000000	343.126729	0.000000	9.7
176	-0.785362	342.382957	0.005079	12.1
177	-0.000000	341.643469	0.000000	16.0
178	-0.555316	340.908224	0.002885	14.1
179	-0.765920	340.177184	0.008016	10.6
180	-0.746797	339.450309	0.003791	9.7
181	-0.002789	338.727561	0.000066	11.2
182	-0.453533	338.008902	0.003282	9.0
183	-0.000000	337.294295	0.000000	10.0
184	-0.954107	336.583703	0.005613	7.6
185	-0.879094	335.877089	0.005152	10.4
186	-0.616590	335.174416	0.007012	9.1
187	-0.667633	334.475651	0.003555	8.6
188	-0.000000	333.780756	0.000000	9.5
189	-0.000000	333.089698	0.000000	14.0
190	-0.000000	332.402443	0.000000	9.2
191	-0.503958	331.718955	0.005558	9.2
192	-1.032451	331.039203	0.004171	10.0
193	-0.000000	330.363153	0.000000	9.1
194	-0.000188	329.690771	0.000160	11.5
195	-0.000000	329.022027	0.000000	15.8
196	-0.830788	328.356888	0.004682	10.3
197	-0.000000	327.695322	0.000000	9.6
198	-0.710740	327.037299	0.006151	9.2
199	-0.000000	326.382787	0.000000	8.7
200	-0.000000	325.731758	0.000000	18.8
201	-0.000000	325.084179	0.000000	11.2
202	-0.039086	324.440023	0.000748	9.4
203	-0.937962	323.799258	0.005114	10.5
204	-0.150502	323.161858	0.002316	10.8
205	-0.000000	322.527792	0.000000	8.3
206	-0.022471	321.897034	0.000385	8.9
207	-0.000000	321.269554	0.000000	8.6
208	-0.000232	320.645325	0.000058	9.9
209	-0.179456	320.024320	0.001472	8.7
210	-0.029572	319.406512	0.001071	8.8
211	-0.987124	318.791875	0.006023	10.3
212	-0.045566	318.180381	0.000652	8.9
213	-0.000000	317.572005	0.000000	9.0
214	-0.629048	316.966721	0.004188	10.3
215	-0.000000	316.364504	0.000000	9.5
216	-0.000000	315.765329	0.000000	10.8
217	-0.000000	315.169170	0.000000	10.2
218	-0.827096	314.576003	0.003782	8.1
219	-0.912450	313.985804	0.004728	24.6
220	-0.769330	313.398548	0.003075	8.2
221	-0.000000	312.814213	0.000000	10.2
222	-0.045365	312.232773	0.000126	8.3
223	-0.073485	311.654207	0.002373	9.3
224	-0.780264	311.078491	0.006495	9.2
225	-0.000000	310.505602	0.000000	8.7
226	-0.000000	309.935518	0.000000	8.7
227	-0.214097	309.368217	0.002592	10.1
228	-0.911146	308.803676	0.004455	10.5
229	-0.000000	308.241874	0.000000	6.9
230	-0.633575	307.682789	0.005895	8.7
231	-0.000000	307.126400	0.000000	8.9
232	-0.000000	306.572687	0.000000	8.5
233	-0.006583	306.021627	0.000440	9.2
234	-0.515278	305.473201	0.002396	10.3
235	-0.000000	304.927388	0.000000	8.4
236	-0.266972	304.384168	0.002603	9.8
237	-0.003330	303.843521	0.000301	8.7
238	-1.022443	303.305427	0.004528	8.9
239	-0.260925	302.769867	0.002311	9.0
240	-0.685598	302.236821	0.004468	11.2
241	-0.000000	301.706270	0.000000	8.5
242	-0.235860	301.178196	0.001528	8.3
243	-0.149608	300.652580	0.000983	9.4
244	-0.997927	300.129402	0.004492	9.1
245	-0.978699	299.608645	0.004839	8.4
246	-0.000000	299.090291	0.000000	8.9
247	-0.683850	298.574321	0.005627	9.6
248	-0.000000	298.060718	0.000000	9.4
249	-1.060289	297.549465	0.005354	10.7
250	-0.853392	297.040543	0.007251	7.1
251	-0.001986	296.533936	0.000122	12.5
252	-0.000000	296.029626	0.000000	10.8
253	-0.329836	295.527597	0.001862	9.7
254	-1.025287	295.027832	0.005298	10.9
255	-0.000000	294.530315	0.000000	11.1
256	-0.000055	294.035028	0.000041	8.2
257	-0.307964	293.541956	0.001921	8.5
258	-0.000000	293.051083	0.000000	8.8
259	-0.881660	292.562393	0.005928	9.9
260	-0.000000	292.075870	0.000000	9.8
261	-0.528895	291.591498	0.004322	8.8
262	-0.000000	291.109263	0.000000	10.0
263	-0.320829	290.629149	0.002197	9.4
264	-0.301569	290.151140	0.003629	8.6
265	-0.973120	289.675222	0.003920	9.7
266	-0.000000	289.201380	0.000000	7.6
267	-0.000000	288.729600	0.000000	8.6
268	-0.000000	288.259866	0.000000	9.3
269	-0.904730	287.792165	0.003961	8.4
270	-0.000000	287.326481	0.000000	10.1
271	-0.000001	286.862802	0.000001	10.1
272	-0.391160	286.401113	0.002629	9.2
273	-0.475067	285.941400	0.002527	8.2
274	-0.000000	285.483649	0.000000	8.1
275	-0.000000	285.027847	0.000000	10.7
276	-0.205859	284.573981	0.001270	11.1
277	-0.021944	284.122037	0.000164	10.4
278	-0.591948	283.672002	0.003767	9.7
279	-0.000000	283.223863	0.000000	8.8
280	-0.990008	282.777607	0.005794	9.9
281	-0.000000	282.333221	0.000000	10.1
282	-0.472452	281.890692	0.003190	10.1
283	-0.000010	281.450008	0.000003	9.9
284	-1.039303	281.011157	0.005886	9.6
285	-0.561232	280.574125	0.003779	7.8
286	-0.010207	280.138901	0.000611	8.4
287	-0.891200	279.705473	0.003725	9.8
288	-0.000000	279.273829	0.000000	9.8
289	-0.000000	278.843956	0.000000	10.3
290	-0.419702	278.415844	0.003172	8.2
291	-0.619426	277.989479	0.002866	9.9
292	-0.000000	277.564851	0.000000	10.5
293	-0.000000	277.141949	0.000000	8.0
294	-0.119053	276.720761	0.001045	10.0
295	-0.049236	276.301275	0.002434	9.3
296	-0.832179	275.883480	0.004769	9.2
297	-0.523212	275.467366	0.002627	10.6
298	-0.007273	275.052922	0.000032	11.1
299	-0.000000	274.640136	0.000000	8.9
300	-0.606019	274.228998	0.006399	8.8
301	-0.026883	273.819497	0.001764	7.7
302	-0.000000	273.411623	0.000000	17.1
303	-0.750620	273.005365	0.003693	14.3
304	-0.000000	272.600712	0.000000	8.7
305	-0.000000	272.197655	0.000000	10.9
306	-0.000000	271.796184	0.000000	10.4
307	-0.000000	271.396287	0.000000	9.3
308	-0.000000	270.997956	0.000000	8.2
309	-0.323010	270.601180	0.002452	9.8
310	-0.000000	270.205949	0.000000	8.9
311	-0.254092	269.812254	0.002703	9.4
312	-1.023033	269.420085	0.004862	9.8
313	-0.000120	269.029432	0.000103	9.3
314	-0.052700	268.640287	0.002133	10.4
315	-0.425683	268.252638	0.002542	10.2
316	-0.000000	267.866478	0.000000	8.3
317	-0.075524	267.481796	0.000547	9.3
318	-0.000000	267.098584	0.000000	9.7
319	-0.000000	266.716833	0.000000	8.7
320	-1.056869	266.336533	0.004497	9.0
321	-0.000000	265.957676	0.000000	7.7
322	-0.000000	265.580253	0.000000	10.2
323	-0.877076	265.204254	0.004276	8.8
324	-0.000000	264.829672	0.000000	9.8
325	-0.170133	264.456497	0.001245	8.0
326	-0.000000	264.084721	0.000000	6.8
327	-0.000000	263.714335	0.000000	10.8
328	-0.545060	263.345332	0.004120	8.3
329	-0.069138	262.977702	0.001665	9.3
330	-0.858164	262.611438	0.003276	9.0
331	-1.069285	262.246531	0.004885	9.3
332	-0.000000	261.882973	0.000000	9.7
333	-0.364416	261.520756	0.002610	9.2
334	-0.414266	261.159871	0.003707	9.9
335	-0.805298	260.800312	0.003362	10.1
336	-0.004488	260.442070	0.000104	8.0
337	-0.662497	260.085137	0.003725	10.1
338	-0.341106	259.729505	0.002065	8.0
339	-0.000000	259.375167	0.000000	9.5
340	-0.000000	259.022116	0.000000	9.2
341	-0.000000	258.670343	0.000000	8.6
342	-0.000000	258.319841	0.000000	20.0
343	-0.927491	257.970602	0.003452	7.8
344	-0.660092	257.622620	0.005470	8.5
345	-0.000000	257.275887	0.000000	8.2
346	-0.496661	256.930396	0.002545	10.7
347	-0.000098	256.586139	0.000078	9.0
348	-1.048516	256.243109	0.004569	9.5
349	-0.355667	255.901300	0.001900	11.6
350	-0.000000	255.560703	0.000000	9.1
351	-0.000000	255.221313	0.000000	9.4
352	-0.971503	254.883122	0.004005	10.2
353	-0.794278	254.546124	0.006287	8.7
354	-0.180860	254.210311	0.000744	8.8
355	-0.709283	253.875677	0.003221	11.1
356	-0.002416	253.542215	0.000151	8.4
357	-0.295919	253.209918	0.003539	9.3
358	-0.000000	252.878781	0.000000	10.4
359	-0.917147	252.548795	0.005541	8.0
360	-0.005159	252.219956	0.001544	10.1
361	-0.573192	251.892255	0.003478	8.7
362	-0.899307	251.565688	0.004289	8.6
363	-0.000009	251.240247	0.000009	10.1
364	-0.000000	250.915926	0.000000	9.4
365	-0.000000	250.592720	0.000000	10.2
366	-0.811581	250.270621	0.006283	9.1
367	-0.234845	249.949624	0.001843	9.3
368	-0.000000	249.629723	0.000000	10.5
369	-0.184396	249.310911	0.001277	11.8
370	-0.000000	248.993182	0.000000	17.7
371	-0.236710	248.676531	0.001286	7.9
372	-0.000000	248.360952	0.000000	9.8
373	-0.000000	248.046438	0.000000	8.1
374	-0.561111	247.732984	0.002549	8.8
375	-0.880080	247.420584	0.004105	10.0
376	-1.044114	247.109233	0.005614	8.0
377	-0.000000	246.798924	0.000000	9.4
378	-0.000000	246.489652	0.000000	8.3
379	-0.000000	246.181412	0.000000	8.5
380	-0.000000	245.874197	0.000000	8.5
381	-0.000000	245.568002	0.000000	10.2
382	-0.000000	245.262822	0.000000	9.8
383	-0.912597	244.958652	0.007241	8.3
384	-0.468580	244.655485	0.003748	9.2
385	-0.000000	244.353317	0.000000	9.4
386	-0.143800	244.052142	0.000992	9.6
387	-0.155439	243.751955	0.001815	20.7
388	-0.971068	243.452750	0.003392	8.8
389	-0.000000	243.154523	0.000000	21.3
390	-0.614435	242.857268	0.003765	11.8
391	-0.935794	242.560980	0.004238	10.1
392	-0.000474	242.265654	0.000125	9.6
393	-0.000000	241.971285	0.000000	8.9
394	-0.000000	241.677868	0.000000	9.8
395	-0.913018	241.385397	0.003110	7.2
396	-0.660683	241.093869	0.006988	8.6
397	-0.478702	240.803278	0.003225	8.9
398	-0.181399	240.513619	0.001675	9.4
399	-0.604616	240.224887	0.005693	9.3
400	-0.000000	239.937077	0.000000	7.2
401	-0.000000	239.650186	0.000000	10.3
402	-0.000000	239.364207	0.000000	9.0
403	-0.097347	239.079136	0.000746	9.5
404	-0.849138	238.794969	0.002818	9.7
405	-0.000000	238.511701	0.000000	8.9
406	-0.000000	238.229327	0.000000	9.2
407	-0.131865	237.947843	0.001179	8.6
408	-0.395353	237.667244	0.001488	10.1
409	-0.000000	237.387526	0.000000	7.5
410	-0.039220	237.108684	0.001515	8.6
411	-0.000000	236.830714	0.000000	11.1
412	-0.332963	236.553610	0.002378	8.3
413	-0.000000	236.277370	0.000000	8.6
414	-0.000000	236.001989	0.000000	10.1
415	-0.000000	235.727461	0.000000	8.3
416	-0.795324	235.453784	0.003302	9.8
417	-0.994759	235.180952	0.004659	9.4
418	-0.583472	234.908962	0.002799	9.3
419	-1.058011	234.637809	0.004327	9.3
420	-0.321266	234.367488	0.003118	8.6
421	-0.001127	234.097997	0.000120	9.0
422	-0.001101	233.829331	0.000136	8.8
423	-0.918866	233.561485	0.004038	8.5
424	-0.000000	233.294456	0.000000	7.3
425	-0.000000	233.028239	0.000000	7.3
426	-1.016786	232.762831	0.006232	9.9
427	-0.000009	232.498228	0.000010	8.6
428	-0.002271	232.234425	0.000096	9.7
429	-0.000000	231.971419	0.000000	9.1
430	-0.857707	231.709205	0.004937	8.6
431	-1.089154	231.447781	0.004809	10.1
432	-0.730947	231.187141	0.005001	8.3
433	-0.000000	230.927283	0.000000	9.4
434	-0.000000	230.668202	0.000000	9.3
435	-0.184607	230.409895	0.001042	7.0
436	-0.000000	230.152358	0.000000	7.7
437	-0.000000	229.895587	0.000000	18.6
438	-0.042439	229.639578	0.000322	8.6
439	-1.116695	229.384329	0.005652	9.4
440	-0.000000	229.129834	0.000000	11.0
441	-1.054025	228.876091	0.006275	8.4
442	-0.484697	228.623096	0.002808	9.2
443	-0.090512	228.370846	0.000969	9.5
444	-0.000000	228.119336	0.000000	10.1
445	-0.000000	227.868563	0.000000	9.1
446	-0.000000	227.618525	0.000000	10.0
447	-0.000000	227.369216	0.000000	8.6
448	-0.941852	227.120635	0.003184	10.5
449	-0.391778	226.872777	0.002026	9.0
450	-0.610259	226.625638	0.002056	9.6
451	-0.200856	226.379217	0.001902	9.2
452	-0.547233	226.133509	0.004750	9.4
453	-0.021740	225.888510	0.000604	10.6
454	-0.588225	225.644218	0.003019	8.1
455	-0.000000	225.400630	0.000000	8.4
456	-0.783187	225.157741	0.004341	8.7
457	-0.170024	224.915549	0.002042	8.9
458	-0.000000	224.674051	0.000000	9.5
459	-0.000000	224.433242	0.000000	8.3
460	-0.000000	224.193121	0.000000	9.7
461	-0.000000	223.953684	0.000000	8.5
462	-0.649911	223.714927	0.004165	8.9
463	-0.000000	223.476848	0.000000	8.9
464	-0.040194	223.239444	0.000172	8.0
465	-0.232703	223.002710	0.002958	19.4
466	-0.029760	222.766645	0.001204	9.5
467	-0.000216	222.531245	0.000018	9.8
468	-0.000000	222.296508	0.000000	8.1
469	-0.082897	222.062429	0.000886	12.0
470	-0.000000	221.829007	0.000000	9.1
471	-0.000000	221.596238	0.000000	8.4
472	-0.993008	221.364119	0.004940	14.4
473	-0.294478	221.132647	0.001160	7.8
474	-0.143097	220.901820	0.000776	8.4
475	-0.885781	220.671634	0.005241	9.1
476	-0.829347	220.442086	0.004532	10.7
477	-0.573664	220.213174	0.003925	9.2
478	-0.000000	219.984895	0.000000	8.5
479	-0.000000	219.757246	0.000000	9.9
480	-0.591972	219.530224	0.002444	9.9
481	-0.007969	219.303826	0.000315	8.4
482	-0.010321	219.078050	0.000180	8.6
483	-0.000000	218.852893	0.000000	9.0
484	-0.000115	218.628352	0.000002	8.6
485	-0.177620	218.404424	0.001564	10.1
486	-0.095723	218.181106	0.001269	7.7
487	-0.824055	217.958397	0.005776	9.4
488	-0.000069	217.736292	0.000055	9.1
489	-0.000000	217.514790	0.000000	9.1
490	-0.000000	217.293888	0.000000	9.5
491	-0.000000	217.073584	0.000000	8.3
492	-0.000000	216.853873	0.000000	8.7
493	-0.794510	216.634755	0.004225	9.0
494	-0.000000	216.416227	0.000000	9.5
495	-0.944068	216.198285	0.003337	8.5
496	-0.000000	215.980927	0.000000	9.1
497	-0.000603	215.764151	0.000003	7.8
498	-0.942601	215.547955	0.003548	8.8
499	-0.472578	215.332335	0.003807	9.7
500	-0.002521	215.117289	0.000116	8.9
501	-0.000034	214.902815	0.000028	9.5
502	-1.019284	214.688911	0.004477	8.0
503	-1.062228	214.475573	0.008041	10.6
504	-0.802314	214.262800	0.004813	9.3
505	-0.797440	214.050588	0.004834	9.6
506	-0.000000	213.838936	0.000000	9.3
507	-0.015493	213.627842	0.000239	7.1
508	-0.112539	213.417302	0.001783	8.0
509	-0.000000	213.207314	0.000000	7.7
510	-0.000639	212.997877	0.000312	10.5
511	-0.877441	212.788987	0.005193	9.5
512	-0.225219	212.580642	0.001720	8.0
513	-0.000000	212.372841	0.000000	8.9
514	-0.645987	212.165581	0.004941	9.8
515	-0.000000	211.958859	0.000000	9.3
516	-0.000000	211.752673	0.000000	8.3
517	-0.965932	211.547021	0.003843	8.3
518	-1.048101	211.341902	0.005579	11.0
519	-0.000000	211.137311	0.000000	8.0
520	-0.033816	210.933248	0.000875	8.2
521	-0.000000	210.729710	0.000000	7.6
522	-0.717224	210.526695	0.003732	8.9
523	-0.098378	210.324200	0.000721	10.4
524	-0.000000	210.122224	0.000000	9.0
525	-0.000000	209.920765	0.000000	9.5
526	-0.000000	209.719820	0.000000	8.8
527	-0.000000	209.519387	0.000000	7.1
528	-0.000000	209.319463	0.000000	9.8
529	-1.002870	209.120048	0.003757	10.8
530	-0.000000	208.921139	0.000000	8.2
531	-0.146142	208.722733	0.001376	9.3
532	-0.573272	208.524829	0.003356	10.3
533	-0.350362	208.327425	0.003441	9.8
534	-0.000000	208.130518	0.000000	7.3
535	-0.927255	207.934107	0.003053	9.7
536	-0.000000	207.738189	0.000000	7.7
537	-0.955605	207.542762	0.003372	8.8
538	-0.990247	207.347825	0.004254	12.5
539	-0.000000	207.153376	0.000000	8.8
540	-0.000000	206.959412	0.000000	9.0
541	-0.000000	206.765932	0.000000	9.8
542	-0.909421	206.572933	0.004371	9.4
543	-0.120178	206.380414	0.001011	8.6
544	-0.552273	206.188373	0.004605	8.9
545	-0.002562	205.996807	0.000142	11.9
546	-0.531534	205.805716	0.004847	8.4
547	-0.944077	205.615096	0.003778	8.5
548	-0.595932	205.424946	0.002434	10.1
549	-0.000000	205.235265	0.000000	8.8
550	-0.000000	205.046050	0.000000	9.1
551	-0.000000	204.857299	0.000000	8.7
552	-0.000000	204.669011	0.000000	8.2
553	-0.299703	204.481184	0.001983	10.5
554	-0.097075	204.293816	0.000717	9.4
555	-0.790332	204.106905	0.003456	8.8
556	-0.000000	203.920449	0.000000	9.9
557	-0.171250	203.734447	0.002240	8.3
558	-1.075925	203.548896	0.005728	8.8
559	-0.958646	203.363795	0.004306	9.7
560	-0.000000	203.179143	0.000000	8.7
561	-0.426965	202.994937	0.002971	9.7
562	-0.980578	202.811176	0.004086	12.1
563	-0.000000	202.627857	0.000000	8.8
564	-0.000000	202.444980	0.000000	9.6
565	-0.593286	202.262543	0.002467	10.3
566	-0.000000	202.080543	0.000000	7.8
567	-0.974471	201.898979	0.004119	9.9
568	-0.000000	201.717849	0.000000	9.4
569	-0.571249	201.537153	0.002658	9.2
570	-0.946769	201.356887	0.004495	9.8
571	-0.000000	201.177050	0.000000	8.4
572	-0.088463	200.997642	0.001153	10.0
573	-0.142167	200.818659	0.001472	9.5
574	-0.873325	200.640100	0.004565	9.8
575	-0.000000	200.461965	0.000000	9.8
576	-0.521955	200.284250	0.002819	8.1
577	-1.074633	200.106955	0.006120	10.9
578	-0.517381	199.930078	0.005336	9.1
579	-0.000000	199.753617	0.000000	8.1
580	-0.807860	199.577571	0.006101	8.9
581	-0.608889	199.401938	0.003609	8.7
582	-0.667377	199.226717	0.003553	7.9
583	-0.806605	199.051905	0.006247	9.8
584	-0.542596	198.877502	0.001396	9.4
585	-0.419671	198.703506	0.002167	15.7
586	-0.049339	198.529916	0.000613	8.0
587	-0.000000	198.356729	0.000000	11.2
588	-1.016646	198.183944	0.003911	8.4
589	-0.000000	198.011560	0.000000	9.7
590	-0.000000	197.839576	0.000000	15.3
591	-0.678184	197.667989	0.002874	9.0
592	-0.381610	197.496798	0.002078	10.1
593	-0.000000	197.326002	0.000000	8.7
594	-0.002780	197.155600	0.000372	9.1
595	-0.633265	196.985589	0.005132	9.0
596	-0.908093	196.815969	0.005322	8.9
597	-0.118045	196.646738	0.001405	9.3
598	-0.000000	196.477894	0.000000	9.4
599	-0.973731	196.309436	0.004040	9.0
600	-0.000000	196.141363	0.000000	8.3
601	-0.004494	195.973673	0.000336	9.2
602	-0.000000	195.806365	0.000000	8.3
603	-0.000458	195.639437	0.000103	8.0
604	-0.012486	195.472888	0.000856	10.4
605	-0.038845	195.306717	0.000738	8.6
606	-0.000000	195.140922	0.000000	9.8
607	-0.000000	194.975501	0.000000	9.7
608	-0.000000	194.810454	0.000000	8.8
609	-0.732998	194.645779	0.002847	10.4
610	-0.000021	194.481475	0.000015	10.8
611	-0.170232	194.317540	0.001437	15.3
612	-0.633272	194.153973	0.002970	9.1
613	-0.006199	193.990773	0.000274	9.7
614	-0.003274	193.827938	0.000010	8.2
615	-0.000000	193.665467	0.000000	8.4
616	-0.900570	193.503358	0.005325	8.2
617	-0.926319	193.341611	0.004626	9.6
618	-0.000000	193.180224	0.000000	11.0
619	-0.001568	193.019196	0.000218	8.3
620	-0.000000	192.858525	0.000000	9.2
621	-0.000000	192.698210	0.000000	10.4
622	-0.000000	192.538251	0.000000	6.9
623	-0.994864	192.378644	0.003939	10.1
624	-0.439134	192.219391	0.002795	9.8
625	-1.099240	192.060488	0.003775	9.2
626	-0.879552	191.901935	0.004025	8.5
627	-0.968277	191.743730	0.004176	8.3
628	-0.572618	191.585873	0.004985	10.4
629	-0.000495	191.428362	0.000233	10.5
630	-0.409749	191.271196	0.002414	9.6
631	-0.967661	191.114374	0.005185	19.9
632	-0.406253	190.957893	0.002425	8.2
633	-1.054364	190.801755	0.003341	8.9
634	-0.759088	190.645956	0.003047	8.9
635	-0.049678	190.490495	0.001403	10.3
636	-1.034984	190.335373	0.005394	10.6
637	-0.000000	190.180587	0.000000	11.0
638	-0.288992	190.026136	0.002595	9.0
639	-0.297011	189.872019	0.001919	10.4
640	-0.709704	189.718235	0.002664	9.4
641	-0.700190	189.564782	0.002342	9.1
642	-0.631428	189.411661	0.003870	7.9
643	-1.065385	189.258868	0.005084	8.7
644	-0.000000	189.106404	0.000000	8.4
645	-0.755707	188.954267	0.003661	9.6
646	-0.259318	188.802456	0.001574	9.1
647	-0.975534	188.650969	0.003157	7.0
648	-0.235469	188.499807	0.001459	8.5
649	-0.962694	188.348967	0.005258	9.0
650	-0.622265	188.198448	0.006239	8.7
651	-0.000000	188.048250	0.000000	9.9
652	-0.326745	187.898371	0.002949	10.1
653	-0.000000	187.748810	0.000000	9.5
654	-0.692030	187.599566	0.002989	8.6
655	-0.000000	187.450638	0.000000	9.1
656	-0.937553	187.302025	0.003732	8.5
657	-0.655727	187.153725	0.004503	8.6
658	-0.524834	187.005739	0.002223	21.5
659	-0.041742	186.858064	0.001791	17.5
660	-0.000000	186.710699	0.000000	7.5
661	-0.000000	186.563645	0.000000	8.7
662	-0.000000	186.416898	0.000000	8.8
663	-0.000000	186.270459	0.000000	9.8
664	-0.837131	186.124326	0.004941	9.5
665	-0.000000	185.978499	0.000000	8.2
666	-0.000000	185.832976	0.000000	10.0
667	-0.000000	185.687756	0.000000	7.7
668	-1.007141	185.542838	0.004081	9.4
669	-0.000000	185.398222	0.000000	9.1
670	-0.549127	185.253906	0.002223	8.7
671	-0.000000	185.109889	0.000000	9.0
672	-0.154167	184.966170	0.001314	10.0
673	-0.894945	184.822748	0.005189	9.1
674	-0.000000	184.679623	0.000000	8.6
675	-0.177115	184.536792	0.001425	9.7
676	-0.582051	184.394256	0.002594	8.7
677	-0.000615	184.252013	0.000327	11.9
678	-0.000000	184.110062	0.000000	17.1
679	-0.000000	183.968403	0.000000	10.0
680	-0.000000	183.827034	0.000000	10.6
681	-1.034252	183.685954	0.004654	8.6
682	-0.000000	183.545163	0.000000	8.8
683	-0.738040	183.404658	0.003848	10.0
684	-0.028046	183.264441	0.001579	8.5
685	-0.027848	183.124509	0.000582	10.1
686	-0.683295	182.984861	0.004877	7.3
687	-0.000230	182.845497	0.000138	9.1
688	-0.542736	182.706416	0.004409	9.8
689	-0.000000	182.567616	0.000000	7.8
690	-0.000000	182.429098	0.000000	10.8
691	-0.000000	182.290859	0.000000	8.2
692	-0.000000	182.152899	0.000000	9.5
693	-0.754895	182.015217	0.003484	9.2
694	-1.044841	181.877813	0.003921	7.7
695	-0.000481	181.740684	0.000097	11.8
696	-0.763278	181.603832	0.002525	8.3
697	-0.295309	181.467253	0.002553	8.6
698	-0.826561	181.330948	0.004316	8.4
699	-0.636112	181.194916	0.003339	8.7
700	-0.000000	181.059155	0.000000	9.5
701	-0.000000	180.923666	0.000000	9.2
702	-0.866178	180.788446	0.003577	10.8
703	-0.098065	180.653496	0.000567	10.4
704	-0.788289	180.518814	0.002760	7.9
705	-0.000000	180.384399	0.000000	10.9
706	-0.445657	180.250251	0.002569	19.0
707	-0.035666	180.116369	0.000461	8.7
708	-0.000000	179.982752	0.000000	8.3
709	-0.869739	179.849398	0.003710	9.7
710	-0.000000	179.716308	0.000000	8.6
711	-0.000000	179.583480	0.000000	7.0
712	-0.000000	179.450913	0.000000	7.2
713	-0.570922	179.318607	0.001430	8.6
714	-0.000000	179.186561	0.000000	9.1
715	-0.000000	179.054774	0.000000	9.9
716	-0.833953	178.923245	0.003598	9.8
717	-1.012733	178.791973	0.003877	11.0
718	-0.000000	178.660958	0.000000	9.4
719	-0.264305	178.530199	0.002507	8.0
720	-0.718517	178.399694	0.003032	9.5
721	-0.988914	178.269444	0.007533	8.3
722	-0.000000	178.139447	0.000000	9.5
723	-0.000000	178.009702	0.000000	8.3
724	-0.280957	177.880209	0.002451	8.4
725	-1.043523	177.750967	0.004129	9.0
726	-0.000000	177.621975	0.000000	9.7
727	-0.000000	177.493232	0.000000	10.2
728	-1.046468	177.364738	0.005290	9.0
729	-0.822022	177.236492	0.003730	9.4
730	-0.891725	177.108492	0.003328	10.5
731	-0.849607	176.980739	0.004106	9.1
732	-0.867553	176.853231	0.002417	17.5
733	-0.000000	176.725968	0.000000	8.9
734	-0.000000	176.598949	0.000000	11.7
735	-0.068963	176.472173	0.001671	8.6
736	-0.354822	176.345639	0.002894	10.4
737	-0.038479	176.219348	0.000543	10.0
738	-0.460621	176.093296	0.003006	9.4
739	-0.557412	175.967486	0.005995	9.5
740	-0.769081	175.841914	0.003625	10.3
741	-0.033077	175.716581	0.001559	9.5
742	-0.240326	175.591486	0.002130	22.6
743	-0.699518	175.466629	0.002568	8.9
744	-0.000000	175.342008	0.000000	8.7
745	-0.200437	175.217622	0.000747	9.0
746	-0.344386	175.093472	0.002887	8.8
747	-0.000000	174.969556	0.000000	10.6
748	-0.271259	174.845873	0.000491	8.3
749	-0.690177	174.722423	0.005948	10.0
750	-0.966964	174.599206	0.003535	12.5
751	-0.000000	174.476220	0.000000	7.5
752	-0.416767	174.353464	0.003153	9.3
753	-0.660574	174.230939	0.003493	8.0
754	-1.029407	174.108643	0.003721	9.2
755	-0.000000	173.986576	0.000000	8.5
756	-0.040865	173.864737	0.000353	8.6
757	-0.000000	173.743124	0.000000	12.5
758	-0.946319	173.621739	0.004719	8.6
759	-0.317298	173.500579	0.002902	8.3
760	-1.064682	173.379645	0.005533	9.8
761	-0.000000	173.258935	0.000000	9.5
762	-0.052832	173.138449	0.001157	9.6
763	-0.000000	173.018186	0.000000	8.8
764	-0.000002	172.898146	0.000003	9.5
765	-0.043084	172.778327	0.000460	10.7
766	-0.117417	172.658730	0.001675	8.0
767	-0.350848	172.539353	0.002559	9.1
768	-0.828596	172.420196	0.003712	8.5
769	-0.000000	172.301258	0.000000	10.8
770	-0.000000	172.182539	0.000000	9.3
771	-0.000000	172.064037	0.000000	8.3
772	-0.029674	171.945753	0.002261	10.2
773	-0.000000	171.827686	0.000000	8.9
774	-0.815144	171.709834	0.005348	8.7
775	-0.268892	171.592198	0.002270	10.2
776	-0.000000	171.474776	0.000000	8.8
777	-1.027749	171.357568	0.005764	10.1
778	-0.000000	171.240574	0.000000	9.4
779	-0.001404	171.123793	0.000159	8.0
780	-0.304171	171.007223	0.002353	13.0
781	-0.000000	170.890865	0.000000	10.4
782	-1.042966	170.774718	0.002690	8.6
783	-0.000000	170.658782	0.000000	10.1
784	-0.000000	170.543055	0.000000	11.1
785	-0.349661	170.427537	0.002887	9.1
786	-0.000000	170.312227	0.000000	8.2
787	-0.000000	170.197125	0.000000	9.4
788	-0.137862	170.082231	0.002822	9.1
789	-0.000000	169.967543	0.000000	9.4
790	-0.405723	169.853061	0.002212	8.3
791	-0.117587	169.738784	0.000766	10.3
792	-0.246454	169.624713	0.000594	9.0
793	-0.179333	169.510845	0.000928	8.0
794	-0.701179	169.397181	0.002801	9.2
795	-0.021270	169.283720	0.000891	8.8
796	-0.236356	169.170462	0.001921	9.1
797	-0.751114	169.057405	0.004861	8.4
798	-0.003798	168.944549	0.000238	8.9
799	-0.160106	168.831895	0.001178	9.7
800	-0.479196	168.719440	0.001880	8.6
801	-0.094540	168.607185	0.000688	9.9
802	-0.968047	168.495129	0.004250	9.8
803	-0.482608	168.383271	0.001682	8.0
804	-0.820335	168.271611	0.003344	9.5
805	-0.104205	168.160148	0.000702	7.3
806	-0.017230	168.048882	0.000311	9.7
807	-0.000000	167.937812	0.000000	8.1
808	-0.321007	167.826938	0.001973	8.0
809	-0.121491	167.716258	0.002137	9.3
810	-0.011393	167.605773	0.000672	7.7
811	-0.093976	167.495482	0.001016	8.9
812	-0.095061	167.385384	0.000571	7.7
813	-0.000000	167.275479	0.000000	10.8
814	-0.001343	167.165766	0.000260	9.6
815	-0.871379	167.056245	0.002690	9.3
816	-0.000000	166.946915	0.000000	10.5
817	-0.331936	166.837776	0.001077	8.4
818	-0.135486	166.728826	0.001157	9.1
819	-0.000000	166.620067	0.000000	14.6
820	-0.000000	166.511496	0.000000	9.5
821	-0.000000	166.403113	0.000000	8.7
822	-0.000000	166.294919	0.000000	9.5
823	-0.210267	166.186912	0.001417	9.9
824	-0.893363	166.079091	0.004729	8.2
825	-0.463293	165.971458	0.002038	10.1
826	-0.014074	165.864009	0.000032	8.4
827	-0.000000	165.756747	0.000000	9.6
828	-0.680429	165.649669	0.002803	9.0
829	-0.000000	165.542775	0.000000	9.1
830	-0.000000	165.436065	0.000000	9.7
831	-0.086359	165.329538	0.001323	10.3
832	-0.000000	165.223194	0.000000	10.2
833	-0.000000	165.117032	0.000000	9.0
834	-0.857128	165.011052	0.003888	8.5
835	-0.990274	164.905253	0.003059	9.2
836	-1.021396	164.799635	0.004462	8.9
837	-0.156520	164.694197	0.000666	8.7
838	-0.266570	164.588939	0.002069	9.7
839	-0.883927	164.483859	0.003705	8.2
840	-0.000000	164.378959	0.000000	9.4
841	-0.062376	164.274237	0.001267	8.5
842	-0.658657	164.169692	0.004384	9.1
843	-0.440163	164.065325	0.001741	10.2
844	-1.100124	163.961135	0.004184	9.4
845	-0.000010	163.857120	0.000008	8.9
846	-0.008119	163.753282	0.001244	9.3
847	-0.134996	163.649619	0.000952	10.5
848	-0.276044	163.546130	0.001309	10.2
849	-0.000000	163.442816	0.000000	9.4
850	-0.000000	163.339676	0.000000	9.6
851	-1.092202	163.236709	0.004669	9.2
852	-0.032757	163.133915	0.000680	7.3
853	-0.000000	163.031294	0.000000	9.1
854	-0.000000	162.928844	0.000001	8.7
855	-0.097638	162.826566	0.000988	9.6
856	-0.880333	162.724459	0.005109	9.3
857	-0.000000	162.622523	0.000000	8.9
858	-0.013863	162.520757	0.000187	10.7
859	-0.383629	162.419160	0.002585	9.2
860	-0.000000	162.317733	0.000000	11.7
861	-0.236750	162.216474	0.001151	9.6
862	-0.115774	162.115383	0.000940	9.4
863	-0.000000	162.014461	0.000000	8.9
864	-0.000000	161.913705	0.000000	11.1
865	-0.598201	161.813117	0.004326	8.7
866	-0.000000	161.712695	0.000000	10.1
867	-0.993414	161.612439	0.004745	9.2
868	-0.781325	161.512349	0.002486	19.0
869	-0.144145	161.412424	0.001551	7.5
870	-0.495082	161.312663	0.003023	8.8
871	-0.000000	161.213067	0.000000	8.8
872	-0.000000	161.113635	0.000000	8.7
873	-0.000000	161.014366	0.000000	9.0
874	-0.123182	160.915260	0.001314	10.0
875	-0.236620	160.816316	0.003855	8.7
876	-1.051197	160.717535	0.004282	8.1
877	-1.001353	160.618915	0.003515	9.7
878	-0.002123	160.520456	0.000120	11.1
879	-0.012104	160.422158	0.000327	8.9
880	-0.000000	160.324021	0.000000	9.0
881	-0.000000	160.226043	0.000000	9.7
882	-0.000000	160.128225	0.000000	7.5
883	-0.336921	160.030566	0.002860	10.1
884	-0.000000	159.933066	0.000000	10.3
885	-0.204064	159.835723	0.001000	8.5
886	-0.434765	159.738539	0.002327	8.8
887	-0.101286	159.641512	0.000839	8.7
888	-1.019337	159.544642	0.003448	18.0
889	-0.179072	159.447929	0.002644	9.8
890	-1.078544	159.351372	0.005839	9.0
891	-0.000000	159.254971	0.000000	8.3
892	-0.008881	159.158725	0.000062	11.1
893	-0.000000	159.062634	0.000000	7.7
894	-0.804963	158.966697	0.003267	8.6
895	-0.000000	158.870915	0.000000	8.5
896	-0.795963	158.775286	0.002862	10.9
897	-1.017251	158.679811	0.004359	9.6
898	-0.858794	158.584489	0.003143	9.4
899	-0.359282	158.489319	0.002268	8.8
900	-0.000000	158.394302	0.000000	8.7
901	-1.018237	158.299436	0.004082	8.0
902	-0.652141	158.204721	0.004575	10.6
903	-0.000000	158.110158	0.000000	8.2
904	-0.000000	158.015745	0.000000	13.6
905	-0.000000	157.921482	0.000000	8.4
906	-0.000000	157.827369	0.000000	8.8
907	-0.000000	157.733406	0.000000	11.8
908	-0.000000	157.639591	0.000000	9.3
909	-0.661477	157.545925	0.003138	8.5
910	-0.000000	157.452408	0.000000	9.6
911	-0.570121	157.359038	0.001849	8.6
912	-0.910703	157.265816	0.002576	9.7
913	-0.402202	157.172741	0.001868	9.6
914	-0.332491	157.079813	0.001508	8.2
915	-0.569369	156.987031	0.003430	19.1
916	-0.000000	156.894395	0.000000	8.6
917	-0.428325	156.801904	0.002102	9.6
918	-0.880469	156.709559	0.003203	7.8
919	-0.006922	156.617359	0.000089	10.3
920	-1.097382	156.525304	0.004892	9.3
921	-0.926592	156.433392	0.003192	8.7
922	-1.076455	156.341624	0.005322	9.6
923	-0.956705	156.250000	0.004041	8.7
924	-0.209923	156.158519	0.001405	8.4
925	-0.008040	156.067180	0.000036	7.8
926	-0.522122	155.975984	0.002857	9.6
927	-0.251711	155.884930	0.001526	9.1
928	-0.009545	155.794017	0.000139	8.3
929	-0.444939	155.703246	0.002453	10.1
930	-0.000000	155.612615	0.000000	8.6
931	-0.000000	155.522125	0.000000	10.7
932	-0.004028	155.431775	0.000134	11.7
933	-0.805464	155.341565	0.003224	8.8
934	-0.000000	155.251495	0.000000	9.5
935	-0.008531	155.161563	0.000358	10.3
936	-0.078734	155.071771	0.001030	7.6
937	-0.103433	154.982117	0.001290	9.6
938	-0.596494	154.892601	0.003041	10.2
939	-0.934990	154.803222	0.004413	8.3
940	-0.000000	154.713981	0.000000	9.1
941	-0.940900	154.624878	0.003379	10.2
942	-0.884654	154.535910	0.005746	9.0
943	-1.028173	154.447080	0.005092	11.6
944	-0.707831	154.358385	0.004978	8.0
945	-0.000000	154.269826	0.000000	9.1
946	-0.000000	154.181402	0.000000	9.6
947	-0.780484	154.093114	0.006352	9.6
948	-0.014899	154.004960	0.000906	10.6
949	-1.013982	153.916940	0.004013	8.6
950	-0.127573	153.829054	0.001120	8.9
951	-0.235458	153.741303	0.002842	9.6
952	-1.090035	153.653684	0.003945	8.1
953	-0.790241	153.566198	0.004464	8.4
954	-0.000000	153.478846	0.000000	8.9
955	-0.000000	153.391625	0.000000	9.5
956	-0.972148	153.304537	0.004008	10.0
957	-0.745056	153.217580	0.005036	8.2
958	-0.977314	153.130755	0.002869	9.2
959	-0.163247	153.044061	0.001094	7.5
960	-0.121850	152.957498	0.001832	8.9
961	-0.050816	152.871065	0.001365	9.9
962	-0.002930	152.784762	0.000187	8.6
963	-1.048552	152.698589	0.005838	8.4
964	-0.238396	152.612545	0.001767	8.9
965	-0.030509	152.526631	0.000502	17.0
966	-0.547620	152.440845	0.005315	8.8
967	-0.959530	152.355188	0.002938	10.0
968	-0.612871	152.269660	0.003506	9.0
969	-1.083616	152.184259	0.006177	8.4
970	-0.202469	152.098986	0.002693	10.2
971	-0.976229	152.013840	0.004748	8.0
972	-0.058556	151.928821	0.000854	9.4
973	-0.002830	151.843928	0.000306	8.6
974	-0.000000	151.759163	0.000000	8.0
975	-0.803067	151.674523	0.003063	9.3
976	-0.571370	151.590009	0.003310	8.0
977	-0.007328	151.505620	0.000303	9.7
978	-0.071411	151.421357	0.001171	8.5
979	-0.000000	151.337218	0.000000	8.1
980	-0.986924	151.253204	0.004910	9.0
981	-0.022589	151.169314	0.000853	8.2
982	-0.577224	151.085549	0.004071	9.1
983	-0.954974	151.001907	0.004648	9.0
984	-0.084081	150.918388	0.001547	10.0
985	-0.763068	150.834992	0.002922	9.4
986	-0.431611	150.751719	0.002124	7.5
987	-1.048181	150.668569	0.004252	8.3
988	-0.741498	150.585541	0.005113	8.4
989	-0.744062	150.502634	0.002865	9.3
990	-0.948304	150.419849	0.004086	11.5
991	-0.157113	150.337186	0.001703	8.6
992	-0.473007	150.254644	0.002319	8.3
993	-0.002366	150.172222	0.000137	8.5
994	-0.970380	150.089921	0.005444	8.5
995	-0.000000	150.007740	0.000000	7.9
996	-1.075651	149.925679	0.005133	8.4
997	-0.000000	149.843737	0.000000	10.0
998	-1.098056	149.761915	0.005219	10.6
999	-0.884806	149.680212	0.005316	8.6
1000	-0.093151	149.598627	0.000962	9.7
1001	-0.000000	149.517161	0.000000	8.7
1002	-0.861963	149.435814	0.004950	10.1
1003	-0.005687	149.354584	0.000709	10.4
1004	-0.000000	149.273472	0.000000	8.1
1005	-1.100076	149.192477	0.004000	9.1
1006	-0.508778	149.111599	0.001980	9.2
1007	-0.000000	149.030838	0.000000	8.2
1008	-0.072155	148.950194	0.000684	9.1
1009	-0.067469	148.869666	0.001104	8.9
1010	-0.945697	148.789253	0.006505	9.1
1011	-0.264229	148.708957	0.001609	9.3
1012	-0.512124	148.628776	0.003416	19.5
1013	-0.970658	148.548710	0.004061	7.6
1014	-0.000000	148.468759	0.000000	9.1
1015	-0.000000	148.388923	0.000000	11.1
1016	-0.531374	148.309201	0.002593	9.1
1017	-0.738783	148.229594	0.002586	9.7
1018	-0.758513	148.150100	0.005807	9.3
1019	-0.000000	148.070719	0.000000	8.2
1020	-0.000000	147.991452	0.000000	7.7
1021	-0.672787	147.912298	0.003679	9.1
1022	-0.000260	147.833257	0.000138	13.8
1023	-0.000000	147.754329	0.000000	8.4
1024	-0.013738	147.675512	0.000314	9.3
1025	-0.031664	147.596808	0.000406	8.7
1026	-0.000039	147.518216	0.000031	9.5
1027	-0.007966	147.439735	0.000400	8.5
1028	-0.000000	147.361365	0.000000	8.8
1029	-0.060870	147.283106	0.001089	10.0
1030	-0.671141	147.204958	0.002387	9.3
1031	-0.633667	147.126920	0.003843	8.8
1032	-0.086670	147.048993	0.001851	8.4
1033	-1.037598	146.971175	0.004543	9.4
1034	-0.448388	146.893468	0.003899	9.3
1035	-1.049158	146.815869	0.003340	8.1
1036	-0.246208	146.738380	0.001899	8.7
1037	-0.959693	146.661000	0.004292	9.9
1038	-1.065912	146.583729	0.004441	9.4
1039	-0.073038	146.506566	0.000434	10.2
1040	-0.000000	146.429511	0.000000	9.4
1041	-0.398817	146.352565	0.003567	9.1
1042	-0.002522	146.275726	0.000197	8.5
1043	-0.005188	146.198994	0.000507	7.8
1044	-0.000000	146.122370	0.000000	8.8
1045	-0.000000	146.045853	0.000000	8.9
1046	-0.000000	145.969442	0.000000	10.3
1047	-0.135348	145.893139	0.001473	9.7
1048	-0.000000	145.816941	0.000000	11.8
1049	-0.976468	145.740849	0.003728	8.7
1050	-0.003518	145.664863	0.000029	8.1
1051	-0.322417	145.588983	0.001656	9.2
1052	-0.000011	145.513208	0.000016	8.8
1053	-1.024387	145.437538	0.004770	9.8
1054	-0.665015	145.361973	0.003112	9.7
1055	-0.031473	145.286513	0.000290	8.8
1056	-0.000000	145.211157	0.000000	10.5
1057	-0.000000	145.135905	0.000000	10.2
1058	-0.000000	145.060757	0.000000	8.3
1059	-0.000000	144.985712	0.000000	9.5
1060	-0.000000	144.910771	0.000000	8.5
1061	-0.956638	144.835934	0.003694	13.1
1062	-0.000000	144.761199	0.000000	8.6
1063	-0.000000	144.686567	0.000000	8.4
1064	-0.000000	144.612037	0.000000	7.9
1065	-0.000000	144.537610	0.000000	6.9
1066	-0.945089	144.463285	0.004133	8.4
1067	-0.221317	144.389062	0.001372	10.3
1068	-0.286027	144.314940	0.002517	9.5
1069	-0.000000	144.240920	0.000000	13.4
1070	-1.068338	144.167001	0.005416	8.9
1071	-0.031900	144.093182	0.001175	8.6
1072	-0.939244	144.019465	0.004463	9.7
1073	-1.035397	143.945848	0.003663	8.6
1074	-0.810414	143.872331	0.003123	9.8
1075	-0.620164	143.798914	0.002762	9.5
1076	-0.079638	143.725597	0.000808	10.1
1077	-0.464160	143.652380	0.003409	8.1
1078	-0.515737	143.579262	0.003168	7.9
1079	-0.573686	143.506243	0.003788	9.3
1080	-0.000000	143.433323	0.000000	14.3
1081	-0.564021	143.360502	0.002523	9.8
1082	-1.076273	143.287780	0.004693	8.2
1083	-0.000000	143.215155	0.000000	8.7
1084	-0.000000	143.142629	0.000000	9.6
1085	-0.790828	143.070201	0.002523	9.4
1086	-0.000000	142.997870	0.000000	8.3
1087	-0.679297	142.925637	0.004978	9.1
1088	-0.978799	142.853501	0.003127	7.9
1089	-0.722334	142.781462	0.003498	9.7
1090	-0.032705	142.709519	0.000684	9.3
1091	-0.657353	142.637674	0.004968	10.1
1092	-0.764774	142.565924	0.002410	10.0
1093	-0.492423	142.494271	0.003759	7.5
1094	-0.000000	142.422714	0.000000	9.4
1095	-0.000000	142.351252	0.000000	8.1
1096	-1.048288	142.279886	0.004810	9.4
1097	-0.813162	142.208616	0.006642	8.7
1098	-0.000000	142.137440	0.000000	10.2
1099	-0.133251	142.066360	0.000966	8.9
1100	-0.802292	141.995374	0.003969	9.2
1101	-0.000000	141.924483	0.000000	9.9
1102	-1.071132	141.853685	0.006036	9.8
1103	-0.000000	141.782983	0.000000	8.4
1104	-0.000000	141.712373	0.000000	9.4
1105	-0.318005	141.641858	0.002247	10.6
1106	-0.226520	141.571436	0.002896	10.8
1107	-1.027656	141.501108	0.003385	12.6
1108	-0.842084	141.430872	0.004483	21.9
1109	-0.920745	141.360730	0.003338	8.6
1110	-0.000000	141.290680	0.000000	11.9
1111	-0.040246	141.220722	0.000779	8.3
1112	-0.394282	141.150857	0.002474	9.0
1113	-0.047174	141.081084	0.000748	9.1
1114	-0.118449	141.011403	0.000978	9.1
1115	-0.000602	140.941813	0.000082	8.8
1116	-0.000000	140.872315	0.000000	8.9
1117	-0.000000	140.802909	0.000000	12.1
1118	-0.180890	140.733593	0.001365	9.5
1119	-0.000596	140.664369	0.000271	8.2
1120	-0.000000	140.595235	0.000000	8.2
1121	-0.000000	140.526192	0.000000	8.9
1122	-0.069840	140.457239	0.000803	9.3
1123	-0.115683	140.388376	0.001179	10.9
1124	-0.000000	140.319603	0.000000	7.7
1125	-0.508814	140.250920	0.002553	23.0
1126	-0.751698	140.182326	0.003214	8.6
1127	-0.105401	140.113822	0.000795	8.7
1128	-0.000000	140.045407	0.000000	8.7
1129	-0.310325	139.977081	0.001282	9.4
1130	-0.000000	139.908844	0.000000	10.2
1131	-0.839057	139.840696	0.003352	10.5
1132	-0.000000	139.772635	0.000000	10.0
1133	-0.246328	139.704664	0.001179	11.6
1134	-0.686916	139.636780	0.003156	8.8
1135	-0.000000	139.568984	0.000000	9.9
1136	-0.000000	139.501276	0.000000	9.2
1137	-0.000000	139.433655	0.000000	8.3
1138	-0.000000	139.366122	0.000000	11.3
1139	-0.000444	139.298676	0.000154	8.0
1140	-0.988813	139.231317	0.005271	8.4
1141	-0.000000	139.164045	0.000000	9.3
1142	-0.791614	139.096859	0.003540	8.7
1143	-0.647171	139.029760	0.004857	12.8
1144	-0.000000	138.962747	0.000000	7.4
1145	-0.963303	138.895820	0.002842	9.2
1146	-0.000000	138.828978	0.000000	10.8
1147	-0.678351	138.762223	0.003500	8.7
1148	-0.223528	138.695553	0.001124	8.8
1149	-0.000000	138.628969	0.000000	12.7
1150	-0.046431	138.562469	0.000432	9.9
1151	-0.000002	138.496055	0.000004	8.8
1152	-0.100526	138.429725	0.000634	9.3
1153	-0.908472	138.363481	0.003901	19.7
1154	-0.000009	138.297320	0.000009	7.3
1155	-0.000000	138.231244	0.000000	9.3
1156	-0.927179	138.165252	0.004874	8.5
1157	-0.469508	138.099344	0.003027	8.5
1158	-0.072488	138.033520	0.001202	9.6
1159	-1.049393	137.967779	0.003062	8.5
1160	-0.000000	137.902122	0.000000	10.8
1161	-0.954439	137.836548	0.002671	9.4
1162	-0.490100	137.771057	0.001654	8.9
1163	-0.000000	137.705649	0.000000	8.9
1164	-0.000343	137.640324	0.000020	10.9
1165	-0.000000	137.575081	0.000000	9.5
1166	-0.973430	137.509921	0.005046	9.0
1167	-0.000000	137.444842	0.000000	8.4
1168	-0.497503	137.379846	0.002736	8.9
1169	-0.000000	137.314932	0.000000	9.2
1170	-0.000000	137.250100	0.000000	10.3
1171	-0.339052	137.185349	0.001196	9.2
1172	-0.027577	137.120680	0.000580	8.2
1173	-0.000000	137.056092	0.000000	8.6
1174	-0.958579	136.991585	0.004014	9.3
1175	-0.885721	136.927158	0.005426	7.9
1176	-0.133056	136.862813	0.001222	10.3
1177	-0.000000	136.798548	0.000000	8.0
1178	-0.537757	136.734363	0.002774	8.3
1179	-0.454267	136.670259	0.003298	8.7
1180	-1.032050	136.606235	0.003368	8.2
1181	-0.000000	136.542291	0.000000	9.4
1182	-1.081866	136.478426	0.004793	7.4
1183	-0.279715	136.414641	0.001471	9.2
1184	-0.849141	136.350936	0.003034	9.0
1185	-0.490194	136.287310	0.001703	9.6
1186	-0.000000	136.223763	0.000000	7.8
1187	-0.000000	136.160295	0.000000	10.1
1188	-0.250064	136.096905	0.001581	8.7
1189	-0.198793	136.033594	0.001638	8.7
1190	-0.000000	135.970362	0.000000	14.3
1191	-0.014566	135.907208	0.000172	9.6
1192	-0.793252	135.844133	0.003604	7.7
1193	-0.268430	135.781135	0.001465	8.6
1194	-0.000000	135.718215	0.000000	8.2
1195	-0.000000	135.655373	0.000000	9.0
1196	-1.092074	135.592608	0.004833	9.2
1197	-0.000000	135.529921	0.000000	8.7
1198	-0.373246	135.467311	0.001236	8.8
1199	-1.052019	135.404778	0.004702	9.2
1200	-0.465274	135.342322	0.003313	8.2
1201	-0.101605	135.279942	0.001728	9.6
1202	-0.000000	135.217640	0.000000	8.0
1203	-0.000000	135.155413	0.000000	9.4
1204	-0.019121	135.093263	0.000686	10.2
1205	-0.000000	135.031190	0.000000	9.5
1206	-0.722360	134.969192	0.004455	10.4
1207	-0.233921	134.907270	0.001028	8.8
1208	-0.000000	134.845424	0.000000	8.8
1209	-0.055133	134.783653	0.000816	10.8
1210	-0.000006	134.721958	0.000007	7.8
1211	-0.000000	134.660338	0.000000	8.3
1212	-0.873250	134.598793	0.004377	9.4
1213	-0.310941	134.537323	0.002105	8.8
1214	-0.012045	134.475927	0.000398	10.4
1215	-0.521871	134.414607	0.003297	8.0
1216	-0.000000	134.353361	0.000000	8.6
1217	-0.020605	134.292189	0.000269	8.9
1218	-0.015650	134.231092	0.001527	8.5
1219	-0.674906	134.170068	0.003505	9.5
1220	-0.000000	134.109119	0.000000	8.8
1221	-0.766918	134.048243	0.002760	11.5
1222	-0.000000	133.987441	0.000000	9.2
1223	-0.717303	133.926713	0.005337	9.2
1224	-0.612680	133.866057	0.003120	8.2
1225	-0.157593	133.805475	0.000784	8.5
1226	-0.209018	133.744966	0.000723	9.7
1227	-0.000000	133.684530	0.000000	10.7
1228	-0.161314	133.624167	0.001835	9.2
1229	-0.685631	133.563877	0.005059	8.9
1230	-0.092740	133.503658	0.001270	9.8
1231	-0.279139	133.443513	0.001448	27.2
1232	-0.000000	133.383439	0.000000	8.7
1233	-0.998345	133.323437	0.003736	8.2
1234	-0.361180	133.263508	0.002085	10.0
1235	-0.333218	133.203650	0.003468	11.4
1236	-0.942828	133.143864	0.005020	9.4
1237	-0.349305	133.084149	0.002489	9.1
1238	-0.018735	133.024506	0.001173	9.7
1239	-0.594638	132.964934	0.003280	8.1
1240	-0.790446	132.905433	0.003614	8.2
1241	-0.084135	132.846003	0.000165	9.3
1242	-0.000000	132.786643	0.000000	7.8
1243	-0.016150	132.727355	0.001228	9.1
1244	-0.049465	132.668137	0.000155	7.5
1245	-0.990109	132.608989	0.003141	9.0
1246	-0.000000	132.549912	0.000000	8.4
1247	-0.718837	132.490904	0.005163	9.9
1248	-0.002372	132.431967	0.000330	9.3
1249	-0.612856	132.373100	0.005096	9.8
1250	-0.000000	132.314302	0.000000	21.8
1251	-0.849718	132.255574	0.003356	9.0
1252	-0.001623	132.196916	0.000097	9.6
1253	-0.159374	132.138326	0.001456	10.7
1254	-0.020342	132.079806	0.000806	9.1
1255	-0.000000	132.021355	0.000000	9.6
1256	-0.000497	131.962973	0.000063	8.8
1257	-0.875424	131.904660	0.003523	10.8
1258	-0.000000	131.846415	0.000000	7.5
1259	-0.003909	131.788239	0.000084	10.2
1260	-0.263656	131.730131	0.001757	8.6
1261	-0.034749	131.672092	0.000233	8.8
1262	-0.000007	131.614121	0.000010	10.7
1263	-0.601018	131.556217	0.002270	8.0
1264	-0.678274	131.498382	0.003798	8.1
1265	-0.700142	131.440614	0.001750	9.0
1266	-0.176179	131.382914	0.001928	8.8
1267	-0.000650	131.325282	0.000000	9.6
1268	-0.000261	131.267717	0.000137	8.6
1269	-0.309366	131.210219	0.002079	8.9
1270	-0.784508	131.152788	0.003873	11.6
1271	-1.040603	131.095424	0.003732	7.5
1272	-0.604800	131.038127	0.005209	9.1
1273	-0.074864	130.980897	0.000560	10.2
1274	-0.000020	130.923733	0.000020	9.0
1275	-0.893332	130.866636	0.005232	9.5
1276	-0.672207	130.809605	0.001956	6.8
1277	-0.978250	130.752641	0.004208	14.1
1278	-0.173924	130.695742	0.001586	19.4
1279	-0.000000	130.638910	0.000000	8.8
1280	-0.227905	130.582143	0.001167	8.3
1281	-0.000000	130.525442	0.000000	9.1
1282	-0.000000	130.468807	0.000000	9.6
1283	-0.000000	130.412237	0.000000	8.2
1284	-0.301960	130.355733	0.002008	12.5
1285	-0.293717	130.299294	0.001805	9.2
1286	-0.000000	130.242920	0.000000	9.8
1287	-0.149719	130.186611	0.001584	8.8
1288	-0.341809	130.130366	0.003086	8.7
1289	-0.970279	130.074187	0.005934	7.6
1290	-0.916829	130.018072	0.005551	9.5
1291	-1.085723	129.962022	0.004615	9.2
1292	-0.000000	129.906036	0.000000	8.9
1293	-0.000000	129.850114	0.000000	9.0
1294	-0.000000	129.794257	0.000000	8.8
1295	-0.591552	129.738463	0.002084	8.5
1296	-0.000000	129.682734	0.000000	8.3
1297	-0.371941	129.627068	0.001699	10.4
1298	-0.135631	129.571466	0.001110	9.2
1299	-0.916934	129.515927	0.003962	8.6
1300	-0.018588	129.460452	0.000317	10.1
1301	-0.000000	129.405040	0.000000	9.0
1302	-0.935512	129.349692	0.003017	9.1
1303	-0.000000	129.294406	0.000000	9.1
1304	-0.514982	129.239183	0.001351	7.5
1305	-1.133571	129.184024	0.005105	11.8
1306	-0.950567	129.128927	0.004981	9.7
1307	-0.778690	129.073892	0.006460	9.8
1308	-0.000206	129.018921	0.000016	10.5
1309	-0.000000	128.964011	0.000000	7.6
1310	-0.000000	128.909164	0.000000	9.1
1311	-0.011891	128.854379	0.000251	8.3
1312	-0.000000	128.799656	0.000000	10.7
1313	-0.000000	128.744995	0.000000	10.1
1314	-0.936710	128.690396	0.004250	8.8
1315	-0.999435	128.635858	0.003908	8.6
1316	-0.881011	128.581382	0.004027	8.2
1317	-0.991703	128.526968	0.003943	19.0
1318	-0.011418	128.472615	0.000229	7.5
1319	-0.000000	128.418323	0.000000	9.8
1320	-0.054284	128.364092	0.001869	9.2
1321	-0.022219	128.309922	0.000488	10.1
1322	-0.780359	128.255814	0.005046	9.9
1323	-0.057043	128.201766	0.001661	10.7
1324	-0.848473	128.147778	0.005754	10.4
1325	-0.243050	128.093852	0.001013	9.4
1326	-0.000000	128.039985	0.000000	8.6
1327	-1.008456	127.986180	0.004557	9.2
1328	-0.383343	127.932434	0.002716	8.4
1329	-0.298753	127.878749	0.002390	8.3
1330	-0.000000	127.825123	0.000000	9.4
1331	-0.000000	127.771558	0.000000	8.0
1332	-0.000000	127.718052	0.000000	14.1
1333	-0.105406	127.664606	0.001916	11.4
1334	-0.440985	127.611220	0.002279	8.9
1335	-1.018597	127.557893	0.005506	9.6
1336	-0.005431	127.504625	0.000367	10.1
1337	-0.839201	127.451417	0.007615	8.4
1338	-0.000000	127.398268	0.000000	9.0
1339	-0.000000	127.345178	0.000000	8.8
1340	-0.000000	127.292147	0.000000	8.7
1341	-0.872136	127.239175	0.002777	10.8
1342	-0.574650	127.186261	0.002726	8.1
1343	-0.056014	127.133407	0.000468	9.1
1344	-0.882099	127.080610	0.003055	9.4
1345	-0.000000	127.027872	0.000000	8.9
1346	-0.388790	126.975193	0.001891	8.5
1347	-1.061973	126.922572	0.005047	10.4
1348	-0.760603	126.870008	0.004131	8.9
1349	-0.000000	126.817503	0.000000	9.0
1350	-1.091677	126.765056	0.003907	8.8
1351	-0.741388	126.712667	0.005113	9.4
1352	-0.784466	126.660335	0.004761	8.6
1353	-0.000000	126.608061	0.000000	8.8
1354	-0.000000	126.555844	0.000000	9.1
1355	-0.132048	126.503685	0.001203	9.8
1356	-0.000000	126.451583	0.000000	9.6
1357	-0.608783	126.399538	0.002097	8.2
1358	-0.724894	126.347550	0.003446	9.5
1359	-0.000000	126.295619	0.000000	8.5
1360	-0.000000	126.243745	0.000000	9.2
1361	-0.000000	126.191928	0.000000	10.5
1362	-0.596362	126.140168	0.004776	9.0
1363	-0.047655	126.088464	0.000668	9.6
1364	-0.000001	126.036817	0.000002	8.8
1365	-0.000000	125.985226	0.000000	8.8
1366	-0.528957	125.933691	0.002875	9.3
1367	-0.000000	125.882212	0.000000	8.6
1368	-0.503273	125.830790	0.002348	7.8
1369	-0.000008	125.779423	0.000008	9.4
1370	-0.284384	125.728113	0.002344	8.6
1371	-0.192673	125.676858	0.001792	10.6
1372	-0.994598	125.625659	0.003523	8.3
1373	-0.484599	125.574515	0.003078	17.8
1374	-0.000000	125.523427	0.000000	17.6
1375	-0.120752	125.472394	0.001356	8.6
1376	-0.116087	125.421417	0.002119	8.6
1377	-0.005402	125.370495	0.000269	7.7
1378	-0.000000	125.319628	0.000000	9.3
1379	-0.890555	125.268815	0.003728	8.6
1380	-0.920661	125.218058	0.003316	10.2
1381	-1.001940	125.167356	0.003883	9.3
1382	-0.000000	125.116708	0.000000	8.8
1383	-0.763795	125.066115	0.005426	8.2
1384	-0.218938	125.015576	0.001302	9.5
1385	-0.000000	124.965092	0.000000	8.9
1386	-0.000000	124.914662	0.000000	9.4
1387	-0.000000	124.864287	0.000000	8.4
1388	-0.000000	124.813965	0.000000	9.2
1389	-0.414832	124.763698	0.003099	8.2
1390	-0.667828	124.713485	0.004588	9.6
1391	-1.047222	124.663325	0.003092	9.1
1392	-0.187015	124.613219	0.001972	11.4
1393	-0.071443	124.563167	0.000725	9.6
1394	-0.000000	124.513168	0.000000	10.9
1395	-0.881329	124.463223	0.003956	8.0
1396	-0.000000	124.413332	0.000000	11.2
1397	-0.892022	124.363493	0.003413	8.7
1398	-1.065814	124.313708	0.006226	8.5
1399	-0.000000	124.263976	0.000000	19.2
1400	-1.055777	124.214297	0.005922	9.9
1401	-0.000000	124.164671	0.000000	9.1
1402	-0.197598	124.115097	0.000740	7.1
1403	-0.879953	124.065577	0.004559	9.7
1404	-0.124094	124.016109	0.001285	8.9
1405	-0.656232	123.966693	0.003057	8.9
1406	-0.000000	123.917330	0.000000	8.8
1407	-0.575454	123.868020	0.002314	8.0
1408	-0.000000	123.818762	0.000000	9.8
1409	-0.666551	123.769556	0.002670	8.0
1410	-0.882924	123.720402	0.003061	10.1
1411	-0.956562	123.671300	0.003802	8.6
1412	-0.653776	123.622250	0.003877	7.8
1413	-0.000000	123.573252	0.000000	8.0
1414	-0.151448	123.524305	0.002018	9.1
1415	-0.906007	123.475411	0.005589	10.4
1416	-0.357897	123.426568	0.003576	10.3
1417	-0.000000	123.377776	0.000000	9.0
1418	-0.045806	123.329036	0.000265	10.8
1419	-0.012129	123.280347	0.000249	7.0
1420	-0.000000	123.231709	0.000000	9.2
1421	-0.000000	123.183122	0.000000	9.6
1422	-0.045734	123.134587	0.000854	6.9
1423	-0.948998	123.086102	0.005415	10.6
1424	-0.104198	123.037669	0.001242	8.6
1425	-0.066994	122.989286	0.001065	9.3
1426	-0.000000	122.940954	0.000000	7.9
1427	-0.022565	122.892672	0.000410	9.2
1428	-0.809948	122.844441	0.002749	10.1
1429	-0.111346	122.796261	0.001586	8.1
1430	-0.000000	122.748130	0.000000	9.5
1431	-0.611540	122.700050	0.003054	8.9
1432	-1.098540	122.652021	0.005640	8.3
1433	-0.692400	122.604041	0.006630	9.7
1434	-0.864983	122.556111	0.004007	8.3
1435	-0.000000	122.508232	0.000000	9.0
1436	-0.006916	122.460402	0.000638	9.3
1437	-0.022799	122.412622	0.000685	9.0
1438	-0.987303	122.364891	0.003804	10.3
1439	-0.000000	122.317210	0.000000	7.8
1440	-0.266909	122.269579	0.000897	9.5
1441	-0.000000	122.221997	0.000000	8.1
1442	-0.000000	122.174465	0.000000	8.7
1443	-0.000000	122.126981	0.000000	11.3
1444	-0.000000	122.079547	0.000000	7.7
1445	-0.000000	122.032162	0.000000	9.4
1446	-0.019644	121.984826	0.000314	7.1
1447	-0.301913	121.937539	0.001480	8.0
1448	-0.851120	121.890301	0.004308	9.6
1449	-0.087949	121.843112	0.000871	8.4
1450	-0.417709	121.795971	0.002845	10.6
1451	-0.832315	121.748879	0.003021	10.6
1452	-0.947128	121.701835	0.002789	8.8
1453	-0.000000	121.654840	0.000000	9.7
1454	-0.000000	121.607893	0.000000	8.7
1455	-1.103308	121.560994	0.003853	13.0
1456	-0.002701	121.514144	0.000634	8.2
1457	-1.054713	121.467342	0.005633	9.1
1458	-0.000662	121.420588	0.000107	9.0
1459	-0.616637	121.373882	0.002446	9.4
1460	-0.071872	121.327223	0.000584	9.4
1461	-0.474680	121.280613	0.002552	9.2
1462	-0.000000	121.234050	0.000000	8.5
1463	-0.000000	121.187535	0.000000	9.6
1464	-1.008718	121.141067	0.005070	9.5
1465	-1.000906	121.094647	0.003966	8.4
1466	-0.577944	121.048274	0.001851	9.8
1467	-0.964631	121.001949	0.004574	8.8
1468	-0.005174	120.955671	0.000122	10.0
1469	-0.745739	120.909440	0.007000	9.9
1470	-0.000000	120.863256	0.000000	9.4
1471	-0.006780	120.817119	0.000272	8.7
1472	-0.000000	120.771029	0.000000	8.3
1473	-0.629810	120.724986	0.002943	7.9
1474	-0.000000	120.678990	0.000000	9.1
1475	-0.839424	120.633040	0.002835	9.4
1476	-0.271058	120.587137	0.003156	9.1
1477	-0.000000	120.541281	0.000000	8.9
1478	-0.084555	120.495471	0.001518	9.4
1479	-0.103831	120.449707	0.000885	10.0
1480	-0.633881	120.403990	0.003104	10.2
1481	-0.000000	120.358319	0.000000	9.7
1482	-1.014508	120.312694	0.004187	9.1
1483	-0.000000	120.267115	0.000000	8.4
1484	-0.000000	120.221582	0.000000	9.7
1485	-1.032018	120.176096	0.005778	7.5
1486	-1.051854	120.130655	0.004373	8.5
1487	-0.357130	120.085260	0.002528	9.7
1488	-0.345618	120.039910	0.001350	8.7
1489	-0.220494	119.994606	0.001433	9.6
1490	-0.000000	119.949348	0.000000	18.3
1491	-0.753607	119.904135	0.003831	9.0
1492	-0.007388	119.858968	0.000179	8.7
1493	-0.953171	119.813846	0.004617	10.2
1494	-1.000236	119.768769	0.002652	9.9
1495	-0.000000	119.723738	0.000000	9.4
1496	-0.859115	119.678752	0.003768	8.4
1497	-0.356549	119.633810	0.002300	8.1
1498	-0.000231	119.588914	0.000023	9.3
1499	-0.594964	119.544062	0.004569	8.3
1500	-0.925109	119.499256	0.005245	10.4
1501	-1.077434	119.454494	0.005295	8.0
1502	-0.000000	119.409777	0.000000	8.3
1503	-0.001557	119.365104	0.000538	10.0
1504	-0.282005	119.320476	0.002948	7.9
1505	-0.000035	119.275893	0.000027	10.0
1506	-0.013418	119.231353	0.000403	8.1
1507	-0.120452	119.186859	0.001318	9.0
1508	-0.934152	119.142408	0.004342	9.3
1509	-0.176704	119.098002	0.001708	11.1
1510	-0.903495	119.053639	0.003336	9.6
1511	-0.373633	119.009321	0.002070	8.4
1512	-0.632888	118.965047	0.004673	9.5
1513	-0.000000	118.920816	0.000000	8.7
1514	-0.000000	118.876630	0.000000	9.2
1515	-0.002362	118.832487	0.000490	9.7
1516	-1.040468	118.788388	0.003296	9.6
1517	-0.444901	118.744332	0.001479	9.5
1518	-0.005735	118.700320	0.000069	11.4
1519	-0.000000	118.656352	0.000000	10.8
1520	-1.014595	118.612427	0.003977	9.1
1521	-0.602618	118.568545	0.004231	9.6
1522	-1.028995	118.524706	0.004213	9.5
1523	-0.090650	118.480911	0.000668	9.0
1524	-0.000000	118.437159	0.000000	9.9
1525	-0.656178	118.393450	0.003457	9.6
1526	-0.120766	118.349784	0.001063	9.0
1527	-1.104844	118.306160	0.006501	9.4
1528	-0.000000	118.262580	0.000000	8.7
1529	-0.082515	118.219042	0.001330	8.8
1530	-1.026667	118.175548	0.004499	9.3
1531	-1.082578	118.132095	0.003761	8.8
1532	-0.108735	118.088686	0.001328	9.4
1533	-0.957767	118.045319	0.003401	8.3
1534	-0.062795	118.001994	0.001195	9.7
1535	-0.000000	117.958712	0.000000	8.7
1536	-0.000000	117.915472	0.000000	20.1
1537	-0.045422	117.872274	0.000280	11.3
1538	-0.934675	117.829118	0.002932	9.5
1539	-0.000000	117.786005	0.000000	10.3
1540	-0.000000	117.742933	0.000000	9.1
1541	-0.525800	117.699904	0.001595	10.4
1542	-0.000000	117.656916	0.000000	8.6
1543	-0.000519	117.613971	0.000073	7.8
1544	-0.001910	117.571067	0.000903	9.5
1545	-0.844210	117.528205	0.003797	8.1
1546	-0.760498	117.485384	0.002966	9.4
1547	-0.000000	117.442605	0.000000	9.3
1548	-0.562841	117.399867	0.003396	8.4
1549	-0.165800	117.357171	0.000926	9.6
1550	-0.423213	117.314517	0.001829	9.0
1551	-0.030512	117.271903	0.000596	9.0
1552	-0.000000	117.229331	0.000000	9.1
1553	-0.000000	117.186800	0.000000	10.4
1554	-0.778221	117.144311	0.004273	8.9
1555	-0.022514	117.101862	0.000669	7.7
1556	-0.000000	117.059454	0.000000	9.2
1557	-0.563108	117.017087	0.002573	10.8
1558	-0.000000	116.974762	0.000000	7.2
1559	-0.738611	116.932476	0.005999	8.8
1560	-0.011008	116.890232	0.001150	9.2
1561	-0.000002	116.848028	0.000002	10.0
1562	-0.918802	116.805865	0.005704	9.6
1563	-0.000000	116.763743	0.000000	8.9
1564	-0.177142	116.721661	0.002300	9.0
1565	-0.490267	116.679619	0.001798	8.7
1566	-0.203693	116.637618	0.002443	9.4
1567	-1.040151	116.595657	0.004782	11.4
1568	-0.094622	116.553736	0.001215	8.6
1569	-0.000000	116.511855	0.000000	9.4
1570	-0.601966	116.470015	0.003157	8.9
1571	-0.848281	116.428214	0.004500	9.9
1572	-1.090573	116.386454	0.004569	9.2
1573	-1.072995	116.344733	0.004141	8.1
1574	-1.067942	116.303052	0.004679	9.4
1575	-0.508842	116.261412	0.001191	7.9
1576	-0.001573	116.219810	0.000186	8.8
1577	-0.867767	116.178249	0.002625	8.7
1578	-0.003741	116.136727	0.000078	13.7
1579	-0.852119	116.095245	0.004405	9.1
1580	-0.261962	116.053802	0.001969	9.6
1581	-0.799070	116.012398	0.002601	10.8
1582	-0.097717	115.971034	0.000789	9.4
1583	-0.230211	115.929710	0.001310	9.7
1584	-0.939978	115.888424	0.002929	7.7
1585	-0.000000	115.847178	0.000000	9.9
1586	-0.000000	115.805970	0.000000	18.9
1587	-0.000000	115.764802	0.000000	8.8
1588	-0.280893	115.723673	0.001805	9.7
1589	-0.329431	115.682583	0.001838	12.8
1590	-0.963566	115.641532	0.002969	9.0
1591	-0.000000	115.600519	0.000000	7.7
1592	-0.000000	115.559546	0.000000	9.5
1593	-0.245123	115.518610	0.001672	14.1
1594	-0.725520	115.477714	0.002473	10.0
1595	-0.885291	115.436856	0.003534	13.8
1596	-0.019806	115.396037	0.000848	10.0
1597	-0.542199	115.355256	0.002678	9.2
1598	-0.326321	115.314514	0.003303	9.3
1599	-0.282905	115.273810	0.001682	14.6
1600	-0.870739	115.233144	0.003242	13.7
1601	-0.000000	115.192517	0.000000	8.1
1602	-0.000000	115.151927	0.000000	9.2
1603	-1.033059	115.111376	0.005769	9.8
1604	-0.060484	115.070863	0.000663	9.4
1605	-0.000000	115.030388	0.000000	9.5
1606	-0.646075	114.989951	0.003822	10.2
1607	-0.863147	114.949551	0.004626	9.4
1608	-0.953849	114.909190	0.003781	8.4
1609	-0.172412	114.868866	0.002423	10.3
1610	-1.035086	114.828580	0.003841	10.1
1611	-0.067908	114.788332	0.000914	9.2
1612	-0.977807	114.748121	0.004133	9.5
1613	-0.104421	114.707948	0.000832	9.0
1614	-0.000077	114.667812	0.000039	9.3
1615	-0.667302	114.627714	0.005786	8.5
1616	-0.666011	114.587653	0.005968	10.2
1617	-0.738311	114.547629	0.005228	7.8
1618	-1.040913	114.507643	0.005441	10.4
1619	-0.703095	114.467693	0.002463	10.1
1620	-0.000000	114.427781	0.000000	8.2
1621	-0.155156	114.387907	0.000748	8.7
1622	-0.000484	114.348069	0.000023	8.9
1623	-0.101797	114.308268	0.000520	14.2
1624	-1.082691	114.268504	0.003634	9.6
1625	-0.855781	114.228777	0.004470	7.9
1626	-0.000000	114.189086	0.000000	9.8
1627	-0.903850	114.149433	0.002670	11.0
1628	-0.904497	114.109816	0.004656	9.7
1629	-0.000000	114.070235	0.000000	8.9
1630	-0.009124	114.030692	0.000367	9.9
1631	-0.629341	113.991185	0.002644	19.1
1632	-0.000000	113.951714	0.000000	8.7
1633	-0.000000	113.912280	0.000000	9.3
1634	-0.000127	113.872882	0.000077	10.2
1635	-1.046866	113.833521	0.003956	9.1
1636	-0.727760	113.794195	0.002802	8.0
1637	-0.660426	113.754906	0.005281	9.7
1638	-0.000000	113.715653	0.000000	10.0
1639	-0.021192	113.676437	0.000818	9.9
1640	-0.000000	113.637256	0.000000	12.5
1641	-0.076615	113.598111	0.000797	7.9
1642	-0.000000	113.559002	0.000000	8.9
1643	-0.010073	113.519929	0.000311	9.1
1644	-0.851402	113.480892	0.003316	9.3
1645	-1.088486	113.441891	0.004727	9.2
1646	-1.055134	113.402925	0.003418	8.0
1647	-0.855907	113.363995	0.003368	9.1
1648	-1.044809	113.325101	0.004315	8.9
1649	-0.643847	113.286242	0.001976	8.5
1650	-0.000000	113.247419	0.000000	8.9
1651	-0.095275	113.208631	0.000568	8.5
1652	-0.195489	113.169879	0.001732	9.2
1653	-0.000000	113.131162	0.000000	9.3
1654	-0.000000	113.092480	0.000000	10.2
1655	-0.827773	113.053833	0.002237	9.1
1656	-0.015112	113.015222	0.000324	7.3
1657	-0.000000	112.976646	0.000000	8.3
1658	-0.000000	112.938105	0.000000	7.8
1659	-1.081979	112.899599	0.003272	10.4
1660	-0.377785	112.861128	0.002131	9.1
1661	-0.043338	112.822692	0.000625	8.9
1662	-0.000000	112.784291	0.000000	9.2
1663	-0.000033	112.745924	0.000030	8.6
1664	-0.000000	112.707593	0.000000	9.9
1665	-0.000000	112.669296	0.000000	9.6
1666	-0.021575	112.631034	0.002317	9.6
1667	-0.000000	112.592806	0.000000	7.4
1668	-0.636549	112.554613	0.001899	7.7
1669	-0.000000	112.516455	0.000000	9.6
1670	-0.004713	112.478331	0.000025	9.2
1671	-0.944659	112.440241	0.002685	9.1
1672	-1.095781	112.402186	0.005168	10.5
1673	-0.000000	112.364165	0.000000	8.6
1674	-0.439983	112.326179	0.002515	9.3
1675	-0.924642	112.288227	0.002568	8.5
1676	-0.000000	112.250309	0.000000	8.8
1677	-0.811226	112.212425	0.005157	9.2
1678	-1.024199	112.174575	0.004630	19.2
1679	-0.022401	112.136759	0.000752	8.4
1680	-0.486934	112.098977	0.003035	12.0
1681	-0.000000	112.061229	0.000000	11.7
1682	-0.000794	112.023515	0.000181	11.4
1683	-0.071576	111.985834	0.001025	9.5
1684	-0.898980	111.948188	0.002938	8.9
1685	-0.279800	111.910575	0.001412	10.3
1686	-1.027341	111.872996	0.005478	9.8
1687	-0.428156	111.835450	0.003066	8.7
1688	-0.067895	111.797939	0.001714	9.1
1689	-0.438466	111.760460	0.002010	15.8
1690	-0.933047	111.723015	0.006031	9.2
1691	-0.099916	111.685604	0.000824	8.8
1692	-0.000000	111.648226	0.000000	10.1
1693	-0.479823	111.610881	0.001515	9.3
1694	-0.764831	111.573570	0.002738	9.0
1695	-1.040695	111.536292	0.005000	8.1
1696	-0.578201	111.499047	0.002751	8.4
1697	-1.002543	111.461835	0.003651	9.8
1698	-0.027373	111.424656	0.000474	8.2
1699	-0.712411	111.387510	0.003310	8.6
1700	-0.000000	111.350398	0.000000	8.9
1701	-0.000367	111.313318	0.000052	7.8
1702	-0.000000	111.276271	0.000000	9.9
1703	-0.514046	111.239257	0.002024	9.5
1704	-0.305080	111.202276	0.002035	8.3
1705	-0.805795	111.165328	0.002348	9.5
1706	-0.911269	111.128412	0.002966	11.7
1707	-0.000000	111.091529	0.000000	9.1
1708	-1.034615	111.054679	0.004253	19.6
1709	-0.652872	111.017861	0.005225	9.5
1710	-0.769495	110.981076	0.004236	9.9
1711	-0.000000	110.944323	0.000000	9.2
1712	-0.000000	110.907603	0.000000	9.2
1713	-0.000000	110.870915	0.000000	14.6
1714	-0.000000	110.834259	0.000000	10.9
1715	-0.375834	110.797636	0.001486	8.9
1716	-0.831875	110.761045	0.003535	9.0
1717	-0.647150	110.724486	0.001540	9.6
1718	-0.000000	110.687959	0.000000	9.5
1719	-0.000000	110.651465	0.000000	8.9
1720	-0.000792	110.615002	0.000291	9.0
1721	-0.000000	110.578572	0.000000	9.3
1722	-0.735804	110.542173	0.005621	10.7
1723	-0.366096	110.505807	0.003027	8.8
1724	-0.000033	110.469472	0.000030	9.3
1725	-0.000000	110.433169	0.000000	10.9
1726	-0.731125	110.396898	0.003053	8.8
1727	-0.000000	110.360659	0.000000	8.7
1728	-0.925832	110.324451	0.004177	8.3
1729	-0.779353	110.288276	0.003233	9.9
1730	-0.817193	110.252131	0.003168	8.6
1731	-0.000000	110.216019	0.000000	7.1
1732	-1.102261	110.179937	0.004514	9.9
1733	-0.845484	110.143888	0.003140	9.2
1734	-0.000000	110.107869	0.000000	8.7
1735	-0.000000	110.071882	0.000000	8.8
1736	-0.329988	110.035927	0.002116	9.8
1737	-1.110367	110.000003	0.002962	8.6
1738	-1.099527	109.964110	0.004689	8.9
1739	-0.557093	109.928248	0.004299	8.4
1740	-0.000000	109.892417	0.000000	9.4
1741	-0.106005	109.856618	0.001154	9.0
1742	-0.799963	109.820850	0.005740	10.8
1743	-0.885890	109.785112	0.003051	8.0
1744	-0.226836	109.749406	0.002415	24.3
1745	-0.141044	109.713730	0.000938	7.8
1746	-0.015527	109.678086	0.000328	10.2
1747	-0.612390	109.642472	0.003117	11.9
1748	-0.001047	109.606890	0.000103	9.6
1749	-0.791433	109.571337	0.002619	9.4
1750	-0.915016	109.535816	0.003920	8.8
1751	-0.000000	109.500326	0.000000	7.4
1752	-0.000000	109.464866	0.000000	12.1
1753	-0.375860	109.429436	0.001831	8.6
1754	-0.000000	109.394038	0.000000	8.3
1755	-0.993547	109.358669	0.002750	10.4
1756	-0.339169	109.323331	0.002142	8.3
1757	-0.000000	109.288024	0.000000	9.5
1758	-0.000000	109.252747	0.000000	8.9
1759	-0.000000	109.217501	0.000000	7.7
1760	-0.766587	109.182284	0.002315	9.6
1761	-0.000000	109.147098	0.000000	8.5
1762	-0.074542	109.111942	0.001105	8.9
1763	-0.000000	109.076817	0.000000	10.2
1764	-0.241079	109.041721	0.001914	9.7
1765	-0.142583	109.006656	0.001371	9.6
1766	-0.008904	108.971620	0.000573	8.9
1767	-0.000688	108.936615	0.000186	9.3
1768	-0.712624	108.901640	0.005051	9.2
1769	-0.700530	108.866694	0.002192	8.9
1770	-0.016722	108.831779	0.000234	10.4
1771	-0.972770	108.796893	0.003244	9.0
1772	-0.684040	108.762037	0.005154	8.3
1773	-0.469805	108.727211	0.002557	8.8
1774	-0.236799	108.692415	0.001728	18.3
1775	-0.980331	108.657648	0.004221	7.6
1776	-0.000000	108.622911	0.000000	11.2
1777	-0.851647	108.588203	0.003009	10.6
1778	-0.847626	108.553525	0.003888	7.7
1779	-1.091530	108.518877	0.004028	9.0
1780	-0.000000	108.484258	0.000000	9.1
1781	-0.000000	108.449668	0.000000	14.4
1782	-0.001470	108.415108	0.000215	9.5
1783	-1.011945	108.380578	0.004606	9.1
1784	-0.009077	108.346076	0.000102	9.5
1785	-1.061246	108.311604	0.003331	10.7
1786	-0.000000	108.277161	0.000000	9.7
1787	-0.897321	108.242747	0.003561	8.5
1788	-0.000000	108.208363	0.000000	9.1
1789	-0.001033	108.174007	0.000019	8.7
1790	-0.175425	108.139681	0.001587	10.5
1791	-0.000246	108.105383	0.000095	9.1
1792	-0.000335	108.071115	0.000255	9.0
1793	-1.064142	108.036875	0.004203	8.1
1794	-0.955844	108.002665	0.003379	8.4
1795	-0.937341	107.968483	0.003729	10.5
1796	-0.401043	107.934330	0.002202	11.6
1797	-0.750100	107.900206	0.004694	9.6
1798	-0.886111	107.866111	0.004311	8.9
1799	-0.223111	107.832044	0.002347	9.7
1800	-0.822221	107.798007	0.005921	28.1
1801	-0.017549	107.763997	0.000156	9.1
1802	-1.052166	107.730017	0.002944	8.1
1803	-0.601294	107.696065	0.002444	8.3
1804	-1.006552	107.662141	0.004265	9.6
1805	-0.000000	107.628246	0.000000	9.8
1806	-0.714880	107.594379	0.004806	10.4
1807	-1.025988	107.560541	0.004210	9.7
1808	-0.000000	107.526731	0.000000	9.7
1809	-0.000000	107.492949	0.000000	9.8
1810	-0.794881	107.459196	0.003231	9.7
1811	-0.003131	107.425471	0.000140	8.8
1812	-1.054106	107.391774	0.005097	9.0
1813	-0.000001	107.358106	0.000001	9.0
1814	-0.248496	107.324465	0.001173	8.7
1815	-0.685659	107.290853	0.006491	10.8
1816	-0.999308	107.257268	0.004359	9.9
1817	-0.000000	107.223712	0.000000	9.4
1818	-0.755479	107.190184	0.002908	7.6
1819	-0.000000	107.156683	0.000000	8.8
1820	-0.056259	107.123211	0.001277	10.4
1821	-0.000492	107.089766	0.000178	9.1
1822	-0.000000	107.056349	0.000000	10.1
1823	-0.375214	107.022960	0.002722	9.5
1824	-0.000000	106.989599	0.000000	8.5
1825	-0.060134	106.956265	0.001111	10.7
1826	-0.000000	106.922960	0.000000	8.5
1827	-0.000000	106.889681	0.000000	8.8
1828	-0.000000	106.856431	0.000000	7.6
1829	-0.000049	106.823208	0.000035	8.5
1830	-0.784088	106.790012	0.004056	10.0
1831	-0.000000	106.756844	0.000000	8.6
1832	-0.720771	106.723703	0.003361	9.2
1833	-0.000000	106.690590	0.000000	8.5
1834	-0.387633	106.657505	0.002813	9.0
1835	-0.121508	106.624446	0.000665	11.0
1836	-0.783104	106.591415	0.002020	9.1
1837	-0.014201	106.558411	0.000359	10.9
1838	-0.743703	106.525435	0.004010	9.7
1839	-0.849513	106.492485	0.004214	8.8
1840	-0.763170	106.459563	0.003208	9.2
1841	-0.072197	106.426668	0.000368	8.2
1842	-0.000042	106.393800	0.000030	8.5
1843	-0.635537	106.360959	0.002332	8.8
1844	-0.944508	106.328145	0.003446	8.6
1845	-0.985424	106.295358	0.004857	9.9
1846	-0.811618	106.262598	0.003953	8.1
1847	-1.020722	106.229865	0.004394	8.8
1848	-0.995636	106.197158	0.004821	8.9
1849	-0.204560	106.164479	0.001460	20.6
1850	-0.000000	106.131826	0.000000	7.3
1851	-0.198165	106.099201	0.001968	9.4
1852	-0.154663	106.066602	0.002166	9.0
1853	-0.000248	106.034029	0.000146	9.0
1854	-0.062921	106.001483	0.001336	10.7
1855	-0.975177	105.968964	0.004407	7.9
1856	-0.630658	105.936472	0.004323	11.3
1857	-0.725999	105.904006	0.003562	9.8
1858	-0.000000	105.871566	0.000000	9.4
1859	-0.738442	105.839153	0.004383	9.1
1860	-0.098421	105.806767	0.001898	9.7
1861	-0.000000	105.774407	0.000000	8.4
1862	-0.000000	105.742073	0.000000	9.3
1863	-0.754997	105.709766	0.004131	10.1
1864	-0.832283	105.677485	0.002310	10.0
1865	-0.614616	105.645230	0.003127	9.0
1866	-0.000000	105.613001	0.000000	9.4
1867	-0.000000	105.580799	0.000000	9.7
1868	-0.072430	105.548623	0.000857	9.3
1869	-0.000000	105.516473	0.000000	9.9
1870	-0.000000	105.484349	0.000000	13.3
1871	-0.000000	105.452251	0.000000	7.8
1872	-0.000000	105.420179	0.000000	8.2
1873	-1.034085	105.388133	0.005385	7.9
1874	-0.000000	105.356113	0.000000	7.3
1875	-0.424392	105.324119	0.002289	8.8
1876	-0.000000	105.292151	0.000000	8.9
1877	-0.975057	105.260209	0.003975	8.6
1878	-0.000000	105.228293	0.000000	10.8
1879	-0.136227	105.196402	0.001608	8.9
1880	-0.021722	105.164537	0.000351	9.8
1881	-0.083478	105.132698	0.000535	9.7
1882	-1.008355	105.100885	0.003008	10.1
1883	-0.024830	105.069097	0.001459	10.6
1884	-0.000000	105.037335	0.000000	9.7
1885	-1.044299	105.005598	0.005281	8.8
1886	-0.000000	104.973887	0.000000	9.2
1887	-1.084769	104.942202	0.003923	8.7
1888	-0.798526	104.910542	0.002532	9.3
1889	-0.060935	104.878907	0.001496	10.6
1890	-0.766495	104.847298	0.003456	9.1
1891	-0.003840	104.815715	0.000274	8.5
1892	-0.000000	104.784156	0.000000	9.4
1893	-0.000000	104.752623	0.000000	7.5
1894	-0.412152	104.721116	0.002024	10.1
1895	-1.109753	104.689633	0.005662	11.1
1896	-0.000000	104.658176	0.000000	10.0
1897	-0.000000	104.626744	0.000000	9.6
1898	-0.000000	104.595337	0.000000	8.1
1899	-1.002808	104.563955	0.004310	9.0
1900	-0.102778	104.532599	0.000991	9.1
1901	-0.886527	104.501267	0.003025	8.8
1902	-0.104794	104.469960	0.000813	10.3
1903	-0.933879	104.438679	0.002517	8.5
1904	-1.102306	104.407422	0.003996	9.1
1905	-0.131638	104.376191	0.002945	8.6
1906	-0.000000	104.344984	0.000000	9.2
1907	-0.615866	104.313802	0.003524	11.1
1908	-0.747862	104.282645	0.004741	8.6
1909	-0.053036	104.251513	0.000934	9.3
1910	-0.979534	104.220405	0.004035	8.9
1911	-0.020613	104.189323	0.000730	8.3
1912	-0.585286	104.158265	0.002119	9.5
1913	-0.000000	104.127231	0.000000	8.7
1914	-0.000037	104.096222	0.000051	21.2
1915	-0.000000	104.065238	0.000000	7.5
1916	-0.000000	104.034279	0.000000	8.4
1917	-0.414994	104.003344	0.002180	9.2
1918	-0.051964	103.972433	0.000550	10.1
1919	-0.688945	103.941547	0.003119	9.2
1920	-0.000000	103.910686	0.000000	7.9
1921	-0.029383	103.879849	0.000681	10.6
1922	-0.000000	103.849036	0.000000	8.8
1923	-0.883848	103.818248	0.005226	8.9
1924	-0.000000	103.787484	0.000000	11.9
1925	-0.202940	103.756744	0.002357	9.2
1926	-0.749877	103.726029	0.003326	8.6
1927	-0.839516	103.695338	0.004298	9.3
1928	-0.000000	103.664671	0.000000	9.0
1929	-0.000000	103.634028	0.000000	12.0
1930	-0.939980	103.603409	0.002871	9.2
1931	-0.140935	103.572814	0.001249	8.8
1932	-0.000000	103.542244	0.000000	8.4
1933	-0.000000	103.511698	0.000000	9.0
1934	-0.829261	103.481175	0.003045	9.1
1935	-0.427028	103.450677	0.002553	10.7
1936	-0.698357	103.420202	0.003854	9.1
1937	-0.879890	103.389752	0.002232	10.1
1938	-0.000000	103.359325	0.000000	9.4
1939	-0.046348	103.328922	0.000346	10.3
1940	-0.000000	103.298543	0.000000	10.8
1941	-0.665921	103.268188	0.002459	7.6
1942	-0.000003	103.237857	0.000003	8.0
1943	-0.193429	103.207549	0.001533	8.9
1944	-0.057492	103.177265	0.000973	8.4
1945	-0.000000	103.147005	0.000000	9.5
1946	-0.000000	103.116768	0.000000	9.4
1947	-0.000000	103.086556	0.000000	9.2
1948	-0.925069	103.056366	0.003754	10.0
1949	-0.069650	103.026200	0.000839	8.3
1950	-0.488153	102.996058	0.001718	9.5
1951	-0.000000	102.965939	0.000000	8.5
1952	-0.012530	102.935844	0.000218	8.9
1953	-0.792544	102.905772	0.004654	8.7
1954	-0.000000	102.875724	0.000000	8.2
1955	-0.000000	102.845699	0.000000	10.6
1956	-0.000000	102.815697	0.000000	8.5
1957	-0.000000	102.785719	0.000000	9.9
1958	-0.000000	102.755764	0.000000	9.5
1959	-0.994484	102.725832	0.003084	7.9
1960	-0.213209	102.695924	0.001330	11.7
1961	-0.000000	102.666038	0.000000	9.3
1962	-0.000000	102.636176	0.000000	12.9
1963	-0.032101	102.606337	0.000329	8.8
1964	-0.042209	102.576521	0.000571	9.1
1965	-0.000000	102.546728	0.000000	11.5
1966	-0.000000	102.516959	0.000000	11.8
1967	-0.918850	102.487212	0.004722	8.8
1968	-0.379107	102.457488	0.001780	7.6
1969	-0.670474	102.427788	0.006409	11.6
1970	-0.000000	102.398110	0.000000	7.6
1971	-0.000008	102.368455	0.000009	8.6
1972	-1.025571	102.338823	0.003635	8.8
1973	-0.000000	102.309214	0.000000	8.9
1974	-0.769080	102.279628	0.002060	9.6
1975	-0.000000	102.250064	0.000000	9.7
1976	-0.032571	102.220524	0.000238	8.8
1977	-0.000000	102.191006	0.000000	9.9
1978	-0.030425	102.161511	0.000266	7.4
1979	-0.799451	102.132038	0.003410	10.4
1980	-0.192614	102.102588	0.001858	8.6
1981	-0.000000	102.073161	0.000000	9.8
1982	-0.000000	102.043757	0.000000	8.3
1983	-0.000343	102.014375	0.000158	9.2
1984	-0.080715	101.985015	0.001281	10.0
1985	-0.000000	101.955678	0.000000	8.6
1986	-0.647675	101.926364	0.004492	9.2
1987	-0.284943	101.897072	0.002099	9.0
1988	-1.043930	101.867802	0.003533	7.8
1989	-0.102695	101.838555	0.001335	9.5
1990	-0.000000	101.809330	0.000000	8.0
1991	-0.000000	101.780128	0.000000	8.5
1992	-0.000000	101.750948	0.000000	9.0
1993	-0.001813	101.721790	0.000227	9.8
1994	-0.264314	101.692654	0.001965	10.3
1995	-0.734396	101.663541	0.004960	7.9
1996	-0.000000	101.634450	0.000000	9.2
1997	-0.000005	101.605381	0.000006	9.1
1998	-0.726912	101.576335	0.003709	8.6
1999	-0.288197	101.547310	0.001461	10.8
