1:ItNr	2:Metric	3:StepSize	4:||Gradient||	Time[ms]
0	-0.000074	627.201626	0.000017	620.4
1	-0.165798	623.504937	0.010538	10.9
2	-0.000310	619.865785	0.000071	8.1
3	-0.000000	616.282728	0.000000	9.8
4	-0.086545	612.754375	0.002913	8.0
5	-0.196729	609.279381	0.006517	11.0
6	-1.464361	605.856447	0.023224	7.7
7	-0.000000	602.484317	0.000000	9.1
8	-0.255530	599.161779	0.008722	8.1
9	-0.000000	595.887656	0.000000	10.6
10	-0.242565	592.660813	0.005028	9.2
11	-0.106975	589.480151	0.001134	8.2
12	-0.364898	586.344606	0.008156	8.6
13	-1.869541	583.253145	0.042456	8.4
14	-0.238929	580.204771	0.002217	8.8
15	-1.647280	577.198517	0.046790	9.6
16	-1.520123	574.233444	0.030377	9.5
17	-0.130563	571.308645	0.005563	9.2
18	-0.868781	568.423237	0.020562	8.6
19	-0.074014	565.576365	0.001984	7.7
20	-0.389439	562.767201	0.007271	10.6
21	-1.679378	559.994938	0.029671	8.4
22	-0.763776	557.258797	0.008389	8.9
23	-0.000000	554.558018	0.000000	8.3
24	-0.127712	551.891865	0.002679	8.4
25	-0.000492	549.259621	0.000109	9.6
26	-1.616186	546.660592	0.026793	14.8
27	-1.276244	544.094102	0.017836	8.1
28	0.000000	541.559494	0.000000	15.2
29	-0.000000	539.056129	0.000000	10.2
30	-1.690680	536.583387	0.017409	7.5
31	-1.804297	534.140663	0.015244	8.9
32	-1.370386	531.727370	0.024497	8.4
33	-0.000043	529.342935	0.000011	9.0
34	-0.000000	526.986802	0.000000	9.6
35	-1.199019	524.658430	0.030856	9.6
36	-0.000000	522.357290	0.000000	8.5
37	-1.126670	520.082868	0.017654	8.1
38	-1.462238	517.834665	0.033367	8.9
39	-0.000001	515.612193	0.000000	9.0
40	-0.959132	513.414976	0.034761	8.4
41	-0.000005	511.242551	0.000001	10.2
42	-1.042311	509.094468	0.010448	10.4
43	-0.004830	506.970285	0.000758	8.3
44	-0.201746	504.869574	0.006883	11.4
45	-0.000016	502.791916	0.000005	8.1
46	-0.614404	500.736903	0.006981	9.1
47	-0.000001	498.704137	0.000000	8.2
48	-0.000000	496.693228	0.000000	8.7
49	-1.301576	494.703798	0.032275	9.5
50	-0.801869	492.735476	0.023206	10.2
51	-0.000000	490.787900	0.000000	10.7
52	-0.897519	488.860718	0.021360	9.3
53	-0.185666	486.953585	0.006316	10.4
54	-1.061641	485.066164	0.017193	10.7
55	-0.186868	483.198126	0.010258	11.6
56	-1.897731	481.349149	0.007699	8.8
57	-0.064932	479.518920	0.004740	9.5
58	-0.416725	477.707132	0.007001	8.3
59	-0.051185	475.913485	0.003293	8.7
60	-0.000000	474.137684	0.000000	11.0
61	-0.578099	472.379445	0.009197	8.2
62	-0.011400	470.638485	0.001505	11.7
63	-1.890052	468.914531	0.018661	9.1
64	-1.674148	467.207315	0.021706	10.5
65	-0.000000	465.516573	0.000000	9.7
66	-0.275915	463.842050	0.003294	7.9
67	-0.745678	462.183494	0.011031	11.6
68	-1.699643	460.540658	0.038628	10.6
69	-1.400436	458.913303	0.020787	14.0
70	-1.306123	457.301192	0.025186	11.0
71	-1.701713	455.704096	0.030963	9.2
72	-1.724314	454.121787	0.027917	8.6
73	-1.742634	452.554045	0.028067	9.0
74	-0.003427	451.000653	0.000242	8.0
75	-0.660761	449.461399	0.033598	9.1
76	-0.006035	447.936075	0.000966	7.8
77	-0.980818	446.424477	0.007734	10.1
78	-0.019599	444.926406	0.000600	8.8
79	-0.633691	443.441666	0.014376	8.4
80	-0.000022	441.970065	0.000005	8.7
81	-0.000000	440.511415	0.000000	8.5
82	-1.408602	439.065533	0.020063	9.1
83	-1.592738	437.632238	0.029151	22.5
84	-0.678432	436.211351	0.010980	7.2
85	-0.102548	434.802701	0.005118	6.9
86	-0.073679	433.406117	0.002045	10.0
87	-0.000000	432.021430	0.000000	9.5
88	-1.432867	430.648479	0.017254	9.8
89	-0.000000	429.287101	0.000000	7.7
90	-0.957293	427.937140	0.027507	9.9
91	-0.000000	426.598440	0.000000	9.1
92	-1.930807	425.270849	0.011072	8.7
93	-0.254464	423.954220	0.006490	9.4
94	-0.884939	422.648404	0.014709	9.4
95	-1.236976	421.353259	0.013226	8.6
96	-0.048547	420.068643	0.001037	10.5
97	-1.398858	418.794419	0.008542	7.6
98	-1.786393	417.530451	0.011635	9.2
99	-0.000000	416.276604	0.000000	9.7
100	-1.593852	415.032748	0.013828	10.0
101	-0.000000	413.798754	0.000000	9.0
102	-1.762550	412.574495	0.016109	8.3
103	-0.014257	411.359849	0.001034	9.0
104	-0.301644	410.154691	0.005093	9.6
105	-1.895732	408.958904	0.014954	8.1
106	-0.681969	407.772368	0.009216	10.7
107	-1.404677	406.594968	0.009967	7.2
108	-1.217019	405.426590	0.014068	8.0
109	-0.829796	404.267122	0.009590	8.7
110	-1.783694	403.116456	0.014693	9.8
111	-0.000000	401.974481	0.000000	9.8
112	-0.791143	400.841093	0.009484	9.1
113	-0.708158	399.716187	0.009115	9.2
114	-1.167434	398.599660	0.022601	16.2
115	-0.000000	397.491411	0.000000	8.7
116	-0.000000	396.391342	0.000000	7.7
117	-1.737510	395.299353	0.012558	11.1
118	-0.002106	394.215350	0.000303	8.5
119	-0.000000	393.139238	0.000000	9.2
120	-0.007880	392.070924	0.000219	8.5
121	-0.720762	391.010316	0.007000	8.5
122	-1.717309	389.957325	0.021539	8.9
123	-0.302277	388.911862	0.004251	9.2
124	-0.000000	387.873839	0.000000	8.9
125	-1.762676	386.843173	0.014686	12.5
126	-1.363764	385.819777	0.018240	8.9
127	-0.000000	384.803569	0.000000	8.9
128	-1.584365	383.794468	0.006868	9.7
129	-0.000000	382.792393	0.000000	9.5
130	-0.114601	381.797264	0.004398	9.4
131	-0.063451	380.809005	0.001521	8.3
132	-0.000044	379.827537	0.000012	8.6
133	-1.515366	378.852786	0.013353	10.2
134	-0.316151	377.884678	0.006933	8.4
135	-0.027141	376.923138	0.001253	9.2
136	-1.516252	375.968095	0.027030	9.6
137	-0.000244	375.019479	0.000059	9.5
138	-1.703630	374.077218	0.028348	8.4
139	-1.725908	373.141244	0.017308	8.2
140	-0.002312	372.211489	0.000371	10.7
141	-0.000053	371.287887	0.000011	8.9
142	-0.430674	370.370370	0.006293	10.1
143	-0.460252	369.458876	0.006122	7.9
144	-1.594749	368.553338	0.031505	7.7
145	-0.000000	367.653696	0.000000	11.3
146	-0.982755	366.759885	0.009133	9.3
147	-0.064790	365.871846	0.001704	8.2
148	-0.000469	364.989518	0.000104	8.3
149	-0.000000	364.112841	0.000000	7.3
150	-0.000016	363.241757	0.000004	9.2
151	-1.394381	362.376208	0.015816	8.9
152	-1.121359	361.516137	0.008401	8.3
153	-0.000000	360.661488	0.000000	9.0
154	-1.084916	359.812206	0.032460	8.2
155	-0.242222	358.968236	0.005013	9.1
156	-1.794573	358.129524	0.026341	9.0
157	-1.734436	357.296018	0.018175	8.1
158	-0.007702	356.467665	0.000330	8.4
159	-1.260226	355.644414	0.040904	11.8
160	-1.745535	354.826213	0.028622	9.1
161	-1.074092	354.013012	0.021659	9.8
162	-0.000000	353.204763	0.000000	9.1
163	-0.000000	352.401415	0.000000	9.8
164	-1.223758	351.602922	0.017371	8.3
165	-0.270757	350.809235	0.009904	9.9
166	-0.186245	350.020308	0.005006	9.8
167	-0.435093	349.236095	0.003814	7.7
168	-0.000000	348.456550	0.000000	8.2
169	-0.108244	347.681627	0.005376	9.3
170	-1.759094	346.911283	0.017729	11.4
171	-0.003689	346.145474	0.000704	7.6
172	-0.000000	345.384157	0.000000	8.5
173	-1.744002	344.627288	0.021682	8.7
174	-1.672768	343.874826	0.024890	8.2
175	-0.011101	343.126729	0.000823	10.4
176	-0.000000	342.382957	0.000000	8.6
177	-1.004321	341.643469	0.010152	9.4
178	-0.174979	340.908224	0.006587	8.5
179	-0.954765	340.177184	0.017054	9.6
180	-0.915489	339.450309	0.047322	10.2
181	-1.511419	338.727561	0.037210	7.8
182	-0.000112	338.008902	0.000024	12.1
183	-0.000000	337.294295	0.000000	10.1
184	-0.319883	336.583703	0.010820	11.9
185	-0.830088	335.877089	0.005739	7.4
186	-0.027313	335.174416	0.001621	9.4
187	-1.732438	334.475651	0.022032	8.2
188	-0.000000	333.780756	0.000000	9.1
189	-0.026416	333.089698	0.001908	8.3
190	-1.145045	332.402443	0.009855	9.3
191	-0.112926	331.718955	0.002618	10.3
192	-0.105272	331.039203	0.007931	9.0
193	-1.596776	330.363153	0.045455	8.5
194	-0.191318	329.690771	0.005759	11.1
195	-1.270677	329.022027	0.008377	7.9
196	-0.152438	328.356888	0.001910	8.8
197	-0.001452	327.695322	0.000206	8.0
198	-0.000000	327.037299	0.000000	9.7
199	-0.370452	326.382787	0.006002	8.4
200	-0.052800	325.731758	0.002313	8.6
201	-0.152622	325.084179	0.005434	9.8
202	-1.686551	324.440023	0.018058	7.8
203	-0.000024	323.799258	0.000006	9.0
204	-1.728080	323.161858	0.046094	9.2
205	-1.761718	322.527792	0.032513	10.6
206	-0.000000	321.897034	0.000000	10.3
207	-0.000001	321.269554	0.000000	8.7
208	-0.000000	320.645325	0.000000	9.2
209	-0.000000	320.024320	0.000000	8.0
210	-0.489546	319.406512	0.012269	9.9
211	-1.791870	318.791875	0.012758	10.9
212	-0.004541	318.180381	0.000747	8.1
213	-0.000054	317.572005	0.000014	10.7
214	-0.011304	316.966721	0.000898	10.1
215	-1.721774	316.364504	0.016946	8.5
216	-0.513780	315.765329	0.010303	8.9
217	-0.000000	315.169170	0.000000	9.0
218	-0.000001	314.576003	0.000000	8.3
219	-1.365497	313.985804	0.008124	11.1
220	-1.456244	313.398548	0.011081	9.4
221	-0.328048	312.814213	0.007877	9.5
222	-1.054081	312.232773	0.010745	9.1
223	-0.017215	311.654207	0.001231	8.6
224	-0.024429	311.078491	0.001489	8.9
225	-0.000000	310.505602	0.000000	8.4
226	-0.000042	309.935518	0.000010	8.5
227	-1.732400	309.368217	0.023562	8.0
228	-0.918772	308.803676	0.030465	9.2
229	-1.735307	308.241874	0.035781	8.2
230	-1.746048	307.682789	0.027185	8.7
231	-1.816029	307.126400	0.013602	10.1
232	-1.538198	306.572687	0.029360	7.5
233	-1.831249	306.021627	0.021036	9.2
234	-0.187836	305.473201	0.005401	9.6
235	-0.779699	304.927388	0.011878	8.4
236	-1.034476	304.384168	0.019780	9.8
237	-0.000000	303.843521	0.000000	9.1
238	-0.012384	303.305427	0.001244	10.1
239	-0.000328	302.769867	0.000061	9.3
240	-1.804490	302.236821	0.025208	9.9
241	-0.394312	301.706270	0.004692	7.9
242	-0.133839	301.178196	0.002665	10.0
243	-1.747549	300.652580	0.031518	8.0
244	-1.462539	300.129402	0.017484	12.0
245	-0.542434	299.608645	0.009893	9.0
246	-0.000318	299.090291	0.000066	9.1
247	-0.650016	298.574321	0.008618	9.0
248	-1.596041	298.060718	0.021383	8.6
249	-1.496285	297.549465	0.021464	9.4
250	-0.526539	297.040543	0.015344	9.0
251	-0.033464	296.533936	0.001026	10.1
252	-0.667316	296.029626	0.009932	9.4
253	-0.733610	295.527597	0.014850	7.1
254	-0.000000	295.027832	0.000000	11.0
255	-0.359038	294.530315	0.006737	8.3
256	-0.444075	294.035028	0.009172	9.8
257	-0.018073	293.541956	0.001409	8.6
258	-0.228379	293.051083	0.002913	10.1
259	-1.199206	292.562393	0.012375	8.6
260	-0.000000	292.075870	0.000000	9.2
261	-0.361321	291.591498	0.006706	8.0
262	-1.633317	291.109263	0.013866	10.7
263	-1.618450	290.629149	0.015547	9.7
264	-0.845936	290.151140	0.006433	8.9
265	-1.608178	289.675222	0.050939	8.3
266	-1.004673	289.201380	0.006631	8.6
267	-0.383458	288.729600	0.004844	7.8
268	-0.000000	288.259866	0.000000	8.1
269	-0.876053	287.792165	0.006926	8.9
270	-1.646084	287.326481	0.025575	8.4
271	-0.698425	286.862802	0.033597	10.5
272	-0.000001	286.401113	0.000000	8.5
273	-1.264924	285.941400	0.029224	7.9
274	-1.134959	285.483649	0.009155	8.4
275	-0.000000	285.027847	0.000000	10.3
276	-0.000000	284.573981	0.000000	7.9
277	-0.126680	284.122037	0.008652	10.0
278	-1.149180	283.672002	0.014386	8.8
279	-0.005171	283.223863	0.000218	10.1
280	-1.733557	282.777607	0.022624	9.3
281	-0.000014	282.333221	0.000004	9.6
282	-0.000000	281.890692	0.000000	8.2
283	-1.806112	281.450008	0.012228	9.3
284	-1.404383	281.011157	0.007560	10.4
285	-0.329133	280.574125	0.005662	8.5
286	-1.248402	280.138901	0.027642	9.8
287	-0.000000	279.705473	0.000000	9.5
288	-1.583147	279.273829	0.032497	8.3
289	-1.159700	278.843956	0.018684	8.7
290	-0.000000	278.415844	0.000000	8.8
291	-1.845764	277.989479	0.017282	8.0
292	-1.169649	277.564851	0.012017	7.9
293	-1.864403	277.141949	0.016414	10.4
294	-0.190490	276.720761	0.008424	10.3
295	-0.433004	276.301275	0.009223	10.4
296	-1.953657	275.883480	0.021865	7.9
297	-0.294803	275.467366	0.004400	7.7
298	-1.621994	275.052922	0.034692	9.3
299	-0.913686	274.640136	0.009607	8.8
300	-1.595782	274.228998	0.015108	8.3
301	-0.097495	273.819497	0.003053	9.1
302	-0.061882	273.411623	0.003028	10.0
303	-0.581674	273.005365	0.009665	8.6
304	-0.000000	272.600712	0.000000	12.1
305	-1.758637	272.197655	0.021594	7.8
306	-0.226206	271.796184	0.008305	7.6
307	-0.645334	271.396287	0.008602	8.8
308	-0.007872	270.997956	0.000426	8.7
309	-0.001099	270.601180	0.000217	8.4
310	-0.000000	270.205949	0.000000	8.4
311	-0.539321	269.812254	0.009053	9.5
312	-1.829411	269.420085	0.019180	8.6
313	-0.000370	269.029432	0.000077	9.5
314	-0.914680	268.640287	0.010898	10.7
315	-1.698112	268.252638	0.023317	9.7
316	-1.389264	267.866478	0.040745	8.9
317	-1.771999	267.481796	0.024306	11.2
318	-1.445669	267.098584	0.010757	7.6
319	-1.869529	266.716833	0.018457	8.8
320	-0.077661	266.336533	0.003290	8.1
321	-0.302033	265.957676	0.007529	9.7
322	-0.000000	265.580253	0.000000	8.1
323	-0.160418	265.204254	0.003095	9.2
324	-0.000112	264.829672	0.000028	9.2
325	-0.440213	264.456497	0.005805	8.5
326	-0.126686	264.084721	0.003434	9.6
327	-1.025233	263.714335	0.013877	11.4
328	-0.006306	263.345332	0.000395	8.3
329	-1.342470	262.977702	0.014085	10.5
330	-0.339010	262.611438	0.009486	9.8
331	-0.001620	262.246531	0.000238	9.4
332	-1.569428	261.882973	0.022298	10.2
333	-0.000124	261.520756	0.000019	9.5
334	-0.000000	261.159871	0.000000	7.9
335	-1.048668	260.800312	0.005734	11.7
336	-1.269715	260.442070	0.029011	8.7
337	-0.881824	260.085137	0.027086	8.8
338	-1.661172	259.729505	0.027053	10.7
339	-1.613856	259.375167	0.020182	9.1
340	-0.000000	259.022116	0.000000	9.0
341	-1.777125	258.670343	0.018646	8.1
342	-0.000000	258.319841	0.000000	9.0
343	-1.962881	257.970602	0.015265	10.2
344	-0.000000	257.622620	0.000000	10.7
345	-1.860905	257.275887	0.027388	8.3
346	-1.446606	256.930396	0.013326	8.4
347	-1.544751	256.586139	0.004544	8.2
348	-0.004322	256.243109	0.000656	11.2
349	-1.157356	255.901300	0.016733	8.1
350	-1.930771	255.560703	0.019556	10.2
351	-1.044860	255.221313	0.046046	11.1
352	-0.003672	254.883122	0.000558	9.4
353	-0.007392	254.546124	0.001086	9.3
354	-0.922245	254.210311	0.009288	8.2
355	-0.000000	253.875677	0.000000	7.1
356	-0.000007	253.542215	0.000002	10.8
357	-1.221302	253.209918	0.033038	9.5
358	-0.748231	252.878781	0.029498	9.2
359	-0.000000	252.548795	0.000000	8.5
360	-1.093131	252.219956	0.017596	10.1
361	-1.256290	251.892255	0.018504	8.9
362	-0.000000	251.565688	0.000000	8.2
363	-1.365972	251.240247	0.008119	10.9
364	-0.000000	250.915926	0.000000	9.6
365	-0.000000	250.592720	0.000000	8.5
366	-0.000000	250.270621	0.000000	8.0
367	-1.131275	249.949624	0.009968	8.2
368	-0.000000	249.629723	0.000000	8.9
369	-1.168203	249.310911	0.010421	10.2
370	-0.442523	248.993182	0.005853	7.9
371	-1.019464	248.676531	0.033227	9.2
372	-0.004624	248.360952	0.000461	8.1
373	-0.000071	248.046438	0.000016	8.3
374	-1.250564	247.732984	0.015316	8.8
375	-1.564623	247.420584	0.022474	8.0
376	-0.237854	247.109233	0.009104	11.6
377	-0.000000	246.798924	0.000000	8.5
378	-1.910284	246.489652	0.016667	8.6
379	-0.005170	246.181412	0.000321	9.9
380	-1.322269	245.874197	0.030875	12.7
381	-1.576478	245.568002	0.029619	8.7
382	-1.566302	245.262822	0.006696	9.2
383	-0.347379	244.958652	0.005732	9.6
384	-1.347133	244.655485	0.016415	9.0
385	-0.708691	244.353317	0.009149	9.1
386	-0.056541	244.052142	0.002789	8.5
387	-0.043627	243.751955	0.003732	7.9
388	-0.401072	243.452750	0.005493	8.0
389	-0.000496	243.154523	0.000073	9.1
390	-0.692488	242.857268	0.008220	9.9
391	-0.715546	242.560980	0.005998	8.6
392	-1.797250	242.265654	0.015754	10.2
393	-0.000000	241.971285	0.000000	8.8
394	-1.547931	241.677868	0.011277	9.4
395	-0.102125	241.385397	0.004321	8.1
396	-0.631162	241.093869	0.010443	9.0
397	-0.000007	240.803278	0.000002	9.0
398	-1.856947	240.513619	0.032689	9.4
399	-0.000000	240.224887	0.000000	10.5
400	-0.719638	239.937077	0.010578	9.4
401	-0.541378	239.650186	0.005813	8.4
402	-0.000000	239.364207	0.000000	9.6
403	-0.000289	239.079136	0.000064	8.0
404	-0.979031	238.794969	0.013184	8.9
405	-1.206871	238.511701	0.016990	8.2
406	-0.764356	238.229327	0.023604	8.2
407	0.000000	237.947843	0.000000	9.8
408	-0.037665	237.667244	0.001158	8.1
409	-1.722093	237.387526	0.044934	8.4
410	-1.710110	237.108684	0.018163	8.7
411	-0.000000	236.830714	0.000000	10.8
412	-0.240551	236.553610	0.006494	9.1
413	-1.200191	236.277370	0.014612	9.7
414	-0.971606	236.001989	0.009894	10.9
415	-0.228694	235.727461	0.006278	7.9
416	-0.728473	235.453784	0.009752	10.9
417	-0.826872	235.180952	0.012161	9.9
418	-1.198578	234.908962	0.015192	9.0
419	-1.765946	234.637809	0.030621	9.4
420	-1.599495	234.367488	0.012232	9.3
421	-1.194500	234.097997	0.028798	9.3
422	-0.497864	233.829331	0.009061	9.3
423	-0.224427	233.561485	0.005086	10.6
424	-0.000000	233.294456	0.000000	8.6
425	-0.919449	233.028239	0.010742	9.5
426	-1.324085	232.762831	0.035381	8.1
427	-0.000000	232.498228	0.000000	9.2
428	-1.474073	232.234425	0.038420	9.1
429	-1.606850	231.971419	0.027075	8.9
430	-0.184077	231.709205	0.008071	8.6
431	-1.133554	231.447781	0.008319	8.8
432	-1.895886	231.187141	0.006173	10.4
433	-0.358120	230.927283	0.005472	8.6
434	-0.052658	230.668202	0.003431	9.0
435	-0.000000	230.409895	0.000000	8.4
436	-0.253837	230.152358	0.006059	9.6
437	-1.900163	229.895587	0.014172	10.1
438	-1.778464	229.639578	0.021080	8.8
439	-0.000046	229.384329	0.000010	8.4
440	-0.000326	229.129834	0.000067	8.5
441	-1.832907	228.876091	0.035007	8.3
442	-0.000000	228.623096	0.000000	8.3
443	-1.303298	228.370846	0.018974	8.9
444	-0.112970	228.119336	0.004808	10.2
445	-0.000000	227.868563	0.000000	9.3
446	-1.893548	227.618525	0.011013	9.7
447	-0.131649	227.369216	0.002998	11.5
448	-0.924353	227.120635	0.013683	8.8
449	-0.888866	226.872777	0.008860	7.7
450	-0.011200	226.625638	0.000989	8.6
451	-1.054111	226.379217	0.007235	8.6
452	-1.312078	226.133509	0.017974	8.4
453	-0.000000	225.888510	0.000000	8.0
454	-0.194276	225.644218	0.004905	9.2
455	-0.000000	225.400630	0.000000	8.9
456	-0.576959	225.157741	0.011077	9.8
457	-1.248438	224.915549	0.010417	8.4
458	-0.003132	224.674051	0.000397	7.7
459	-1.191710	224.433242	0.031406	8.4
460	-0.228980	224.193121	0.004279	8.4
461	-0.000000	223.953684	0.000000	8.5
462	-0.293525	223.714927	0.006243	8.9
463	-0.712122	223.476848	0.018354	8.5
464	-0.866613	223.239444	0.007341	9.1
465	-0.790244	223.002710	0.034316	8.0
466	-1.805752	222.766645	0.048213	10.5
467	-1.086943	222.531245	0.018971	10.0
468	-1.255826	222.296508	0.021919	8.7
469	-0.301485	222.062429	0.006779	10.1
470	-0.974536	221.829007	0.007110	9.3
471	-1.861352	221.596238	0.023255	9.7
472	-0.100133	221.364119	0.004646	9.1
473	-0.765680	221.132647	0.012295	7.8
474	-1.865720	220.901820	0.035295	8.6
475	0.000000	220.671634	0.000000	8.4
476	-1.860197	220.442086	0.012861	8.7
477	-0.341283	220.213174	0.007849	7.8
478	-0.534157	219.984895	0.008842	9.6
479	-1.717047	219.757246	0.006543	8.8
480	-1.143687	219.530224	0.048362	8.1
481	-0.913650	219.303826	0.015627	8.9
482	-0.010717	219.078050	0.001402	8.4
483	-0.079128	218.852893	0.003218	8.6
484	-1.770363	218.628352	0.027052	10.7
485	-0.392868	218.404424	0.009746	8.1
486	-0.032602	218.181106	0.001295	10.7
487	-0.058476	217.958397	0.002342	8.6
488	-0.127417	217.736292	0.003581	8.5
489	-1.706081	217.514790	0.051926	9.0
490	-1.218577	217.293888	0.019224	8.9
491	-1.298159	217.073584	0.019753	9.4
492	-0.355986	216.853873	0.004434	7.8
493	-0.019312	216.634755	0.000603	10.5
494	-1.659800	216.416227	0.020426	9.7
495	-1.126034	216.198285	0.007349	8.2
496	-0.000022	215.980927	0.000005	7.3
497	-0.000000	215.764151	0.000000	8.1
498	-0.000003	215.547955	0.000001	9.7
499	-0.588379	215.332335	0.007855	9.1
500	-0.995472	215.117289	0.028289	9.9
501	-0.000063	214.902815	0.000013	8.4
502	-0.144358	214.688911	0.003659	8.4
503	-0.253331	214.475573	0.006447	10.1
504	-0.674354	214.262800	0.009491	9.1
505	-1.800184	214.050588	0.023235	9.1
506	-1.677483	213.838936	0.035960	7.1
507	-0.539783	213.627842	0.008494	9.5
508	-0.000000	213.417302	0.000000	10.4
509	-0.147884	213.207314	0.004267	8.8
510	-1.624274	212.997877	0.038327	10.8
511	-1.637091	212.788987	0.037100	12.3
512	-0.000000	212.580642	0.000000	8.9
513	-1.491614	212.372841	0.021352	9.1
514	-0.000000	212.165581	0.000000	9.5
515	-0.004288	211.958859	0.000601	9.3
516	-1.604563	211.752673	0.033021	9.7
517	-1.954103	211.547021	0.016079	8.8
518	-0.000000	211.341902	0.000000	10.0
519	-0.162012	211.137311	0.005937	9.9
520	-0.147617	210.933248	0.006036	9.1
521	-0.653813	210.729710	0.010744	8.9
522	-0.000000	210.526695	0.000000	8.9
523	-1.613530	210.324200	0.029348	8.8
524	-1.577276	210.122224	0.035452	10.0
525	-1.929986	209.920765	0.026057	8.8
526	-1.857586	209.719820	0.008792	8.3
527	-0.166951	209.519387	0.004419	8.7
528	-0.000000	209.319463	0.000000	8.9
529	-1.817256	209.120048	0.022169	10.0
530	-1.686222	208.921139	0.031191	8.8
531	-0.264560	208.722733	0.006797	8.1
532	-0.021225	208.524829	0.001670	8.8
533	-0.101080	208.327425	0.003318	9.1
534	-1.848441	208.130518	0.018359	10.8
535	-0.000229	207.934107	0.000051	8.9
536	-0.092243	207.738189	0.003897	8.4
537	-0.000000	207.542762	0.000000	9.9
538	-1.062554	207.347825	0.021350	7.8
539	-0.000000	207.153376	0.000000	9.1
540	-0.014463	206.959412	0.000945	8.0
541	-1.369417	206.765932	0.024571	8.8
542	-0.246510	206.572933	0.004351	8.2
543	-0.063464	206.380414	0.002255	10.6
544	-0.000000	206.188373	0.000000	12.9
545	-1.968899	205.996807	0.016142	7.9
546	-0.041091	205.805716	0.002517	9.5
547	-0.000000	205.615096	0.000000	11.0
548	-1.707354	205.424946	0.017136	8.1
549	-1.491493	205.235265	0.031747	8.4
550	-1.073351	205.046050	0.017437	9.3
551	-1.771508	204.857299	0.012551	8.6
552	-0.614724	204.669011	0.011506	10.0
553	-1.848452	204.481184	0.018917	9.1
554	-2.013766	204.293816	0.014639	8.5
555	-0.120049	204.106905	0.004776	9.1
556	-0.215287	203.920449	0.004945	10.5
557	-1.126603	203.734447	0.028278	8.8
558	-0.000000	203.548896	0.000000	7.9
559	-0.000006	203.363795	0.000002	10.1
560	-0.137069	203.179143	0.003465	9.5
561	-0.444022	202.994937	0.008055	8.3
562	-1.580887	202.811176	0.011516	11.4
563	-1.554504	202.627857	0.024501	8.4
564	-1.606574	202.444980	0.022114	14.6
565	-1.796164	202.262543	0.026525	9.5
566	-0.000000	202.080543	0.000000	9.6
567	-1.660790	201.898979	0.028124	8.8
568	-0.581563	201.717849	0.014061	8.1
569	-1.704160	201.537153	0.048838	10.1
570	-1.622003	201.356887	0.012751	9.7
571	-0.000000	201.177050	0.000000	9.5
572	-0.125363	200.997642	0.004769	11.0
573	-0.053900	200.818659	0.002322	7.9
574	-0.000000	200.640100	0.000000	9.5
575	-0.000000	200.461965	0.000000	10.1
576	-0.095843	200.284250	0.002365	9.0
577	-1.561605	200.106955	0.024164	8.6
578	-0.445142	199.930078	0.005480	10.6
579	-0.485821	199.753617	0.009427	11.0
580	-0.585791	199.577571	0.008673	7.3
581	-0.000000	199.401938	0.000000	8.2
582	-1.186531	199.226717	0.011616	7.9
583	-0.046148	199.051905	0.002291	9.6
584	-0.000003	198.877502	0.000001	7.9
585	-0.177174	198.703506	0.005478	7.5
586	-0.004420	198.529916	0.000650	9.6
587	-1.418823	198.356729	0.050601	7.9
588	-0.000000	198.183944	0.000000	8.3
589	-0.181095	198.011560	0.003224	9.7
590	-0.436342	197.839576	0.008523	8.3
591	-1.876023	197.667989	0.025384	9.8
592	-0.004532	197.496798	0.000759	8.8
593	-0.118367	197.326002	0.004787	9.3
594	-0.003093	197.155600	0.000438	9.3
595	-0.124744	196.985589	0.004395	12.0
596	-0.000000	196.815969	0.000000	8.9
597	-0.812584	196.646738	0.010529	7.2
598	-1.430210	196.477894	0.028598	8.3
599	-0.679317	196.309436	0.011912	10.3
600	-0.401625	196.141363	0.005863	8.6
601	-1.247489	195.973673	0.011436	9.2
602	-0.001538	195.806365	0.000272	8.9
603	-1.888535	195.639437	0.023689	10.1
604	-1.882496	195.472888	0.010517	8.9
605	-1.275347	195.306717	0.006111	8.0
606	-1.645582	195.140922	0.041352	9.0
607	-0.000000	194.975501	0.000000	7.6
608	-1.607904	194.810454	0.016435	9.4
609	-0.682790	194.645779	0.010214	8.8
610	-0.007946	194.481475	0.000961	8.0
611	-0.943195	194.317540	0.012744	9.9
612	-0.000000	194.153973	0.000000	9.0
613	-0.000208	193.990773	0.000048	9.4
614	-0.339394	193.827938	0.008891	9.6
615	-1.078769	193.665467	0.036140	10.3
616	-1.049388	193.503358	0.008398	10.6
617	-0.004593	193.341611	0.000536	8.6
618	-0.028815	193.180224	0.003373	7.9
619	-0.018411	193.019196	0.001466	11.4
620	-0.000000	192.858525	0.000000	7.7
621	-1.700002	192.698210	0.019575	8.4
622	-1.833336	192.538251	0.030308	9.0
623	-1.714234	192.378644	0.018613	7.4
624	-0.000084	192.219391	0.000020	10.1
625	-0.454644	192.060488	0.010340	8.2
626	-1.451581	191.901935	0.013537	9.4
627	-0.062142	191.743730	0.001740	10.0
628	-2.004456	191.585873	0.014262	8.4
629	-0.710633	191.428362	0.013378	9.1
630	-1.443488	191.271196	0.010460	8.5
631	-1.698690	191.114374	0.021535	10.9
632	-1.964558	190.957893	0.013504	8.4
633	-0.003746	190.801755	0.000585	8.7
634	-1.941754	190.645956	0.011521	9.9
635	-0.057309	190.490495	0.002037	8.4
636	-1.241840	190.335373	0.015079	9.5
637	-1.710691	190.180587	0.032500	9.2
638	-0.000000	190.026136	0.000000	8.1
639	-1.471870	189.872019	0.017122	10.3
640	-0.085810	189.718235	0.004251	11.1
641	-1.805751	189.564782	0.021786	8.3
642	-0.000000	189.411661	0.000000	8.0
643	-1.955849	189.258868	0.009600	10.1
644	-0.039067	189.106404	0.000851	8.6
645	-1.395468	188.954267	0.015802	7.8
646	-0.060275	188.802456	0.002720	9.5
647	-0.023235	188.650969	0.001800	8.7
648	-0.650489	188.499807	0.008587	10.4
649	-0.000000	188.348967	0.000000	10.1
650	-1.766673	188.198448	0.034131	7.3
651	-1.843490	188.048250	0.017106	10.0
652	-0.489833	187.898371	0.009484	7.8
653	-0.000453	187.748810	0.000093	8.1
654	-1.408240	187.599566	0.028489	10.4
655	-1.456931	187.450638	0.011510	11.9
656	-0.797706	187.302025	0.022868	9.6
657	-1.812907	187.153725	0.022360	9.5
658	-0.537589	187.005739	0.006400	7.0
659	-0.890424	186.858064	0.013681	8.9
660	-1.826050	186.710699	0.021127	8.0
661	-0.000000	186.563645	0.000000	9.2
662	-0.000000	186.416898	0.000000	8.6
663	-1.827980	186.270459	0.027993	11.1
664	-1.864413	186.124326	0.021979	8.8
665	-0.257635	185.978499	0.006882	8.2
666	-1.084701	185.832976	0.013838	9.8
667	-1.643876	185.687756	0.019211	9.7
668	-1.482273	185.542838	0.008205	9.1
669	-0.048057	185.398222	0.002015	9.4
670	-0.275266	185.253906	0.006630	8.0
671	-0.000000	185.109889	0.000000	8.4
672	-0.619454	184.966170	0.005183	8.8
673	-0.021623	184.822748	0.001158	8.3
674	-0.439354	184.679623	0.007318	8.6
675	-0.000000	184.536792	0.000000	7.7
676	-0.000000	184.394256	0.000000	8.5
677	-1.551372	184.252013	0.026550	7.9
678	-0.002806	184.110062	0.000253	9.9
679	-0.210217	183.968403	0.007153	10.2
680	-0.000003	183.827034	0.000001	9.0
681	-0.201940	183.685954	0.005017	8.0
682	-1.488838	183.545163	0.021054	7.9
683	-0.532275	183.404658	0.007698	8.9
684	-1.256537	183.264441	0.014905	10.1
685	-0.857439	183.124509	0.010672	9.0
686	-0.055916	182.984861	0.002997	8.6
687	-0.000571	182.845497	0.000112	8.4
688	-1.539255	182.706416	0.030523	8.7
689	-0.000000	182.567616	0.000000	9.4
690	-1.014417	182.429098	0.021489	21.6
691	-0.000048	182.290859	0.000013	7.8
692	-0.000278	182.152899	0.000052	8.9
693	-0.000002	182.015217	0.000001	7.9
694	-0.000000	181.877813	0.000000	10.1
695	-0.001433	181.740684	0.000237	9.5
696	-0.593128	181.603832	0.008898	9.3
697	-1.627007	181.467253	0.038365	13.7
698	-0.187711	181.330948	0.004049	9.2
699	-0.780821	181.194916	0.004845	9.2
700	-0.001385	181.059155	0.000273	8.6
701	-0.000000	180.923666	0.000000	8.2
702	-0.121886	180.788446	0.004613	10.0
703	-1.054690	180.653496	0.018565	9.4
704	-0.293045	180.518814	0.007236	7.2
705	-1.763797	180.384399	0.030509	10.0
706	-1.590199	180.250251	0.018258	9.1
707	-0.011120	180.116369	0.000722	9.9
708	-1.493091	179.982752	0.027565	9.6
709	-1.649226	179.849398	0.041649	8.3
710	-1.928200	179.716308	0.022364	9.3
711	-0.359243	179.583480	0.004765	8.1
712	-0.765583	179.450913	0.006233	9.1
713	-1.067224	179.318607	0.012118	9.7
714	-0.000000	179.186561	0.000000	7.6
715	-1.087043	179.054774	0.024803	9.6
716	-0.000000	178.923245	0.000000	9.8
717	-0.000469	178.791973	0.000093	8.5
718	-0.166392	178.660958	0.007042	11.0
719	-1.646828	178.530199	0.037587	8.2
720	-0.006881	178.399694	0.000895	9.2
721	-1.484794	178.269444	0.014354	8.7
722	-0.000000	178.139447	0.000000	9.5
723	-0.419034	178.009702	0.009188	9.3
724	-1.261323	177.880209	0.006992	6.9
725	-1.768126	177.750967	0.021043	8.9
726	-0.005739	177.621975	0.000711	8.8
727	-0.000000	177.493232	0.000000	8.6
728	-0.000018	177.364738	0.000004	9.1
729	-1.016323	177.236492	0.009100	8.4
730	-0.025771	177.108492	0.001978	9.7
731	-0.058608	176.980739	0.004610	8.7
732	-1.690443	176.853231	0.022751	9.5
733	-0.468592	176.725968	0.009737	9.6
734	-1.888019	176.598949	0.009141	11.3
735	-0.000000	176.472173	0.000000	8.3
736	-0.084411	176.345639	0.002027	8.4
737	-1.115538	176.219348	0.025436	8.7
738	-1.070400	176.093296	0.007662	8.5
739	-1.271562	175.967486	0.011866	8.1
740	-1.300105	175.841914	0.015714	11.3
741	-1.686956	175.716581	0.033845	8.6
742	-0.438652	175.591486	0.007599	7.7
743	-0.374639	175.466629	0.006229	9.4
744	-0.107238	175.342008	0.003933	8.9
745	-0.207894	175.217622	0.004506	8.7
746	-1.894815	175.093472	0.018849	12.0
747	-1.399196	174.969556	0.046065	6.8
748	-0.024401	174.845873	0.001416	8.9
749	-1.401391	174.722423	0.021760	9.6
750	-1.502719	174.599206	0.013885	8.0
751	-0.925211	174.476220	0.008058	8.7
752	-1.507009	174.353464	0.008504	9.4
753	-0.215843	174.230939	0.006018	10.3
754	-0.000000	174.108643	0.000000	9.3
755	-1.888431	173.986576	0.021478	9.3
756	-0.000833	173.864737	0.000149	7.9
757	-0.828592	173.743124	0.012487	8.2
758	-1.931920	173.621739	0.031439	8.7
759	-0.000000	173.500579	0.000000	8.5
760	-1.679689	173.379645	0.007807	9.0
761	-0.246180	173.258935	0.005536	13.6
762	-0.000000	173.138449	0.000000	6.6
763	-0.128713	173.018186	0.005053	10.0
764	-0.274009	172.898146	0.006667	8.8
765	-1.845625	172.778327	0.019161	9.2
766	-0.051347	172.658730	0.003740	8.4
767	-0.697298	172.539353	0.008868	9.5
768	0.000000	172.420196	0.000000	9.1
769	-0.837696	172.301258	0.027609	8.6
770	-1.630182	172.182539	0.045449	9.4
771	-0.000002	172.064037	0.000001	8.3
772	-0.317396	171.945753	0.004841	9.2
773	-1.837177	171.827686	0.016185	9.2
774	-0.122388	171.709834	0.006038	9.0
775	-0.000000	171.592198	0.000000	9.9
776	-1.808012	171.474776	0.011889	13.6
777	-0.000000	171.357568	0.000000	12.4
778	-0.360208	171.240574	0.006057	9.2
779	-0.000000	171.123793	0.000000	10.0
780	-1.128538	171.007223	0.031884	16.6
781	-0.395281	170.890865	0.007263	10.6
782	-0.005164	170.774718	0.000677	7.6
783	-0.067765	170.658782	0.004531	9.0
784	0.000000	170.543055	0.000000	8.5
785	-0.848160	170.427537	0.015891	8.3
786	-1.096395	170.312227	0.009137	8.8
787	-0.158498	170.197125	0.005968	9.1
788	-0.855524	170.082231	0.021081	9.8
789	-1.285750	169.967543	0.014955	10.8
790	-1.721545	169.853061	0.020532	9.9
791	-1.795461	169.738784	0.009940	8.6
792	-1.891629	169.624713	0.020130	16.8
793	-0.478778	169.510845	0.005867	8.1
794	-0.000039	169.397181	0.000009	8.9
795	-1.947398	169.283720	0.005546	8.6
796	-0.785282	169.170462	0.006841	7.6
797	-0.000002	169.057405	0.000001	8.4
798	-1.808837	168.944549	0.022128	9.9
799	-0.112228	168.831895	0.002727	8.7
800	-1.595001	168.719440	0.017741	8.7
801	-0.798727	168.607185	0.012557	10.1
802	-0.095593	168.495129	0.004589	8.5
803	-1.576714	168.383271	0.038053	9.1
804	-0.468331	168.271611	0.010933	8.3
805	-0.692864	168.160148	0.008522	8.0
806	-0.134533	168.048882	0.004837	8.9
807	-0.000000	167.937812	0.000000	7.7
808	-1.786511	167.826938	0.033270	10.7
809	-1.867573	167.716258	0.013129	11.0
810	-0.000008	167.605773	0.000002	8.2
811	-0.189195	167.495482	0.006799	9.9
812	-0.625356	167.385384	0.008881	8.0
813	-0.000000	167.275479	0.000000	8.6
814	-0.000000	167.165766	0.000000	8.9
815	-1.036449	167.056245	0.009965	9.0
816	-1.986123	166.946915	0.023084	7.8
817	-1.256041	166.837776	0.010017	7.5
818	-0.000000	166.728826	0.000000	9.7
819	-0.003593	166.620067	0.000436	8.7
820	-0.002125	166.511496	0.000357	9.4
821	-0.046317	166.403113	0.002196	8.5
822	-0.001809	166.294919	0.000231	9.1
823	-0.847133	166.186912	0.012196	9.2
824	-1.701540	166.079091	0.009778	8.7
825	-0.177583	165.971458	0.005326	9.0
826	-1.474978	165.864009	0.018327	8.0
827	-0.000000	165.756747	0.000000	8.6
828	-0.000000	165.649669	0.000000	13.1
829	-0.958887	165.542775	0.008550	7.8
830	-0.003389	165.436065	0.000439	9.0
831	-1.727126	165.329538	0.021736	8.6
832	-1.463363	165.223194	0.029089	10.2
833	-0.001964	165.117032	0.000410	9.8
834	-1.845050	165.011052	0.010655	8.0
835	-0.377301	164.905253	0.007367	8.4
836	-1.078998	164.799635	0.011569	9.9
837	-1.646678	164.694197	0.027297	8.3
838	-1.973316	164.588939	0.013732	8.9
839	-1.023500	164.483859	0.012666	8.7
840	-0.000000	164.378959	0.000000	9.7
841	-0.713475	164.274237	0.013452	9.4
842	-0.396832	164.169692	0.008025	9.5
843	-0.063548	164.065325	0.004597	8.2
844	-0.388644	163.961135	0.009334	9.0
845	-0.086588	163.857120	0.001951	10.7
846	-0.000000	163.753282	0.000000	10.1
847	-1.651980	163.649619	0.017828	7.9
848	-1.918693	163.546130	0.016216	9.1
849	-0.001993	163.442816	0.000323	9.0
850	-0.000000	163.339676	0.000000	7.9
851	-0.454930	163.236709	0.005316	9.1
852	-0.000695	163.133915	0.000140	11.2
853	-0.000000	163.031294	0.000000	8.8
854	-1.142449	162.928844	0.015367	8.3
855	-0.000000	162.826566	0.000000	9.2
856	-0.232762	162.724459	0.004111	11.1
857	-0.244300	162.622523	0.004523	8.3
858	-0.000000	162.520757	0.000000	8.7
859	-0.000000	162.419160	0.000000	9.0
860	-0.278507	162.317733	0.005494	8.7
861	-1.865336	162.216474	0.033955	8.6
862	-1.710401	162.115383	0.022529	8.3
863	-0.003897	162.014461	0.000678	10.1
864	-1.632365	161.913705	0.009033	8.6
865	-0.000000	161.813117	0.000000	9.7
866	-1.561464	161.712695	0.027773	8.2
867	-0.000000	161.612439	0.000000	6.9
868	-0.000000	161.512349	0.000000	8.9
869	-0.191876	161.412424	0.005224	8.1
870	-0.041292	161.312663	0.001726	8.2
871	-0.000000	161.213067	0.000000	9.3
872	-1.549497	161.113635	0.024188	8.6
873	-1.133637	161.014366	0.021075	8.7
874	-1.342706	160.915260	0.040965	8.5
875	-1.887388	160.816316	0.026135	8.9
876	-1.786229	160.717535	0.017408	8.5
877	-0.000018	160.618915	0.000005	9.5
878	-0.381271	160.520456	0.009663	10.8
879	-0.000000	160.422158	0.000000	8.7
880	-1.643694	160.324021	0.021295	9.6
881	-0.536871	160.226043	0.009038	8.4
882	-1.857988	160.128225	0.015624	10.0
883	-0.625763	160.030566	0.012164	7.8
884	-0.047851	159.933066	0.001972	8.2
885	-1.840405	159.835723	0.025765	8.2
886	-0.306295	159.738539	0.006692	8.1
887	-1.167657	159.641512	0.009996	9.4
888	-0.001415	159.544642	0.000240	7.1
889	-1.876748	159.447929	0.006147	9.1
890	-0.000000	159.351372	0.000000	8.8
891	-0.034236	159.254971	0.002008	9.7
892	-0.213987	159.158725	0.005363	10.0
893	-0.296966	159.062634	0.004266	7.9
894	-0.000001	158.966697	0.000000	9.3
895	-1.061186	158.870915	0.046575	8.5
896	-1.782587	158.775286	0.026627	9.2
897	-0.551426	158.679811	0.010539	8.7
898	-1.744811	158.584489	0.013657	9.0
899	-1.544097	158.489319	0.020243	9.7
900	-1.045427	158.394302	0.007980	8.5
901	-0.000125	158.299436	0.000028	7.9
902	-0.000004	158.204721	0.000001	9.2
903	-1.565197	158.110158	0.009707	11.1
904	-0.000000	158.015745	0.000000	8.4
905	-0.351398	157.921482	0.007335	9.5
906	-0.042387	157.827369	0.002532	8.1
907	-0.094380	157.733406	0.002850	8.9
908	-1.329052	157.639591	0.006407	8.8
909	-1.819150	157.545925	0.024826	9.1
910	-0.000000	157.452408	0.000000	8.6
911	-1.693774	157.359038	0.011026	8.3
912	-0.000000	157.265816	0.000000	8.4
913	-1.932785	157.172741	0.017139	9.4
914	-0.218929	157.079813	0.007306	8.3
915	-0.000000	156.987031	0.000000	8.8
916	-0.111367	156.894395	0.003867	10.8
917	-0.282043	156.801904	0.006885	8.4
918	-2.048783	156.709559	0.010815	9.1
919	-0.738050	156.617359	0.007382	8.6
920	-0.260451	156.525304	0.007046	8.1
921	-1.849078	156.433392	0.038107	9.3
922	-1.854861	156.341624	0.015185	8.2
923	-0.000000	156.250000	0.000000	8.7
924	-1.772814	156.158519	0.020580	8.5
925	-1.917637	156.067180	0.014191	9.0
926	-0.000000	155.975984	0.000000	8.4
927	-1.240080	155.884930	0.032769	8.8
928	-0.056251	155.794017	0.002595	8.3
929	-1.368585	155.703246	0.011517	9.1
930	-1.576566	155.612615	0.013481	9.3
931	-0.000000	155.522125	0.000000	8.2
932	-0.919716	155.431775	0.008785	8.9
933	-0.000000	155.341565	0.000000	8.7
934	-1.479710	155.251495	0.012813	9.7
935	-0.914589	155.161563	0.043401	10.2
936	-1.728024	155.071771	0.013468	11.2
937	-1.500887	154.982117	0.017801	8.2
938	-0.000025	154.892601	0.000005	8.6
939	-1.463082	154.803222	0.020700	10.7
940	-0.000000	154.713981	0.000000	8.2
941	-1.690451	154.624878	0.032441	8.9
942	-0.274411	154.535910	0.007263	8.5
943	-0.033485	154.447080	0.002493	9.3
944	-1.804626	154.358385	0.022096	8.6
945	-1.147323	154.269826	0.019235	9.3
946	-0.000384	154.181402	0.000090	9.2
947	-1.033806	154.093114	0.027533	8.7
948	-0.000000	154.004960	0.000000	9.5
949	-0.000000	153.916940	0.000000	7.8
950	-1.862003	153.829054	0.033201	9.4
951	-0.000001	153.741303	0.000000	12.4
952	-0.465045	153.653684	0.007981	7.0
953	-0.685609	153.566198	0.009033	9.4
954	-0.251773	153.478846	0.007076	9.6
955	-1.992415	153.391625	0.010708	8.3
956	-1.636903	153.304537	0.012143	9.4
957	-0.898976	153.217580	0.008088	9.0
958	-0.964619	153.130755	0.014968	10.1
959	-0.000000	153.044061	0.000000	7.7
960	-1.804218	152.957498	0.026629	9.0
961	-0.325518	152.871065	0.007801	16.0
962	-0.543116	152.784762	0.007629	8.5
963	-0.005905	152.698589	0.000610	10.4
964	-2.006774	152.612545	0.026774	8.6
965	-2.039797	152.526631	0.013265	8.2
966	-1.570348	152.440845	0.008986	8.7
967	-1.814218	152.355188	0.021743	9.1
968	-1.690916	152.269660	0.012655	8.8
969	-0.492515	152.184259	0.009110	9.6
970	-1.882505	152.098986	0.010199	7.6
971	-0.178648	152.013840	0.008048	9.2
972	-0.227294	151.928821	0.005594	8.6
973	-0.000000	151.843928	0.000000	10.1
974	-0.000000	151.759163	0.000000	9.0
975	-1.511452	151.674523	0.036025	9.7
976	-1.687198	151.590009	0.025559	10.1
977	-0.079627	151.505620	0.002169	13.9
978	-0.000000	151.421357	0.000000	8.4
979	-0.564758	151.337218	0.010934	8.7
980	-0.000000	151.253204	0.000000	8.6
981	-1.402184	151.169314	0.029521	10.0
982	-1.563442	151.085549	0.012669	9.9
983	-1.393079	151.001907	0.028760	9.2
984	-1.269436	150.918388	0.029747	8.4
985	-0.930715	150.834992	0.012635	8.6
986	-0.000000	150.751719	0.000000	9.8
987	-0.713978	150.668569	0.018365	10.5
988	-0.044727	150.585541	0.003886	8.0
989	-1.835998	150.502634	0.014621	9.3
990	-1.404018	150.419849	0.024349	12.8
991	-0.962583	150.337186	0.009734	7.2
992	-1.526283	150.254644	0.010690	8.7
993	-0.001053	150.172222	0.000168	8.6
994	-1.893498	150.089921	0.020475	9.2
995	-1.779508	150.007740	0.025919	10.0
996	-0.226308	149.925679	0.005575	8.0
997	-0.000000	149.843737	0.000000	9.3
998	-0.601847	149.761915	0.008341	8.7
999	-1.599852	149.680212	0.011945	9.4
1000	-0.000000	149.598627	0.000000	8.9
1001	-1.589763	149.517161	0.024863	8.4
1002	-0.019789	149.435814	0.001088	9.2
1003	-0.000001	149.354584	0.000000	8.4
1004	-1.602594	149.273472	0.005742	9.0
1005	-0.020650	149.192477	0.002193	8.9
1006	-0.130684	149.111599	0.006839	8.3
1007	-1.023860	149.030838	0.012948	10.3
1008	-0.000000	148.950194	0.000000	7.4
1009	-1.757330	148.869666	0.017928	10.0
1010	-0.110447	148.789253	0.003320	9.3
1011	-0.000000	148.708957	0.000000	8.7
1012	-1.519810	148.628776	0.010364	10.1
1013	-0.152261	148.548710	0.006607	7.6
1014	-0.550764	148.468759	0.011075	8.4
1015	-0.065820	148.388923	0.002300	9.0
1016	-1.880928	148.309201	0.045379	9.4
1017	-0.000000	148.229594	0.000000	12.7
1018	-1.185404	148.150100	0.013467	8.0
1019	-1.785172	148.070719	0.028614	8.9
1020	-0.000000	147.991452	0.000000	9.3
1021	-1.720064	147.912298	0.018599	7.9
1022	-1.597347	147.833257	0.031656	10.7
1023	-1.107223	147.754329	0.008601	10.0
1024	-1.821512	147.675512	0.011323	9.1
1025	-0.209917	147.596808	0.004266	9.2
1026	-1.391854	147.518216	0.012634	7.8
1027	-1.202993	147.439735	0.033342	10.5
1028	-0.324826	147.361365	0.009337	7.5
1029	-0.614251	147.283106	0.008966	8.3
1030	-0.000337	147.204958	0.000072	10.9
1031	-0.000000	147.126920	0.000000	7.5
1032	-1.962362	147.048993	0.021455	8.5
1033	-0.005580	146.971175	0.000844	8.5
1034	-0.222087	146.893468	0.005704	9.4
1035	-1.732523	146.815869	0.023723	8.2
1036	-0.023431	146.738380	0.001691	12.3
1037	-1.004659	146.661000	0.031159	8.6
1038	-1.962736	146.583729	0.030380	8.7
1039	-1.848073	146.506566	0.022479	9.2
1040	-1.255151	146.429511	0.009699	8.4
1041	-0.000000	146.352565	0.000000	8.5
1042	-0.000042	146.275726	0.000010	10.4
1043	-0.790039	146.198994	0.007245	7.6
1044	-1.175590	146.122370	0.009043	8.6
1045	-1.314134	146.045853	0.025572	11.7
1046	-0.000018	145.969442	0.000005	8.9
1047	-1.805769	145.893139	0.010846	8.4
1048	-0.426828	145.816941	0.008792	13.2
1049	-0.000000	145.740849	0.000000	8.7
1050	-0.487495	145.664863	0.007135	10.0
1051	-1.926490	145.588983	0.013901	9.9
1052	-0.192849	145.513208	0.003748	10.6
1053	-1.230152	145.437538	0.013249	10.4
1054	-0.150281	145.361973	0.002393	9.2
1055	-0.877514	145.286513	0.011477	8.6
1056	-0.000000	145.211157	0.000000	9.9
1057	-0.019020	145.135905	0.001254	8.6
1058	-0.002001	145.060757	0.000240	10.1
1059	-0.261150	144.985712	0.007700	8.9
1060	-0.267791	144.910771	0.007527	8.7
1061	-0.238278	144.835934	0.005498	9.7
1062	-0.000758	144.761199	0.000154	8.6
1063	-1.129391	144.686567	0.013466	10.0
1064	-1.888819	144.612037	0.033220	8.9
1065	-0.000000	144.537610	0.000000	9.9
1066	-0.000000	144.463285	0.000000	10.0
1067	-0.004233	144.389062	0.000523	8.4
1068	-1.820680	144.314940	0.021249	8.8
1069	-0.895756	144.240920	0.011660	9.3
1070	-0.345357	144.167001	0.008362	8.0
1071	-1.706773	144.093182	0.027833	8.2
1072	-1.853582	144.019465	0.019238	8.3
1073	-1.070053	143.945848	0.010679	10.5
1074	-1.035514	143.872331	0.010086	9.5
1075	-0.000000	143.798914	0.000000	9.4
1076	-0.000018	143.725597	0.000004	9.1
1077	-1.876069	143.652380	0.031079	8.2
1078	-0.136968	143.579262	0.003048	9.2
1079	-1.250988	143.506243	0.029945	14.3
1080	-1.828124	143.433323	0.015071	7.4
1081	-1.423469	143.360502	0.016047	8.7
1082	-1.972684	143.287780	0.015371	10.1
1083	-1.877778	143.215155	0.006642	7.9
1084	-0.248850	143.142629	0.004981	8.3
1085	-1.459839	143.070201	0.009830	7.9
1086	-0.000000	142.997870	0.000000	10.1
1087	-0.000000	142.925637	0.000000	8.9
1088	-0.022099	142.853501	0.001778	8.5
1089	-0.370749	142.781462	0.008800	10.4
1090	-0.188873	142.709519	0.005134	7.5
1091	-0.468700	142.637674	0.008813	12.5
1092	-1.920034	142.565924	0.019130	9.0
1093	-0.842475	142.494271	0.012107	7.7
1094	-0.273944	142.422714	0.006779	8.5
1095	-1.197690	142.351252	0.016803	8.4
1096	-1.755172	142.279886	0.013473	7.8
1097	-0.000000	142.208616	0.000000	9.1
1098	-1.899327	142.137440	0.021378	7.6
1099	-1.375752	142.066360	0.012226	8.7
1100	-0.000000	141.995374	0.000000	9.0
1101	-1.642633	141.924483	0.006945	8.4
1102	-0.024818	141.853685	0.001872	8.3
1103	-1.640193	141.782983	0.010627	8.7
1104	-1.205513	141.712373	0.033864	9.5
1105	-0.866490	141.641858	0.007747	9.4
1106	-0.165434	141.571436	0.002890	9.7
1107	-1.856041	141.501108	0.013733	7.6
1108	-1.449592	141.430872	0.024524	9.0
1109	-0.474079	141.360730	0.003336	8.9
1110	-0.481862	141.290680	0.004457	8.5
1111	-1.941203	141.220722	0.038090	8.5
1112	-0.000000	141.150857	0.000000	8.2
1113	-0.068289	141.081084	0.004515	9.3
1114	-1.889683	141.011403	0.018572	8.6
1115	-0.160652	140.941813	0.005928	9.5
1116	-0.657297	140.872315	0.006095	9.1
1117	-2.031290	140.802909	0.022206	8.6
1118	-0.253840	140.733593	0.007222	9.1
1119	-1.517579	140.664369	0.011722	9.2
1120	-0.255016	140.595235	0.004994	9.4
1121	-1.268698	140.526192	0.011993	8.9
1122	-0.000008	140.457239	0.000002	8.5
1123	-0.344807	140.388376	0.005712	8.5
1124	-0.007915	140.319603	0.000814	8.4
1125	-0.649565	140.250920	0.007732	9.7
1126	-0.222976	140.182326	0.003235	9.4
1127	-1.744419	140.113822	0.018997	9.8
1128	-0.497101	140.045407	0.005198	10.0
1129	-0.000002	139.977081	0.000001	8.1
1130	-0.062382	139.908844	0.002986	9.5
1131	-1.849039	139.840696	0.011494	7.4
1132	-0.305801	139.772635	0.006272	8.1
1133	-0.018170	139.704664	0.000911	9.6
1134	-0.058384	139.636780	0.002568	7.8
1135	-0.000000	139.568984	0.000000	8.5
1136	-0.111986	139.501276	0.004652	8.9
1137	-1.690472	139.433655	0.010276	9.6
1138	-0.957506	139.366122	0.007661	15.9
1139	-0.154505	139.298676	0.003866	8.5
1140	-0.566220	139.231317	0.006107	8.7
1141	-0.000000	139.164045	0.000000	10.0
1142	-1.816375	139.096859	0.016755	13.5
1143	-1.489275	139.029760	0.024581	7.3
1144	-0.000000	138.962747	0.000000	8.8
1145	-0.255398	138.895820	0.005781	8.4
1146	-1.690758	138.828978	0.032366	9.2
1147	-0.793688	138.762223	0.009168	8.6
1148	-0.666902	138.695553	0.006026	8.6
1149	-1.871506	138.628969	0.019414	9.2
1150	-1.894844	138.562469	0.023681	9.2
1151	-1.837361	138.496055	0.008031	10.1
1152	-1.554425	138.429725	0.013285	9.1
1153	-0.066639	138.363481	0.002891	9.4
1154	-0.010423	138.297320	0.001416	9.9
1155	-0.000000	138.231244	0.000000	8.3
1156	-0.000000	138.165252	0.000000	8.7
1157	-0.899715	138.099344	0.008706	8.4
1158	-0.701235	138.033520	0.005345	7.8
1159	-0.128516	137.967779	0.003307	8.7
1160	-1.415944	137.902122	0.008898	7.4
1161	-0.268005	137.836548	0.004964	8.3
1162	-1.668659	137.771057	0.045328	7.2
1163	-1.688776	137.705649	0.012610	9.1
1164	-1.816237	137.640324	0.024097	9.9
1165	-1.585905	137.575081	0.015121	8.9
1166	-1.397940	137.509921	0.008766	9.0
1167	-0.000000	137.444842	0.000000	9.2
1168	-0.000000	137.379846	0.000000	8.4
1169	-0.369632	137.314932	0.005456	7.7
1170	-0.000000	137.250100	0.000000	8.1
1171	-1.906862	137.185349	0.043280	8.9
1172	-0.010073	137.120680	0.001115	8.1
1173	-0.087316	137.056092	0.002334	9.4
1174	-1.429732	136.991585	0.042601	8.8
1175	-0.121895	136.927158	0.002915	9.4
1176	-0.979593	136.862813	0.006681	13.4
1177	-1.882304	136.798548	0.020404	7.6
1178	-0.045946	136.734363	0.003018	8.4
1179	-0.327127	136.670259	0.004598	9.2
1180	-0.000000	136.606235	0.000000	8.1
1181	-0.000000	136.542291	0.000000	12.8
1182	-0.533727	136.478426	0.005113	8.6
1183	-0.030991	136.414641	0.001750	8.8
1184	-1.675238	136.350936	0.021945	8.2
1185	-0.010676	136.287310	0.001122	8.0
1186	-0.059452	136.223763	0.003165	10.1
1187	-0.000033	136.160295	0.000009	8.0
1188	-1.736919	136.096905	0.007175	8.4
1189	-0.001587	136.033594	0.000150	8.5
1190	-1.803618	135.970362	0.035116	9.2
1191	-1.157736	135.907208	0.011235	9.0
1192	-0.000000	135.844133	0.000000	8.9
1193	-0.266958	135.781135	0.005606	10.1
1194	-1.694471	135.718215	0.022963	8.8
1195	-0.150011	135.655373	0.008117	10.2
1196	-1.148881	135.592608	0.020336	10.9
1197	-0.063444	135.529921	0.002228	9.2
1198	-0.000000	135.467311	0.000000	13.0
1199	-0.000000	135.404778	0.000000	9.7
1200	-0.000000	135.342322	0.000000	7.8
1201	-0.817869	135.279942	0.010172	8.9
1202	-0.812330	135.217640	0.008502	8.6
1203	-1.819136	135.155413	0.016823	10.8
1204	-0.000000	135.093263	0.000000	10.6
1205	-0.701159	135.031190	0.006978	9.0
1206	-0.455393	134.969192	0.009430	8.1
1207	-0.207459	134.907270	0.004279	9.9
1208	-1.085460	134.845424	0.025486	8.3
1209	-0.594710	134.783653	0.006830	8.6
1210	-0.102446	134.721958	0.002910	11.7
1211	-1.739858	134.660338	0.009480	9.2
1212	-0.105248	134.598793	0.003074	9.7
1213	-0.056012	134.537323	0.001866	8.6
1214	-0.039628	134.475927	0.003382	9.5
1215	-0.912103	134.414607	0.012035	9.6
1216	-1.216755	134.353361	0.008107	10.1
1217	-0.122187	134.292189	0.004378	8.4
1218	-0.533550	134.231092	0.008237	8.4
1219	-0.006293	134.170068	0.000639	8.6
1220	-0.287589	134.109119	0.007383	10.8
1221	-1.003819	134.048243	0.009461	8.7
1222	-0.000690	133.987441	0.000123	9.3
1223	-0.000007	133.926713	0.000002	8.5
1224	-1.955146	133.866057	0.011202	12.3
1225	-1.876384	133.805475	0.012563	8.9
1226	-0.460646	133.744966	0.007016	7.1
1227	-1.304603	133.684530	0.007302	9.1
1228	-0.488633	133.624167	0.006748	12.3
1229	-1.393150	133.563877	0.009749	8.3
1230	-1.814237	133.503658	0.024604	9.0
1231	-1.104643	133.443513	0.036142	9.2
1232	-0.000000	133.383439	0.000000	7.0
1233	-1.623067	133.323437	0.035696	9.8
1234	-0.754224	133.263508	0.010413	8.3
1235	-0.331743	133.203650	0.006042	9.7
1236	-1.230786	133.143864	0.008952	9.2
1237	-0.192872	133.084149	0.002701	8.8
1238	-0.000138	133.024506	0.000033	8.4
1239	-0.000004	132.964934	0.000001	11.3
1240	-1.548864	132.905433	0.018899	8.3
1241	-0.525616	132.846003	0.007819	7.3
1242	-1.473631	132.786643	0.020086	9.8
1243	-0.000000	132.727355	0.000000	9.2
1244	-0.000000	132.668137	0.000000	8.3
1245	-0.025102	132.608989	0.002987	9.2
1246	-1.893270	132.549912	0.019716	8.5
1247	-0.000000	132.490904	0.000000	8.7
1248	-0.002001	132.431967	0.000370	9.1
1249	-0.854723	132.373100	0.009501	8.5
1250	-1.350029	132.314302	0.044147	10.1
1251	-0.019263	132.255574	0.001068	10.9
1252	-0.704131	132.196916	0.006382	8.6
1253	-0.000000	132.138326	0.000000	8.6
1254	-1.405596	132.079806	0.015283	8.1
1255	-1.244537	132.021355	0.012403	8.5
1256	-1.324199	131.962973	0.007449	8.2
1257	-1.219609	131.904660	0.008272	8.8
1258	-0.193101	131.846415	0.008111	16.7
1259	-0.295122	131.788239	0.004241	8.1
1260	-0.018950	131.730131	0.001320	8.9
1261	-0.006441	131.672092	0.000475	9.0
1262	-0.000003	131.614121	0.000001	12.0
1263	-0.049285	131.556217	0.003069	10.1
1264	-1.392422	131.498382	0.040343	10.2
1265	-1.435997	131.440614	0.004759	8.7
1266	-0.006096	131.382914	0.000470	9.4
1267	-1.926526	131.325282	0.007328	8.5
1268	-1.101375	131.267717	0.016241	9.0
1269	-1.620536	131.210219	0.023971	9.5
1270	-0.047979	131.152788	0.003234	9.1
1271	-0.000000	131.095424	0.000000	8.3
1272	-1.904895	131.038127	0.017218	8.3
1273	-2.031719	130.980897	0.014189	8.7
1274	-0.057833	130.923733	0.002513	8.9
1275	-0.000000	130.866636	0.000000	8.4
1276	-0.014394	130.809605	0.000940	8.4
1277	-0.034559	130.752641	0.003160	8.0
1278	-0.562944	130.695742	0.007821	9.7
1279	-1.798461	130.638910	0.020503	8.4
1280	-0.144661	130.582143	0.004977	10.6
1281	-0.486456	130.525442	0.007234	9.7
1282	-1.931208	130.468807	0.036721	8.7
1283	-1.990158	130.412237	0.016111	10.1
1284	-0.018685	130.355733	0.000722	8.0
1285	-0.153933	130.299294	0.007748	9.0
1286	-0.031358	130.242920	0.001486	8.8
1287	-1.005160	130.186611	0.039038	12.9
1288	-0.114218	130.130366	0.003757	9.5
1289	-1.242481	130.074187	0.008591	9.7
1290	-0.000000	130.018072	0.000000	7.3
1291	-0.034935	129.962022	0.002040	9.6
1292	-0.249089	129.906036	0.004516	7.9
1293	-1.282002	129.850114	0.030000	9.7
1294	-0.165123	129.794257	0.004695	8.8
1295	-1.750307	129.738463	0.021682	9.2
1296	-0.052273	129.682734	0.002610	9.8
1297	-1.255770	129.627068	0.014636	8.4
1298	-1.795026	129.571466	0.022400	8.5
1299	-0.771001	129.515927	0.015158	8.8
1300	-0.511727	129.460452	0.006604	8.2
1301	-1.164218	129.405040	0.011401	9.5
1302	-0.203604	129.349692	0.008053	8.8
1303	-0.001659	129.294406	0.000287	9.3
1304	-0.272542	129.239183	0.004967	9.0
1305	-1.818509	129.184024	0.015365	9.2
1306	-0.000000	129.128927	0.000000	8.1
1307	-0.000233	129.073892	0.000052	8.3
1308	-1.231195	129.018921	0.048596	8.8
1309	-1.232653	128.964011	0.020667	7.6
1310	-1.480857	128.909164	0.037770	8.7
1311	-1.255598	128.854379	0.030733	7.9
1312	-0.031610	128.799656	0.001990	9.2
1313	-1.792117	128.744995	0.017956	8.8
1314	-0.977931	128.690396	0.011632	7.7
1315	-0.867183	128.635858	0.010461	9.1
1316	-0.000000	128.581382	0.000000	9.0
1317	-1.396577	128.526968	0.011388	10.3
1318	-0.822590	128.472615	0.011404	13.2
1319	-0.007704	128.418323	0.000795	9.4
1320	-0.000000	128.364092	0.000000	9.7
1321	0.000000	128.309922	0.000000	10.5
1322	-1.668869	128.255814	0.028049	10.3
1323	-0.002485	128.201766	0.000351	9.0
1324	-1.448109	128.147778	0.011361	9.3
1325	-0.970111	128.093852	0.012218	8.7
1326	-1.982964	128.039985	0.026514	9.0
1327	-1.806588	127.986180	0.014547	8.7
1328	-0.916819	127.932434	0.010236	10.0
1329	-1.773059	127.878749	0.029201	8.8
1330	-1.847921	127.825123	0.023229	12.8
1331	-0.000040	127.771558	0.000011	8.4
1332	-0.000000	127.718052	0.000000	7.9
1333	-1.954544	127.664606	0.028055	11.2
1334	-0.429642	127.611220	0.007168	9.2
1335	-1.445741	127.557893	0.007544	7.7
1336	-1.903457	127.504625	0.026512	9.3
1337	-1.844901	127.451417	0.016269	8.4
1338	-1.249357	127.398268	0.011009	8.2
1339	-1.760999	127.345178	0.003510	10.1
1340	-0.000000	127.292147	0.000000	8.1
1341	-1.705783	127.239175	0.019979	7.4
1342	-0.175931	127.186261	0.007142	11.5
1343	-1.069890	127.133407	0.035863	8.1
1344	-0.839829	127.080610	0.025507	9.0
1345	-0.000000	127.027872	0.000000	8.6
1346	-0.106814	126.975193	0.002938	9.6
1347	-1.767630	126.922572	0.038615	8.7
1348	-0.051292	126.870008	0.002915	8.6
1349	-0.328078	126.817503	0.006539	10.0
1350	-0.021386	126.765056	0.001337	10.7
1351	-0.000000	126.712667	0.000000	12.9
1352	-0.180538	126.660335	0.007305	9.9
1353	-0.001204	126.608061	0.000142	9.5
1354	-0.000002	126.555844	0.000001	9.3
1355	-0.774450	126.503685	0.021089	9.5
1356	-1.839619	126.451583	0.020848	10.8
1357	-0.910233	126.399538	0.011336	8.7
1358	-0.279811	126.347550	0.004212	8.8
1359	-0.058841	126.295619	0.003354	8.4
1360	-1.174053	126.243745	0.018462	10.0
1361	-0.000000	126.191928	0.000000	7.7
1362	-0.000000	126.140168	0.000000	9.1
1363	-2.025387	126.088464	0.024768	8.3
1364	-0.099435	126.036817	0.002668	8.1
1365	-1.693400	125.985226	0.014067	9.2
1366	-2.012435	125.933691	0.027847	7.5
1367	-1.253179	125.882212	0.023224	9.3
1368	-1.369854	125.830790	0.011486	8.5
1369	-0.077334	125.779423	0.005723	8.6
1370	-0.767676	125.728113	0.011769	8.6
1371	-1.224277	125.676858	0.011883	11.6
1372	-0.000000	125.625659	0.000000	8.5
1373	-0.000000	125.574515	0.000000	12.0
1374	-0.000000	125.523427	0.000000	7.7
1375	-0.000000	125.472394	0.000000	9.3
1376	-0.410424	125.421417	0.005339	8.5
1377	-1.758141	125.370495	0.033378	9.5
1378	-0.730606	125.319628	0.007113	9.1
1379	-1.779506	125.268815	0.020956	8.5
1380	-0.028553	125.218058	0.002890	9.8
1381	-1.147109	125.167356	0.012065	10.8
1382	-1.433846	125.116708	0.027090	8.3
1383	-0.671853	125.066115	0.008047	11.7
1384	-0.000000	125.015576	0.000000	6.8
1385	-0.639796	124.965092	0.008628	9.6
1386	-1.819129	124.914662	0.021078	8.1
1387	-0.017645	124.864287	0.002519	8.5
1388	-0.032561	124.813965	0.001703	9.4
1389	-0.000000	124.763698	0.000000	8.8
1390	-0.000000	124.713485	0.000000	8.7
1391	-0.100160	124.663325	0.005651	8.4
1392	-1.700466	124.613219	0.018241	9.2
1393	-0.167260	124.563167	0.005595	10.2
1394	-1.855462	124.513168	0.043951	8.2
1395	-0.069784	124.463223	0.003171	8.8
1396	-2.090488	124.413332	0.007276	9.2
1397	-1.741137	124.363493	0.029927	9.1
1398	-1.103374	124.313708	0.009063	9.6
1399	-1.059785	124.263976	0.029259	8.8
1400	-0.016165	124.214297	0.001187	8.0
1401	-1.910806	124.164671	0.018386	8.3
1402	-1.794438	124.115097	0.012153	10.6
1403	-0.000232	124.065577	0.000041	9.1
1404	-0.000000	124.016109	0.000000	9.7
1405	-0.085502	123.966693	0.003285	9.4
1406	-0.202446	123.917330	0.004614	10.0
1407	-0.096209	123.868020	0.003497	8.3
1408	-1.946653	123.818762	0.016173	13.0
1409	-0.847787	123.769556	0.016361	8.9
1410	-0.000000	123.720402	0.000000	7.7
1411	-0.000000	123.671300	0.000000	9.1
1412	-0.000000	123.622250	0.000000	7.5
1413	-0.871907	123.573252	0.020696	10.1
1414	-0.802068	123.524305	0.014701	7.2
1415	-1.660597	123.475411	0.026177	11.8
1416	-0.214502	123.426568	0.007076	8.6
1417	-0.123555	123.377776	0.003757	8.7
1418	-0.999616	123.329036	0.013546	7.7
1419	-0.000000	123.280347	0.000000	7.4
1420	-0.012852	123.231709	0.001188	8.6
1421	-0.627973	123.183122	0.011130	9.2
1422	-0.191627	123.134587	0.006875	9.0
1423	-0.193621	123.086102	0.004807	9.8
1424	-0.080812	123.037669	0.003401	11.7
1425	-1.545896	122.989286	0.013039	8.1
1426	-0.967912	122.940954	0.010156	8.5
1427	-0.145408	122.892672	0.004716	10.7
1428	-0.286847	122.844441	0.006251	8.4
1429	-1.892466	122.796261	0.012893	8.7
1430	-0.000000	122.748130	0.000000	8.7
1431	-0.004744	122.700050	0.000669	8.6
1432	-0.176462	122.652021	0.005310	10.7
1433	-1.883249	122.604041	0.037999	9.4
1434	0.000000	122.556111	0.000000	8.3
1435	-1.719468	122.508232	0.010105	9.0
1436	-1.020517	122.460402	0.014316	9.1
1437	-0.000000	122.412622	0.000000	8.2
1438	-0.000139	122.364891	0.000032	14.5
1439	-1.378995	122.317210	0.019578	8.6
1440	-0.000013	122.269579	0.000004	9.6
1441	-0.728226	122.221997	0.012255	10.6
1442	-0.022077	122.174465	0.000915	7.8
1443	-0.000000	122.126981	0.000000	8.7
1444	-1.336344	122.079547	0.016363	9.0
1445	-1.589693	122.032162	0.014008	6.9
1446	-1.680053	121.984826	0.027151	9.1
1447	-0.000076	121.937539	0.000020	8.3
1448	-0.073683	121.890301	0.002079	9.3
1449	-0.294007	121.843112	0.006857	11.5
1450	-0.000052	121.795971	0.000013	8.8
1451	-0.111458	121.748879	0.005327	10.4
1452	-0.000000	121.701835	0.000000	8.1
1453	-0.000176	121.654840	0.000035	15.8
1454	-0.824455	121.607893	0.009354	8.2
1455	-0.918819	121.560994	0.011585	7.4
1456	-1.623927	121.514144	0.037346	7.8
1457	-0.055924	121.467342	0.001825	9.4
1458	-1.943789	121.420588	0.026700	8.1
1459	-0.069333	121.373882	0.003533	9.3
1460	-1.790539	121.327223	0.036958	9.1
1461	-0.000000	121.280613	0.000000	7.1
1462	-1.559220	121.234050	0.015595	9.4
1463	-1.930841	121.187535	0.011375	9.7
1464	-0.000000	121.141067	0.000000	8.9
1465	-1.658377	121.094647	0.034798	9.4
1466	-0.000706	121.048274	0.000145	7.8
1467	-0.000067	121.001949	0.000016	8.5
1468	-1.674357	120.955671	0.011047	8.8
1469	-1.730008	120.909440	0.015704	9.2
1470	-0.003747	120.863256	0.000244	7.8
1471	-0.000000	120.817119	0.000000	8.8
1472	-0.003325	120.771029	0.000586	8.7
1473	-0.373542	120.724986	0.008856	9.7
1474	-0.000000	120.678990	0.000000	8.4
1475	-0.000000	120.633040	0.000000	8.8
1476	-0.954211	120.587137	0.028285	8.8
1477	-1.726978	120.541281	0.013264	9.2
1478	-0.732243	120.495471	0.009122	9.4
1479	-0.900643	120.449707	0.011371	9.2
1480	-0.521378	120.403990	0.009017	9.0
1481	-1.010386	120.358319	0.013281	9.7
1482	-0.000000	120.312694	0.000000	9.4
1483	-1.492550	120.267115	0.006857	9.4
1484	-0.000000	120.221582	0.000000	8.8
1485	-0.232425	120.176096	0.004612	7.7
1486	-1.322115	120.130655	0.009918	10.0
1487	-0.734149	120.085260	0.007498	9.3
1488	-0.002487	120.039910	0.000482	8.9
1489	-1.918375	119.994606	0.013444	8.8
1490	-1.255668	119.949348	0.034313	9.2
1491	-0.117569	119.904135	0.006010	8.7
1492	-0.040694	119.858968	0.002604	8.9
1493	-0.000001	119.813846	0.000000	9.9
1494	-0.738947	119.768769	0.010187	10.7
1495	-1.602853	119.723738	0.017459	9.2
1496	-1.170987	119.678752	0.013702	9.8
1497	-0.118172	119.633810	0.005492	8.8
1498	-0.032650	119.588914	0.001897	7.8
1499	-1.532681	119.544062	0.015851	8.9
1500	-0.633127	119.499256	0.008651	8.1
1501	-0.000000	119.454494	0.000000	11.2
1502	-0.000901	119.409777	0.000184	9.0
1503	-1.605486	119.365104	0.032564	7.7
1504	-0.454678	119.320476	0.008057	8.6
1505	-0.850926	119.275893	0.024970	8.1
1506	-0.000000	119.231353	0.000000	9.7
1507	-0.223673	119.186859	0.004128	10.5
1508	-0.000457	119.142408	0.000102	8.9
1509	-0.000000	119.098002	0.000000	9.8
1510	-0.168426	119.053639	0.004565	8.8
1511	-0.505687	119.009321	0.006700	9.3
1512	-0.552383	118.965047	0.009297	7.8
1513	-1.792354	118.920816	0.030475	8.3
1514	-0.008036	118.876630	0.000932	9.0
1515	-0.085354	118.832487	0.003102	7.9
1516	-0.051809	118.788388	0.001964	9.5
1517	-1.612162	118.744332	0.023732	8.8
1518	-0.167665	118.700320	0.006561	10.1
1519	-0.953885	118.656352	0.011733	9.6
1520	-1.913704	118.612427	0.011916	9.2
1521	-1.805209	118.568545	0.018468	10.3
1522	-0.000003	118.524706	0.000001	19.0
1523	-1.951195	118.480911	0.012151	9.5
1524	-0.527320	118.437159	0.009502	9.3
1525	-1.144383	118.393450	0.012440	9.5
1526	-0.160627	118.349784	0.002757	9.8
1527	-1.002179	118.306160	0.010189	8.8
1528	-0.838118	118.262580	0.008969	9.1
1529	-1.948349	118.219042	0.004770	8.8
1530	-1.013471	118.175548	0.010695	8.8
1531	-2.043468	118.132095	0.015324	9.4
1532	-1.926127	118.088686	0.008189	9.7
1533	-1.950636	118.045319	0.017516	8.7
1534	-1.996938	118.001994	0.012030	8.7
1535	-0.061759	117.958712	0.002873	9.0
1536	-0.345074	117.915472	0.003486	9.2
1537	-0.228579	117.872274	0.003271	8.1
1538	-0.530640	117.829118	0.007521	9.2
1539	-1.662594	117.786005	0.008763	9.2
1540	-2.055661	117.742933	0.016905	9.2
1541	-1.751180	117.699904	0.013784	8.5
1542	-1.531772	117.656916	0.005161	8.8
1543	-0.437679	117.613971	0.006914	9.6
1544	-0.112184	117.571067	0.004466	9.2
1545	-1.121165	117.528205	0.008398	10.0
1546	-1.462717	117.485384	0.015045	8.0
1547	-1.889039	117.442605	0.031054	10.8
1548	-0.000000	117.399867	0.000000	8.8
1549	-0.699974	117.357171	0.006615	9.1
1550	-1.644728	117.314517	0.048960	9.0
1551	-1.312523	117.271903	0.033290	14.5
1552	-0.082894	117.229331	0.002551	8.8
1553	-0.027981	117.186800	0.001319	8.3
1554	-1.286669	117.144311	0.016056	11.7
1555	-0.011140	117.101862	0.001239	9.0
1556	-1.285435	117.059454	0.019357	9.2
1557	-0.026503	117.017087	0.003430	9.9
1558	-0.000000	116.974762	0.000000	9.1
1559	-0.000206	116.932476	0.000046	11.0
1560	-0.593305	116.890232	0.007268	10.4
1561	-1.871691	116.848028	0.021575	8.9
1562	-0.116789	116.805865	0.007532	8.3
1563	-0.022059	116.763743	0.000580	9.2
1564	-0.001773	116.721661	0.000184	9.3
1565	-0.003284	116.679619	0.000278	8.5
1566	-0.003713	116.637618	0.000369	8.7
1567	-1.266988	116.595657	0.016519	9.3
1568	-0.402604	116.553736	0.007824	9.4
1569	-0.000001	116.511855	0.000000	9.5
1570	-0.928713	116.470015	0.015056	10.3
1571	-0.000000	116.428214	0.000000	9.1
1572	-1.959497	116.386454	0.015823	8.3
1573	-0.001709	116.344733	0.000300	9.2
1574	-0.000000	116.303052	0.000000	8.5
1575	-0.011138	116.261412	0.001764	8.6
1576	-0.000000	116.219810	0.000000	8.3
1577	-1.506637	116.178249	0.013234	9.1
1578	-0.165723	116.136727	0.003517	9.0
1579	-0.000013	116.095245	0.000004	8.2
1580	-0.000000	116.053802	0.000000	9.9
1581	-1.360368	116.012398	0.009163	11.5
1582	-1.716713	115.971034	0.037542	9.3
1583	-0.132712	115.929710	0.005753	11.4
1584	-0.891743	115.888424	0.011591	9.4
1585	-1.374951	115.847178	0.017825	12.8
1586	-0.872614	115.805970	0.009477	12.4
1587	-0.000000	115.764802	0.000000	8.5
1588	-0.012798	115.723673	0.001323	7.7
1589	-0.414598	115.682583	0.005296	9.5
1590	-0.285922	115.641532	0.007186	8.9
1591	-0.000003	115.600519	0.000001	14.2
1592	-1.442159	115.559546	0.019258	17.2
1593	-0.000000	115.518610	0.000000	14.7
1594	-0.927074	115.477714	0.025895	15.1
1595	-1.461597	115.436856	0.011823	15.1
1596	-0.020184	115.396037	0.001055	12.0
1597	-0.000000	115.355256	0.000000	16.9
1598	-0.242446	115.314514	0.007379	13.3
1599	-0.531320	115.273810	0.010401	15.4
1600	-0.000000	115.233144	0.000000	13.8
1601	-0.000205	115.192517	0.000045	8.7
1602	-1.051970	115.151927	0.012461	7.7
1603	-0.000000	115.111376	0.000000	12.9
1604	-1.904373	115.070863	0.007156	15.1
1605	-2.036876	115.030388	0.016878	19.0
1606	-0.000000	114.989951	0.000000	20.7
1607	-0.629925	114.949551	0.006508	21.1
1608	-1.898481	114.909190	0.005257	18.4
1609	-1.447418	114.868866	0.011000	16.0
1610	-1.004684	114.828580	0.007796	21.0
1611	-0.862623	114.788332	0.010806	16.3
1612	-0.555870	114.748121	0.008104	15.9
1613	-1.458758	114.707948	0.009374	13.6
1614	-1.857761	114.667812	0.026795	8.1
1615	-0.000000	114.627714	0.000000	12.6
1616	-1.622579	114.587653	0.005135	8.9
1617	-1.072687	114.547629	0.015304	8.3
1618	-0.000000	114.507643	0.000000	8.9
1619	-1.082855	114.467693	0.009707	9.1
1620	-0.000000	114.427781	0.000000	8.1
1621	-0.000002	114.387907	0.000001	9.1
1622	-0.386339	114.348069	0.007745	8.1
1623	-0.304149	114.308268	0.004483	9.8
1624	-0.535127	114.268504	0.006308	9.6
1625	-0.000000	114.228777	0.000000	9.5
1626	-1.477786	114.189086	0.020155	8.1
1627	-0.000006	114.149433	0.000002	21.7
1628	-1.322751	114.109816	0.007027	9.0
1629	-0.069756	114.070235	0.002596	10.0
1630	-1.573882	114.030692	0.005713	12.4
1631	-0.000000	113.991185	0.000000	11.0
1632	-1.197236	113.951714	0.015257	11.9
1633	-1.835601	113.912280	0.007802	13.5
1634	-0.801096	113.872882	0.008628	14.0
1635	-0.065128	113.833521	0.001872	14.0
1636	-0.025901	113.794195	0.002003	13.3
1637	-0.992018	113.754906	0.011257	12.1
1638	-0.149531	113.715653	0.003512	13.2
1639	-1.227634	113.676437	0.029734	14.5
1640	-1.859169	113.637256	0.014438	14.2
1641	-1.592447	113.598111	0.010092	14.8
1642	-0.000000	113.559002	0.000000	13.8
1643	-0.045177	113.519929	0.001592	14.7
1644	-0.000395	113.480892	0.000090	23.3
1645	-0.998700	113.441891	0.027295	14.1
1646	-0.157999	113.402925	0.005608	14.1
1647	-0.000000	113.363995	0.000000	11.9
1648	-0.000419	113.325101	0.000076	11.5
1649	-1.316965	113.286242	0.010301	12.6
1650	-1.865786	113.247419	0.022073	20.9
1651	-0.057627	113.208631	0.003197	10.8
1652	-1.892681	113.169879	0.019329	13.7
1653	-0.000038	113.131162	0.000010	17.0
1654	-1.736087	113.092480	0.017812	16.1
1655	-1.577269	113.053833	0.026026	13.7
1656	-0.567228	113.015222	0.008161	14.0
1657	-1.484289	112.976646	0.039460	13.2
1658	-0.017948	112.938105	0.001340	12.0
1659	-0.110188	112.899599	0.003348	13.8
1660	-1.568782	112.861128	0.006405	14.5
1661	-0.128793	112.822692	0.004528	9.9
1662	-0.924090	112.784291	0.007051	12.6
1663	-0.000000	112.745924	0.000000	14.1
1664	-1.865329	112.707593	0.009360	11.7
1665	-0.374314	112.669296	0.004469	12.1
1666	-0.259246	112.631034	0.008698	16.8
1667	-1.355047	112.592806	0.006783	10.8
1668	-1.724532	112.554613	0.015432	8.9
1669	-0.080645	112.516455	0.003174	10.0
1670	-1.307464	112.478331	0.010346	14.0
1671	-0.000000	112.440241	0.000000	14.2
1672	-0.000001	112.402186	0.000000	13.9
1673	-0.000000	112.364165	0.000000	13.1
1674	-0.000255	112.326179	0.000055	8.7
1675	-1.952044	112.288227	0.017152	13.8
1676	-1.923101	112.250309	0.017746	11.0
1677	-0.000000	112.212425	0.000000	14.6
1678	-0.552398	112.174575	0.006881	12.8
1679	-0.110455	112.136759	0.002388	12.9
1680	-1.541054	112.098977	0.011579	14.3
1681	-1.246579	112.061229	0.016030	14.5
1682	-1.674967	112.023515	0.019559	11.6
1683	-0.001901	111.985834	0.000217	10.3
1684	-0.007846	111.948188	0.000411	13.2
1685	-0.215345	111.910575	0.007341	10.4
1686	-0.173145	111.872996	0.003140	15.1
1687	-1.299442	111.835450	0.013596	13.3
1688	-1.025188	111.797939	0.007134	15.0
1689	-1.054194	111.760460	0.009820	13.4
1690	-0.000000	111.723015	0.000000	8.4
1691	-1.658673	111.685604	0.007026	8.4
1692	-0.000008	111.648226	0.000002	13.3
1693	-0.000000	111.610881	0.000000	12.1
1694	-0.000314	111.573570	0.000071	11.8
1695	-0.612536	111.536292	0.009349	10.8
1696	-1.148202	111.499047	0.013064	7.8
1697	-1.528253	111.461835	0.035452	11.5
1698	-0.057321	111.424656	0.001502	10.9
1699	-0.255392	111.387510	0.005892	11.7
1700	-0.000000	111.350398	0.000000	14.4
1701	-0.566030	111.313318	0.006487	12.0
1702	-1.422178	111.276271	0.018099	14.3
1703	-0.000000	111.239257	0.000000	12.1
1704	-0.000000	111.202276	0.000000	13.3
1705	-0.000000	111.165328	0.000000	15.8
1706	-1.885279	111.128412	0.007684	12.9
1707	-1.578508	111.091529	0.011270	14.3
1708	-1.493190	111.054679	0.017519	10.6
1709	-0.279308	111.017861	0.004278	13.1
1710	-1.879104	110.981076	0.019059	13.9
1711	-1.025409	110.944323	0.006364	13.5
1712	-0.004473	110.907603	0.000571	11.9
1713	-0.006492	110.870915	0.000661	11.9
1714	-0.000000	110.834259	0.000000	13.0
1715	-0.122643	110.797636	0.005906	12.0
1716	-0.000000	110.761045	0.000000	15.4
1717	-1.873775	110.724486	0.003429	13.3
1718	-0.849623	110.687959	0.006076	14.1
1719	-1.655361	110.651465	0.015074	11.2
1720	-0.044458	110.615002	0.001797	11.4
1721	-1.044148	110.578572	0.028863	13.8
1722	-1.164926	110.542173	0.009765	13.0
1723	-0.000011	110.505807	0.000003	13.8
1724	-0.847290	110.469472	0.006058	11.2
1725	-0.000000	110.433169	0.000000	8.9
1726	-0.432117	110.396898	0.005851	10.9
1727	-1.204194	110.360659	0.028127	10.1
1728	-0.000000	110.324451	0.000000	11.2
1729	-1.635874	110.288276	0.024896	13.4
1730	-0.002105	110.252131	0.000342	8.8
1731	-0.756388	110.216019	0.020497	8.9
1732	-0.846297	110.179937	0.007259	12.1
1733	-0.769675	110.143888	0.009746	12.4
1734	-0.033687	110.107869	0.001275	13.5
1735	-0.000564	110.071882	0.000105	9.1
1736	-0.569073	110.035927	0.006895	13.9
1737	-0.260093	110.000003	0.004032	11.0
1738	-0.053350	109.964110	0.001940	13.3
1739	-1.941444	109.928248	0.024285	14.1
1740	-1.665890	109.892417	0.009069	14.2
1741	-0.000000	109.856618	0.000000	10.5
1742	-0.933167	109.820850	0.007480	8.9
1743	-0.439221	109.785112	0.006875	12.0
1744	-1.569434	109.749406	0.012874	13.9
1745	-0.185911	109.713730	0.006712	13.2
1746	-0.601805	109.678086	0.004283	11.6
1747	-0.129812	109.642472	0.003454	14.1
1748	-0.319221	109.606890	0.005689	13.2
1749	-0.251553	109.571337	0.003102	13.5
1750	-1.594614	109.535816	0.013528	9.0
1751	-0.000002	109.500326	0.000001	14.1
1752	-1.523169	109.464866	0.008959	14.7
1753	-0.000003	109.429436	0.000001	13.2
1754	-0.000000	109.394038	0.000000	13.4
1755	-0.016048	109.358669	0.001773	11.0
1756	-0.000372	109.323331	0.000080	13.3
1757	-1.729875	109.288024	0.025902	11.8
1758	-0.104572	109.252747	0.002931	14.2
1759	-0.000126	109.217501	0.000031	13.7
1760	-1.813516	109.182284	0.024615	12.2
1761	-1.205219	109.147098	0.015035	10.4
1762	-1.956347	109.111942	0.021460	11.1
1763	-0.000000	109.076817	0.000000	14.0
1764	-1.670396	109.041721	0.029322	11.4
1765	-1.058784	109.006656	0.010014	13.9
1766	-0.753454	108.971620	0.012417	12.5
1767	-1.186245	108.936615	0.028957	11.7
1768	-1.825511	108.901640	0.020566	13.6
1769	-1.405652	108.866694	0.006630	10.7
1770	-0.713879	108.831779	0.005954	13.0
1771	-0.008840	108.796893	0.001304	13.4
1772	-0.830592	108.762037	0.011143	8.6
1773	-0.029542	108.727211	0.002309	13.4
1774	-0.000000	108.692415	0.000000	13.1
1775	-0.000000	108.657648	0.000000	11.8
1776	-0.000000	108.622911	0.000000	13.4
1777	-1.787210	108.588203	0.024203	13.5
1778	-1.921853	108.553525	0.016544	14.0
1779	-0.243078	108.518877	0.004510	10.9
1780	-0.000758	108.484258	0.000137	8.7
1781	-0.130937	108.449668	0.004158	10.7
1782	-0.757537	108.415108	0.005724	11.7
1783	-1.889704	108.380578	0.013213	7.6
1784	-1.467041	108.346076	0.010021	14.3
1785	-0.051124	108.311604	0.001089	12.7
1786	-1.381047	108.277161	0.006668	11.4
1787	-0.166961	108.242747	0.005115	11.8
1788	-0.620608	108.208363	0.005750	13.5
1789	-1.274145	108.174007	0.044068	11.1
1790	-0.133184	108.139681	0.002192	11.0
1791	-0.191692	108.105383	0.004619	11.0
1792	-0.767205	108.071115	0.012502	13.6
1793	-0.196108	108.036875	0.005245	12.8
1794	-0.000000	108.002665	0.000000	13.3
1795	-1.491267	107.968483	0.030674	13.6
1796	-0.000000	107.934330	0.000000	11.4
1797	-0.000004	107.900206	0.000001	14.8
1798	-0.326190	107.866111	0.004330	13.8
1799	-0.041340	107.832044	0.002517	13.2
1800	-0.959510	107.798007	0.004377	14.2
1801	-0.697036	107.763997	0.011191	14.6
1802	-0.770636	107.730017	0.012352	16.3
1803	-0.000000	107.696065	0.000000	14.2
1804	-0.028623	107.662141	0.001916	16.8
1805	-1.147224	107.628246	0.009521	14.2
1806	-1.759173	107.594379	0.026784	14.5
1807	-1.543848	107.560541	0.018570	14.0
1808	-2.004290	107.526731	0.024034	16.9
1809	-1.156262	107.492949	0.008743	13.0
1810	-0.000150	107.459196	0.000035	16.6
1811	-0.000000	107.425471	0.000000	12.5
1812	-0.011028	107.391774	0.000699	15.6
1813	-1.735366	107.358106	0.033374	14.5
1814	-1.225544	107.324465	0.017085	13.8
1815	-0.456281	107.290853	0.007596	14.3
1816	-0.000238	107.257268	0.000051	11.6
1817	-0.000000	107.223712	0.000000	14.0
1818	-0.334388	107.190184	0.008726	13.8
1819	-0.002448	107.156683	0.000257	13.3
1820	-0.179795	107.123211	0.005701	14.6
1821	-0.302475	107.089766	0.005898	14.4
1822	-1.658916	107.056349	0.019572	13.9
1823	-1.353006	107.022960	0.022013	14.0
1824	-0.322123	106.989599	0.006241	13.1
1825	-1.280651	106.956265	0.011204	14.5
1826	-1.788202	106.922960	0.003505	14.1
1827	-0.003156	106.889681	0.000528	13.0
1828	-0.061510	106.856431	0.002193	14.0
1829	-0.411192	106.823208	0.007049	13.9
1830	-1.449890	106.790012	0.015926	14.0
1831	-0.526285	106.756844	0.005289	13.9
1832	-1.687500	106.723703	0.011584	14.5
1833	-0.326810	106.690590	0.004351	13.2
1834	-0.000000	106.657505	0.000000	12.2
1835	-0.850043	106.624446	0.026506	40.4
1836	-1.754804	106.591415	0.028734	13.6
1837	-1.773705	106.558411	0.022027	14.7
1838	-0.000531	106.525435	0.000100	13.6
1839	-1.507522	106.492485	0.030788	13.4
1840	-1.096766	106.459563	0.009544	14.3
1841	-0.001944	106.426668	0.000293	14.6
1842	-0.974619	106.393800	0.029259	13.1
1843	-1.457354	106.360959	0.017236	13.6
1844	-0.608868	106.328145	0.008704	13.9
1845	-0.000000	106.295358	0.000000	14.8
1846	-1.287120	106.262598	0.025732	13.4
1847	-0.082019	106.229865	0.002948	13.7
1848	-1.378272	106.197158	0.028247	13.6
1849	-1.523011	106.164479	0.019289	14.0
1850	-0.004392	106.131826	0.000490	13.9
1851	-0.382720	106.099201	0.006012	13.3
1852	-1.590050	106.066602	0.014759	13.5
1853	-1.386456	106.034029	0.006876	14.4
1854	-1.046356	106.001483	0.008618	13.4
1855	-0.000029	105.968964	0.000008	14.5
1856	-0.000000	105.936472	0.000000	10.7
1857	-1.631635	105.904006	0.010400	10.4
1858	-1.937862	105.871566	0.018140	14.4
1859	-0.935392	105.839153	0.027630	8.7
1860	-0.000571	105.806767	0.000118	12.4
1861	-1.539290	105.774407	0.030424	12.0
1862	-1.146522	105.742073	0.019682	13.4
1863	-0.000133	105.709766	0.000031	14.5
1864	-0.255353	105.677485	0.005333	13.9
1865	-0.126960	105.645230	0.002772	14.2
1866	-0.406598	105.613001	0.007137	14.2
1867	-0.000000	105.580799	0.000000	13.0
1868	-0.851999	105.548623	0.008116	12.9
1869	-0.000000	105.516473	0.000000	14.8
1870	-1.808828	105.484349	0.051607	13.9
1871	-1.175013	105.452251	0.007737	14.0
1872	-0.244179	105.420179	0.005344	14.3
1873	-0.931657	105.388133	0.010954	16.1
1874	-1.754337	105.356113	0.029735	13.9
1875	-0.759866	105.324119	0.036197	13.3
1876	-0.725868	105.292151	0.008296	13.9
1877	-0.888895	105.260209	0.012549	13.7
1878	-0.000000	105.228293	0.000000	13.6
1879	-1.295686	105.196402	0.012833	13.5
1880	0.000000	105.164537	0.000000	13.1
1881	-0.939836	105.132698	0.010352	13.7
1882	-1.851676	105.100885	0.028177	13.3
1883	-1.653374	105.069097	0.033364	13.8
1884	-0.345309	105.037335	0.006072	12.9
1885	-0.000233	105.005598	0.000054	13.4
1886	-0.067276	104.973887	0.002770	12.9
1887	-1.290929	104.942202	0.008790	13.8
1888	-0.000000	104.910542	0.000000	14.1
1889	-1.834545	104.878907	0.011467	14.7
1890	-1.857478	104.847298	0.017963	13.8
1891	-0.044428	104.815715	0.002747	14.1
1892	-0.070948	104.784156	0.002005	13.7
1893	-0.764602	104.752623	0.009336	14.5
1894	-0.920601	104.721116	0.007409	14.0
1895	-1.264897	104.689633	0.009078	13.2
1896	-0.022036	104.658176	0.001614	13.7
1897	-0.099584	104.626744	0.002001	13.3
1898	-0.004724	104.595337	0.000690	13.3
1899	-0.385317	104.563955	0.006472	13.4
1900	-0.487542	104.532599	0.006542	14.1
1901	-1.158243	104.501267	0.011663	14.1
1902	-1.125888	104.469960	0.012796	13.7
1903	-0.000000	104.438679	0.000000	13.2
1904	-1.556857	104.407422	0.018813	14.1
1905	-0.029925	104.376191	0.001356	13.5
1906	-0.261855	104.344984	0.005801	15.6
1907	-0.027653	104.313802	0.001018	13.9
1908	-1.093870	104.282645	0.027168	13.7
1909	-1.883413	104.251513	0.022822	13.4
1910	-1.101053	104.220405	0.032113	13.4
1911	-1.873301	104.189323	0.017019	13.2
1912	-0.771492	104.158265	0.010071	13.4
1913	-0.000000	104.127231	0.000000	14.1
1914	-1.394874	104.096222	0.034131	13.9
1915	-1.692093	104.065238	0.020542	14.1
1916	-1.624620	104.034279	0.012841	13.3
1917	-0.001080	104.003344	0.000215	13.7
1918	-1.741493	103.972433	0.010805	14.1
1919	-0.000099	103.941547	0.000020	13.4
1920	-0.186734	103.910686	0.008088	13.7
1921	-0.056472	103.879849	0.002470	14.0
1922	-1.657483	103.849036	0.007697	13.5
1923	-0.000000	103.818248	0.000000	13.8
1924	-0.520689	103.787484	0.008083	13.2
1925	-0.001953	103.756744	0.000205	13.7
1926	-0.393892	103.726029	0.008927	14.1
1927	-1.903450	103.695338	0.013254	13.1
1928	-0.195873	103.664671	0.003293	14.7
1929	-0.000007	103.634028	0.000002	13.5
1930	-0.135993	103.603409	0.005812	13.7
1931	-1.816363	103.572814	0.017756	14.5
1932	-0.000000	103.542244	0.000000	9.0
1933	-1.965370	103.511698	0.026377	17.2
1934	-0.000009	103.481175	0.000002	9.4
1935	-0.009664	103.450677	0.001482	9.0
1936	-0.016081	103.420202	0.000677	6.7
1937	-0.184674	103.389752	0.005592	9.1
1938	-0.695503	103.359325	0.007666	12.7
1939	-0.001710	103.328922	0.000291	7.7
1940	-0.000000	103.298543	0.000000	9.0
1941	-1.075923	103.268188	0.009663	7.2
1942	-0.497951	103.237857	0.008810	10.4
1943	-1.235695	103.207549	0.016025	7.9
1944	-0.908750	103.177265	0.037840	9.2
1945	-1.196153	103.147005	0.010786	11.3
1946	-1.026460	103.116768	0.011278	8.4
1947	-0.912107	103.086556	0.009260	8.1
1948	-0.000000	103.056366	0.000000	11.6
1949	-0.000000	103.026200	0.000000	7.0
1950	-1.495511	102.996058	0.032493	9.7
1951	-1.910336	102.965939	0.017454	16.7
1952	-0.000000	102.935844	0.000000	7.9
1953	-1.880971	102.905772	0.006082	10.7
1954	-0.000033	102.875724	0.000009	14.3
1955	-0.912783	102.845699	0.008568	9.7
1956	-1.878353	102.815697	0.017832	8.6
1957	-0.354417	102.785719	0.007934	10.2
1958	-1.567255	102.755764	0.007968	8.4
1959	-0.947841	102.725832	0.009271	8.3
1960	-1.762438	102.695924	0.009704	8.3
1961	-0.063684	102.666038	0.002859	8.2
1962	-1.537294	102.636176	0.015732	10.3
1963	-0.218784	102.606337	0.006549	9.2
1964	-1.631131	102.576521	0.018315	9.0
1965	-1.414716	102.546728	0.011424	9.8
1966	-1.455949	102.516959	0.010325	8.3
1967	-0.419177	102.487212	0.008363	9.4
1968	-1.325406	102.457488	0.012069	9.5
1969	-0.000000	102.427788	0.000000	8.8
1970	-0.951608	102.398110	0.012513	8.7
1971	-1.188148	102.368455	0.008038	8.9
1972	-0.000000	102.338823	0.000000	9.3
1973	-0.000002	102.309214	0.000001	9.2
1974	-0.722224	102.279628	0.008233	10.2
1975	-0.026557	102.250064	0.002344	8.3
1976	-0.324155	102.220524	0.004884	8.3
1977	-0.000000	102.191006	0.000000	9.6
1978	-1.689390	102.161511	0.010027	8.8
1979	-0.000000	102.132038	0.000000	8.3
1980	-0.037742	102.102588	0.003328	11.1
1981	-1.511565	102.073161	0.008881	12.8
1982	-0.915532	102.043757	0.008600	7.6
1983	-1.976441	102.014375	0.021679	12.5
1984	-0.000000	101.985015	0.000000	8.2
1985	-0.030128	101.955678	0.001378	8.9
1986	-0.000000	101.926364	0.000000	7.0
1987	-1.896904	101.897072	0.011920	8.3
1988	-0.014149	101.867802	0.000665	10.3
1989	-0.009134	101.838555	0.000783	7.7
1990	-1.704214	101.809330	0.042971	10.2
1991	-0.197604	101.780128	0.005463	8.8
1992	-0.506352	101.750948	0.005439	8.8
1993	-0.791691	101.721790	0.008856	8.5
1994	-0.000000	101.692654	0.000000	7.9
1995	-0.618373	101.663541	0.005330	9.0
1996	-1.897370	101.634450	0.020015	12.2
1997	-0.114364	101.605381	0.006061	7.8
1998	-1.838651	101.576335	0.013428	8.4
1999	-1.577954	101.547310	0.022466	9.1
