1:ItNr	2:Metric	3:StepSize	4:||Gradient||	Time[ms]
0	-0.002203	627.201626	0.000326	595.7
1	-1.383596	623.504937	0.026261	9.9
2	-0.000000	619.865785	0.000000	9.0
3	-0.632807	616.282728	0.012788	10.0
4	-0.000000	612.754375	0.000000	9.3
5	-0.221670	609.279381	0.007335	9.4
6	-1.591800	605.856447	0.029103	9.7
7	-0.263215	602.484317	0.003350	9.9
8	-0.327132	599.161779	0.005857	8.7
9	-0.000000	595.887656	0.000000	8.9
10	-0.959000	592.660813	0.015338	9.0
11	-0.396415	589.480151	0.011391	10.1
12	-0.542676	586.344606	0.009908	9.8
13	-0.998585	583.253145	0.016328	8.7
14	-0.040822	580.204771	0.001222	8.6
15	-0.000000	577.198517	0.000000	9.1
16	-1.371796	574.233444	0.023894	10.4
17	-0.971411	571.308645	0.016293	13.2
18	-0.187732	568.423237	0.002040	8.4
19	-1.141686	565.576365	0.011492	8.5
20	-0.000000	562.767201	0.000000	8.8
21	-0.010737	559.994938	0.001265	8.3
22	-1.336047	557.258797	0.032836	12.7
23	-0.620858	554.558018	0.007821	9.0
24	-0.123817	551.891865	0.002348	8.7
25	-0.972019	549.259621	0.034483	8.9
26	0.000000	546.660592	0.000000	9.1
27	-0.392075	544.094102	0.010446	11.1
28	-0.452223	541.559494	0.005650	9.8
29	-0.000126	539.056129	0.000057	8.5
30	-0.979055	536.583387	0.025578	11.5
31	-1.584529	534.140663	0.011682	8.1
32	-1.265801	531.727370	0.010166	8.6
33	-1.346101	529.342935	0.010534	9.6
34	-0.328469	526.986802	0.005722	8.4
35	-0.078007	524.658430	0.002025	9.3
36	-0.757411	522.357290	0.021892	8.5
37	-0.819924	520.082868	0.019422	9.3
38	-0.006008	517.834665	0.000652	8.4
39	-0.000000	515.612193	0.000000	7.8
40	-0.522864	513.414976	0.008641	10.1
41	-0.266648	511.242551	0.002403	9.2
42	-0.694379	509.094468	0.005231	10.3
43	-0.800429	506.970285	0.021614	9.0
44	-0.867353	504.869574	0.010340	8.6
45	-0.262184	502.791916	0.003978	9.4
46	-0.000000	500.736903	0.000000	8.8
47	-0.837697	498.704137	0.008383	9.6
48	-0.000000	496.693228	0.000000	10.2
49	-0.000274	494.703798	0.000059	7.3
50	-0.127796	492.735476	0.006164	10.5
51	-0.000000	490.787900	0.000000	8.9
52	-1.548332	488.860718	0.011582	8.7
53	-0.066603	486.953585	0.003217	9.5
54	-1.219959	485.066164	0.009753	8.4
55	-1.158989	483.198126	0.017786	10.7
56	-1.461782	481.349149	0.012157	8.8
57	-1.022795	479.518920	0.017870	8.2
58	-0.618396	477.707132	0.007511	12.6
59	-0.000002	475.913485	0.000001	11.9
60	-0.309557	474.137684	0.003102	10.5
61	-1.044186	472.379445	0.025803	9.6
62	-0.014399	470.638485	0.000426	8.0
63	-1.249848	468.914531	0.014856	9.0
64	-1.013957	467.207315	0.010663	8.6
65	-1.354347	465.516573	0.035041	8.9
66	-0.000000	463.842050	0.000000	10.1
67	-0.001363	462.183494	0.000423	8.8
68	-1.387806	460.540658	0.018616	9.2
69	-0.000000	458.913303	0.000000	8.4
70	-1.073388	457.301192	0.008752	9.9
71	-1.365230	455.704096	0.017719	9.1
72	-0.000000	454.121787	0.000000	10.3
73	-0.000000	452.554045	0.000000	8.3
74	-0.000000	451.000653	0.000000	15.2
75	-1.443165	449.461399	0.013080	13.8
76	-0.000000	447.936075	0.000000	10.4
77	-0.000162	446.424477	0.000079	9.7
78	-0.000000	444.926406	0.000000	10.3
79	-0.882252	443.441666	0.007087	10.9
80	-1.140889	441.970065	0.017156	9.8
81	-0.000000	440.511415	0.000000	13.5
82	-1.166213	439.065533	0.015867	8.9
83	-0.075001	437.632238	0.003252	9.0
84	-1.441551	436.211351	0.037231	9.3
85	-0.420972	434.802701	0.004331	10.2
86	-0.000000	433.406117	0.000000	9.8
87	-1.413364	432.021430	0.044135	8.4
88	-1.016368	430.648479	0.017747	9.8
89	-0.000000	429.287101	0.000000	8.5
90	-1.302470	427.937140	0.036068	9.5
91	-0.088605	426.598440	0.004340	8.1
92	-0.000011	425.270849	0.000006	9.3
93	-1.075450	423.954220	0.012525	16.3
94	-0.000000	422.648404	0.000000	9.0
95	-0.583561	421.353259	0.004827	8.5
96	-0.588456	420.068643	0.011887	11.0
97	-1.473689	418.794419	0.024216	9.8
98	-0.343007	417.530451	0.002807	8.4
99	-0.000000	416.276604	0.000000	9.9
100	-0.393733	415.032748	0.008441	8.0
101	-0.000000	413.798754	0.000000	9.8
102	-0.395096	412.574495	0.004548	9.0
103	-0.000696	411.359849	0.000272	8.3
104	-0.000197	410.154691	0.000040	8.9
105	-1.205288	408.958904	0.013278	7.9
106	-1.528253	407.772368	0.029769	8.7
107	-1.491304	406.594968	0.013797	8.9
108	-0.006501	405.426590	0.001045	7.7
109	-0.008699	404.267122	0.000751	8.7
110	-0.000000	403.116456	0.000000	9.5
111	-0.000000	401.974481	0.000000	9.3
112	-0.000000	400.841093	0.000000	7.3
113	-0.000000	399.716187	0.000000	9.6
114	-0.317903	398.599660	0.005094	10.6
115	-1.057596	397.491411	0.011074	10.3
116	-0.001622	396.391342	0.000453	10.1
117	-0.163489	395.299353	0.002629	12.2
118	-0.656819	394.215350	0.004923	8.6
119	-0.965932	393.139238	0.016090	8.8
120	-0.568521	392.070924	0.006512	7.9
121	-0.000033	391.010316	0.000017	8.6
122	-1.533624	389.957325	0.020021	8.6
123	-0.000000	388.911862	0.000000	9.3
124	-0.383300	387.873839	0.002577	10.3
125	-1.065948	386.843173	0.009109	7.6
126	-0.386922	385.819777	0.006662	9.3
127	-1.286672	384.803569	0.009957	8.6
128	-1.326253	383.794468	0.008197	8.4
129	-0.502610	382.792393	0.005189	11.6
130	-0.000000	381.797264	0.000000	7.7
131	-0.002418	380.809005	0.000226	8.5
132	-0.000000	379.827537	0.000000	8.7
133	-0.009060	378.852786	0.000598	8.6
134	-1.549125	377.884678	0.029646	9.5
135	-0.001856	376.923138	0.000114	9.3
136	-0.000000	375.968095	0.000000	9.5
137	-0.000000	375.019479	0.000000	8.2
138	-0.000000	374.077218	0.000000	9.0
139	-0.991383	373.141244	0.006986	9.4
140	-0.000013	372.211489	0.000007	8.9
141	-0.001280	371.287887	0.000183	13.6
142	-0.000364	370.370370	0.000134	13.9
143	-1.459079	369.458876	0.039535	9.2
144	-0.000010	368.553338	0.000004	10.3
145	-1.066515	367.653696	0.022231	8.3
146	-0.000000	366.759885	0.000000	9.7
147	-0.000000	365.871846	0.000000	10.8
148	-0.000000	364.989518	0.000000	8.1
149	-0.783346	364.112841	0.015150	7.4
150	-1.385725	363.241757	0.033043	10.6
151	-1.366918	362.376208	0.006354	9.9
152	-0.182698	361.516137	0.003071	8.2
153	-0.727085	360.661488	0.009702	10.2
154	-1.253142	359.812206	0.015781	8.9
155	-0.857134	358.968236	0.008629	9.9
156	-0.915881	358.129524	0.013166	11.1
157	-1.442444	357.296018	0.028471	7.7
158	-0.902675	356.467665	0.011329	10.0
159	-1.421670	355.644414	0.009736	21.6
160	-1.226919	354.826213	0.008686	8.8
161	-1.473487	354.013012	0.018213	8.6
162	-0.000000	353.204763	0.000000	8.5
163	-0.000000	352.401415	0.000000	10.3
164	-0.316162	351.602922	0.006407	8.6
165	-1.624116	350.809235	0.027723	9.8
166	-0.260939	350.020308	0.003369	9.7
167	-1.592495	349.236095	0.026419	8.9
168	-0.000000	348.456550	0.000000	9.4
169	-0.018663	347.681627	0.001252	9.9
170	-0.000001	346.911283	0.000001	8.2
171	-0.000000	346.145474	0.000000	11.6
172	-0.169795	345.384157	0.006245	7.9
173	-0.488752	344.627288	0.006619	10.0
174	-1.322101	343.874826	0.021157	7.8
175	-1.511626	343.126729	0.013104	8.7
176	-1.490897	342.382957	0.024453	9.5
177	-0.987851	341.643469	0.012872	7.5
178	-0.914171	340.908224	0.015744	8.8
179	-0.000000	340.177184	0.000000	8.8
180	-0.000000	339.450309	0.000000	7.2
181	-0.000000	338.727561	0.000000	8.6
182	-1.429767	338.008902	0.037253	9.8
183	-0.000000	337.294295	0.000000	10.7
184	-1.497324	336.583703	0.019384	8.7
185	-0.675325	335.877089	0.006712	9.0
186	-1.488929	335.174416	0.026421	9.6
187	-0.580647	334.475651	0.008749	8.6
188	-0.821051	333.780756	0.007219	8.6
189	-1.190147	333.089698	0.038719	8.8
190	-1.544643	332.402443	0.036120	8.4
191	-0.000000	331.718955	0.000000	8.5
192	-0.024506	331.039203	0.002467	8.9
193	-0.000000	330.363153	0.000000	9.3
194	-0.000000	329.690771	0.000000	9.2
195	-0.323680	329.022027	0.007248	8.0
196	-1.496986	328.356888	0.016590	8.8
197	-0.000000	327.695322	0.000000	8.6
198	-0.067519	327.037299	0.000996	10.2
199	-1.516603	326.382787	0.028007	8.0
200	-1.578566	325.731758	0.017208	9.9
201	-0.005855	325.084179	0.000572	8.3
202	-0.366075	324.440023	0.005165	9.7
203	-0.034582	323.799258	0.005211	9.7
204	-0.006409	323.161858	0.001756	7.7
205	-0.001008	322.527792	0.000406	8.8
206	-0.083667	321.897034	0.003662	9.2
207	-0.000000	321.269554	0.000000	9.2
208	-1.479108	320.645325	0.019168	9.2
209	-1.416262	320.024320	0.009704	7.7
210	-0.476520	319.406512	0.005374	11.1
211	-1.336623	318.791875	0.017739	9.0
212	-0.280048	318.180381	0.005328	9.7
213	-1.522519	317.572005	0.021142	9.0
214	-0.000000	316.966721	0.000000	9.3
215	-0.000000	316.364504	0.000000	8.2
216	-0.000000	315.765329	0.000000	9.2
217	-0.000495	315.169170	0.000194	9.8
218	-0.000000	314.576003	0.000000	10.4
219	-0.130752	313.985804	0.003797	8.8
220	-0.476283	313.398548	0.004541	10.1
221	-1.330006	312.814213	0.020798	10.4
222	-0.000000	312.232773	0.000000	8.7
223	-1.385432	311.654207	0.013855	9.6
224	-0.832004	311.078491	0.010099	8.9
225	-0.000000	310.505602	0.000000	8.6
226	-0.000000	309.935518	0.000000	9.2
227	-0.000000	309.368217	0.000000	15.1
228	-1.458259	308.803676	0.010710	9.3
229	-0.804858	308.241874	0.004487	9.7
230	-1.209644	307.682789	0.009896	9.8
231	-0.000000	307.126400	0.000000	12.7
232	-0.364227	306.572687	0.003880	8.5
233	-0.811935	306.021627	0.017752	8.9
234	-0.000000	305.473201	0.000000	8.9
235	-0.134842	304.927388	0.002772	10.7
236	-1.529706	304.384168	0.018797	8.1
237	-1.028895	303.843521	0.015298	8.5
238	-0.001104	303.305427	0.000378	8.7
239	-0.000620	302.769867	0.000248	9.1
240	-0.000000	302.236821	0.000000	9.3
241	-0.000000	301.706270	0.000000	9.2
242	-0.937917	301.178196	0.010979	10.2
243	-1.158861	300.652580	0.020259	8.4
244	-0.000283	300.129402	0.000115	9.0
245	-1.414607	299.608645	0.017649	10.5
246	-0.390138	299.090291	0.004188	8.7
247	-0.242767	298.574321	0.003121	9.5
248	-0.218753	298.060718	0.003621	10.9
249	-0.000000	297.549465	0.000000	7.6
250	-0.425171	297.040543	0.003272	9.0
251	-1.410385	296.533936	0.016817	9.9
252	-0.000000	296.029626	0.000000	9.1
253	-1.410863	295.527597	0.011200	8.9
254	-0.000000	295.027832	0.000000	9.0
255	-0.228627	294.530315	0.004971	9.4
256	-0.469948	294.035028	0.006465	8.2
257	-1.596572	293.541956	0.026562	9.5
258	-1.537180	293.051083	0.029490	9.6
259	-1.569744	292.562393	0.013353	9.7
260	-0.000000	292.075870	0.000000	9.7
261	-0.081258	291.591498	0.004909	8.9
262	-0.221811	291.109263	0.003194	8.7
263	-0.942358	290.629149	0.009579	9.1
264	-0.665914	290.151140	0.010743	9.0
265	-0.838021	289.675222	0.012383	8.5
266	-1.509308	289.201380	0.021087	8.9
267	-0.392231	288.729600	0.004241	8.2
268	-0.000000	288.259866	0.000000	8.6
269	-1.196242	287.792165	0.023216	8.7
270	-0.000000	287.326481	0.000000	9.7
271	-0.114324	286.862802	0.001956	7.2
272	-0.016364	286.401113	0.000089	10.3
273	-1.180435	285.941400	0.015551	9.4
274	-1.242932	285.483649	0.011755	8.5
275	-0.000011	285.027847	0.000007	10.9
276	-1.453608	284.573981	0.011999	10.6
277	-1.150631	284.122037	0.016096	9.0
278	-0.778322	283.672002	0.010485	10.3
279	-0.000076	283.223863	0.000042	7.6
280	-1.415027	282.777607	0.011160	8.4
281	-0.000000	282.333221	0.000000	14.1
282	-0.000669	281.890692	0.000172	8.5
283	-0.003878	281.450008	0.000681	9.0
284	-0.752493	281.011157	0.009071	8.5
285	-0.957544	280.574125	0.007084	9.4
286	-1.576275	280.138901	0.025231	8.5
287	-0.853678	279.705473	0.008163	9.4
288	-1.521495	279.273829	0.017319	17.7
289	-1.542214	278.843956	0.015678	9.2
290	-1.015435	278.415844	0.004749	12.6
291	-0.000000	277.989479	0.000000	9.2
292	-1.450195	277.564851	0.012434	10.3
293	-1.321293	277.141949	0.011437	10.0
294	-1.563827	276.720761	0.014900	9.1
295	-1.038872	276.301275	0.013188	9.7
296	-0.000000	275.883480	0.000000	10.2
297	-1.440676	275.467366	0.025971	8.0
298	-0.030490	275.052922	0.000839	9.9
299	-1.515791	274.640136	0.020328	8.8
300	-0.029757	274.228998	0.000437	7.6
301	-0.231793	273.819497	0.005056	8.0
302	-1.000253	273.411623	0.008418	8.3
303	-0.000000	273.005365	0.000000	10.2
304	-0.000000	272.600712	0.000000	9.1
305	-0.000000	272.197655	0.000000	8.8
306	-0.000000	271.796184	0.000000	9.0
307	-0.000000	271.396287	0.000000	8.3
308	-0.000000	270.997956	0.000000	8.6
309	-0.000000	270.601180	0.000000	9.8
310	-0.004231	270.205949	0.000754	9.7
311	-0.994239	269.812254	0.012751	11.7
312	-0.739575	269.420085	0.005072	8.3
313	-0.872710	269.029432	0.006320	11.0
314	-0.000000	268.640287	0.000000	8.3
315	-1.431166	268.252638	0.024392	7.8
316	-0.000000	267.866478	0.000000	9.6
317	-0.000000	267.481796	0.000000	9.0
318	-1.609513	267.098584	0.025671	9.8
319	-1.289505	266.716833	0.010636	9.3
320	-0.000000	266.336533	0.000000	9.4
321	-0.000000	265.957676	0.000000	10.8
322	-1.263552	265.580253	0.020131	9.0
323	-0.000000	265.204254	0.000000	8.8
324	-1.596407	264.829672	0.019252	8.2
325	-0.974009	264.456497	0.010678	8.0
326	-1.039847	264.084721	0.005315	8.7
327	-1.001990	263.714335	0.011793	8.9
328	-0.151202	263.345332	0.003157	8.1
329	-0.026233	262.977702	0.001024	9.4
330	-0.359193	262.611438	0.007833	8.3
331	-1.245314	262.246531	0.007940	9.7
332	-0.935911	261.882973	0.022279	8.9
333	-1.382680	261.520756	0.019312	10.1
334	-0.978414	261.159871	0.010983	10.6
335	-0.000000	260.800312	0.000000	10.9
336	-0.940580	260.442070	0.011879	10.1
337	-1.493235	260.085137	0.019982	10.1
338	-0.000000	259.729505	0.000000	11.5
339	-0.061712	259.375167	0.002717	8.9
340	-0.000000	259.022116	0.000000	8.3
341	-0.013967	258.670343	0.001329	8.0
342	-1.573107	258.319841	0.012853	9.4
343	-1.432564	257.970602	0.005552	8.6
344	-1.267695	257.622620	0.011035	10.1
345	-0.004233	257.275887	0.000592	8.6
346	-1.570284	256.930396	0.019972	8.5
347	-1.218752	256.586139	0.014943	11.9
348	-0.000000	256.243109	0.000000	9.8
349	-0.690047	255.901300	0.005161	9.1
350	-0.618368	255.560703	0.009470	11.7
351	-1.008911	255.221313	0.025887	8.9
352	-1.281784	254.883122	0.009814	9.3
353	-0.232536	254.546124	0.005890	10.3
354	-0.055719	254.210311	0.002298	8.1
355	-1.378247	253.875677	0.015789	9.2
356	-0.000000	253.542215	0.000000	9.0
357	-1.183687	253.209918	0.021992	8.9
358	-0.000000	252.878781	0.000000	9.5
359	-0.318768	252.548795	0.003138	9.1
360	-0.000000	252.219956	0.000000	8.8
361	-0.000000	251.892255	0.000000	9.0
362	-1.438245	251.565688	0.030161	8.6
363	-1.574680	251.240247	0.025272	8.4
364	-0.087381	250.915926	0.001636	8.1
365	-1.148667	250.592720	0.018008	9.5
366	-0.315625	250.270621	0.004417	10.3
367	-1.439546	249.949624	0.019351	9.7
368	-0.681615	249.629723	0.010046	10.3
369	-0.569690	249.310911	0.008618	7.3
370	-1.238562	248.993182	0.012493	8.5
371	-1.552213	248.676531	0.021888	8.7
372	-0.000000	248.360952	0.000000	8.9
373	-0.000000	248.046438	0.000000	8.7
374	-0.190886	247.732984	0.003119	9.0
375	-0.343186	247.420584	0.005036	9.2
376	-1.191129	247.109233	0.010227	10.4
377	-0.000000	246.798924	0.000000	9.1
378	-0.000000	246.489652	0.000000	9.9
379	-0.000000	246.181412	0.000000	7.6
380	-0.000172	245.874197	0.000070	8.6
381	-0.323163	245.568002	0.004162	9.4
382	-1.308412	245.262822	0.015325	9.0
383	-0.000732	244.958652	0.000077	9.8
384	-0.188356	244.655485	0.004510	12.5
385	-0.000001	244.353317	0.000000	8.8
386	0.000000	244.052142	0.000000	9.2
387	-0.028078	243.751955	0.000337	8.8
388	-0.000000	243.452750	0.000000	9.3
389	-0.008216	243.154523	0.000649	9.8
390	-1.450761	242.857268	0.013449	9.5
391	-0.921514	242.560980	0.006217	8.8
392	-0.324072	242.265654	0.004776	9.1
393	-1.161318	241.971285	0.008653	9.2
394	-0.479571	241.677868	0.004021	11.4
395	-1.360796	241.385397	0.018372	8.5
396	-1.568305	241.093869	0.014979	9.2
397	-0.000000	240.803278	0.000000	9.1
398	-0.205095	240.513619	0.007352	9.3
399	-1.036688	240.224887	0.022381	9.4
400	-1.239490	239.937077	0.010274	7.5
401	-0.006067	239.650186	0.000227	9.6
402	-1.535169	239.364207	0.030986	8.5
403	-0.101228	239.079136	0.002663	9.6
404	-1.450141	238.794969	0.015035	10.4
405	-1.409300	238.511701	0.011527	7.5
406	-0.000000	238.229327	0.000000	10.2
407	-0.000000	237.947843	0.000000	8.6
408	-0.295325	237.667244	0.002890	11.7
409	-0.000000	237.387526	0.000000	9.7
410	-1.006051	237.108684	0.025899	9.3
411	-1.200411	236.830714	0.016850	10.0
412	-0.010879	236.553610	0.000295	8.4
413	-1.544019	236.277370	0.032810	9.5
414	-1.376397	236.001989	0.012181	10.3
415	-0.000000	235.727461	0.000000	10.0
416	-1.559556	235.453784	0.029200	7.8
417	-0.000000	235.180952	0.000000	9.2
418	-0.000000	234.908962	0.000000	8.7
419	-0.000000	234.637809	0.000000	8.3
420	-0.978008	234.367488	0.012399	9.5
421	-0.546335	234.097997	0.004352	8.3
422	0.000000	233.829331	0.000000	9.6
423	-0.000000	233.561485	0.000000	8.1
424	-0.104810	233.294456	0.002399	8.4
425	-0.995700	233.028239	0.004416	9.5
426	-0.000000	232.762831	0.000000	13.8
427	-1.579851	232.498228	0.007123	9.3
428	-1.389350	232.234425	0.009683	7.7
429	-0.020607	231.971419	0.000949	8.3
430	-1.452088	231.709205	0.015321	11.0
431	-0.736481	231.447781	0.011198	8.0
432	-1.405455	231.187141	0.012351	9.6
433	-0.000000	230.927283	0.000000	17.1
434	-0.543509	230.668202	0.004217	9.7
435	-0.482059	230.409895	0.007112	7.9
436	-0.969238	230.152358	0.010786	10.0
437	-0.622849	229.895587	0.010068	10.6
438	-1.336345	229.639578	0.019520	8.8
439	-0.000002	229.384329	0.000001	10.3
440	-0.870254	229.129834	0.007115	8.3
441	-0.000000	228.876091	0.000000	10.3
442	-0.672384	228.623096	0.008836	8.5
443	-0.940050	228.370846	0.009711	9.6
444	-1.528027	228.119336	0.021512	11.1
445	-0.000000	227.868563	0.000000	8.9
446	-0.756105	227.618525	0.004764	9.7
447	-0.100827	227.369216	0.002211	10.6
448	-0.000000	227.120635	0.000000	8.5
449	-0.195463	226.872777	0.003572	8.7
450	-0.000000	226.625638	0.000000	8.6
451	-1.014988	226.379217	0.003754	8.6
452	-0.086151	226.133509	0.001326	9.5
453	-0.000000	225.888510	0.000000	9.7
454	-0.028680	225.644218	0.001984	9.8
455	-1.459015	225.400630	0.008639	11.0
456	-0.000000	225.157741	0.000000	9.3
457	-1.369928	224.915549	0.012351	10.5
458	-0.000000	224.674051	0.000000	10.3
459	-0.053592	224.433242	0.000841	9.0
460	-0.000000	224.193121	0.000000	8.6
461	-0.006825	223.953684	0.000853	13.3
462	-1.659165	223.714927	0.028082	8.9
463	-0.013371	223.476848	0.000478	8.9
464	-0.012776	223.239444	0.000697	10.6
465	-0.781344	223.002710	0.007655	9.9
466	-0.026614	222.766645	0.000492	9.0
467	-0.279876	222.531245	0.004093	8.8
468	-1.109537	222.296508	0.017113	11.8
469	-0.463287	222.062429	0.004434	8.5
470	-0.164378	221.829007	0.003099	22.5
471	-1.187971	221.596238	0.014859	9.1
472	-1.664368	221.364119	0.032889	10.3
473	-0.966617	221.132647	0.018502	8.1
474	-1.504913	220.901820	0.023155	9.9
475	-0.058249	220.671634	0.003406	9.5
476	-0.299913	220.442086	0.007309	8.1
477	-0.018918	220.213174	0.000616	10.1
478	-0.020069	219.984895	0.001071	10.2
479	-0.000000	219.757246	0.000000	9.0
480	-1.551613	219.530224	0.028634	9.8
481	-0.088467	219.303826	0.001961	9.6
482	-0.050981	219.078050	0.001567	9.1
483	-0.385531	218.852893	0.003938	8.6
484	-0.000002	218.628352	0.000001	8.7
485	-0.670334	218.404424	0.004864	8.1
486	-0.038121	218.181106	0.001192	9.1
487	-1.285846	217.958397	0.027004	10.6
488	-1.289332	217.736292	0.011531	8.0
489	-0.177696	217.514790	0.003395	8.8
490	-0.017423	217.293888	0.000607	12.9
491	-0.262806	217.073584	0.003795	8.6
492	-0.000000	216.853873	0.000000	9.8
493	-0.011350	216.634755	0.001700	10.6
494	-0.000000	216.416227	0.000000	7.1
495	-0.754148	216.198285	0.008290	8.4
496	-1.303718	215.980927	0.024709	7.7
497	-0.776935	215.764151	0.012498	10.3
498	-0.000000	215.547955	0.000000	9.4
499	-0.858690	215.332335	0.008041	7.9
500	-0.613537	215.117289	0.009576	10.5
501	-0.000000	214.902815	0.000000	9.7
502	-0.000000	214.688911	0.000000	7.7
503	-0.996532	214.475573	0.007706	12.5
504	-0.002686	214.262800	0.000727	8.6
505	-1.130167	214.050588	0.008345	9.8
506	-0.023099	213.838936	0.001827	8.5
507	-0.000000	213.627842	0.000000	8.0
508	-0.000000	213.417302	0.000000	10.4
509	-1.111734	213.207314	0.008350	9.2
510	-1.473735	212.997877	0.009980	10.7
511	-0.656718	212.788987	0.004399	9.6
512	-1.293894	212.580642	0.007356	8.4
513	-1.454586	212.372841	0.007694	9.6
514	-0.000000	212.165581	0.000000	9.5
515	-0.545192	211.958859	0.003832	8.4
516	-0.801841	211.752673	0.012162	8.6
517	-0.000000	211.547021	0.000000	8.4
518	-1.415937	211.341902	0.013385	10.0
519	-1.642592	211.137311	0.014801	9.3
520	-0.000000	210.933248	0.000000	9.0
521	-0.000000	210.729710	0.000000	9.8
522	-1.601961	210.526695	0.008095	11.3
523	-0.973041	210.324200	0.009914	10.2
524	-1.454923	210.122224	0.010723	10.7
525	-0.000000	209.920765	0.000000	9.7
526	-0.004810	209.719820	0.000413	12.0
527	-1.032187	209.519387	0.021667	13.4
528	-1.110402	209.319463	0.008786	8.7
529	-0.285389	209.120048	0.004486	8.8
530	-1.660642	208.921139	0.017762	9.8
531	-0.039533	208.722733	0.000387	9.3
532	-0.000000	208.524829	0.000000	8.6
533	-1.214760	208.327425	0.011340	9.0
534	-0.006739	208.130518	0.000834	8.4
535	-0.003950	207.934107	0.000517	10.6
536	-1.401489	207.738189	0.020508	9.5
537	-0.000000	207.542762	0.000000	8.5
538	-0.455581	207.347825	0.006270	10.5
539	-0.001409	207.153376	0.000444	8.1
540	-0.000000	206.959412	0.000000	9.2
541	-1.118952	206.765932	0.010293	8.3
542	-0.006170	206.572933	0.000573	9.8
543	-0.000000	206.380414	0.000000	9.9
544	-0.000000	206.188373	0.000000	7.4
545	-0.000001	205.996807	0.000000	8.3
546	-1.618388	205.805716	0.014927	9.5
547	-0.016067	205.615096	0.000364	8.8
548	-0.000000	205.424946	0.000000	10.1
549	-0.381917	205.235265	0.005195	9.9
550	-1.514211	205.046050	0.022114	8.8
551	-0.000027	204.857299	0.000015	8.3
552	-0.929193	204.669011	0.016616	8.4
553	-1.442396	204.481184	0.011717	9.6
554	-0.000003	204.293816	0.000002	8.1
555	-0.052692	204.106905	0.002087	9.4
556	-0.624976	203.920449	0.007121	10.1
557	-1.281724	203.734447	0.015500	8.0
558	-0.240967	203.548896	0.009179	9.3
559	-0.000000	203.363795	0.000000	9.2
560	-0.428795	203.179143	0.003937	9.3
561	-0.738198	202.994937	0.007140	11.4
562	-0.747629	202.811176	0.006947	7.9
563	-0.895894	202.627857	0.013423	11.8
564	-0.000000	202.444980	0.000000	7.9
565	-1.548291	202.262543	0.014478	8.1
566	-1.573127	202.080543	0.013456	12.7
567	-1.233009	201.898979	0.009647	8.4
568	-0.140626	201.717849	0.002344	9.2
569	-0.000000	201.537153	0.000000	8.9
570	-1.620401	201.356887	0.014472	7.9
571	-0.012754	201.177050	0.000555	9.2
572	-1.565769	200.997642	0.013500	9.8
573	-0.000000	200.818659	0.000000	9.6
574	-1.609481	200.640100	0.010220	9.3
575	-1.584427	200.461965	0.010683	8.8
576	-1.339358	200.284250	0.015405	11.0
577	-0.000000	200.106955	0.000000	8.6
578	-0.488940	199.930078	0.005664	10.0
579	-0.000001	199.753617	0.000000	8.1
580	-0.003231	199.577571	0.000435	10.2
581	-0.000000	199.401938	0.000000	9.3
582	-0.166673	199.226717	0.004784	10.2
583	-0.013761	199.051905	0.002133	8.5
584	-0.000000	198.877502	0.000000	10.5
585	-0.000000	198.703506	0.000000	9.2
586	-0.000000	198.529916	0.000000	8.3
587	-0.027326	198.356729	0.000571	8.8
588	-1.164542	198.183944	0.015726	7.9
589	-0.851785	198.011560	0.005720	9.4
590	-1.486224	197.839576	0.008580	8.9
591	-0.000000	197.667989	0.000000	11.2
592	-0.000000	197.496798	0.000000	9.7
593	-0.072468	197.326002	0.000877	8.3
594	-1.136781	197.155600	0.010537	9.7
595	-0.000000	196.985589	0.000000	7.7
596	-0.011463	196.815969	0.001232	7.7
597	-0.001045	196.646738	0.000368	8.9
598	-0.000393	196.477894	0.000139	8.4
599	-0.090549	196.309436	0.001688	9.0
600	-1.572344	196.141363	0.027491	10.3
601	-0.013608	195.973673	0.000627	8.1
602	-0.003645	195.806365	0.000244	9.3
603	-1.077677	195.639437	0.007423	7.8
604	-0.558616	195.472888	0.007436	8.8
605	-1.247309	195.306717	0.018524	8.0
606	-1.543746	195.140922	0.007866	8.2
607	-1.350742	194.975501	0.027329	9.7
608	-1.416520	194.810454	0.019174	8.0
609	-0.000000	194.645779	0.000000	9.5
610	-1.232299	194.481475	0.007368	8.2
611	-0.000000	194.317540	0.000000	8.2
612	-0.000000	194.153973	0.000000	9.1
613	-0.000191	193.990773	0.000023	11.0
614	-1.585558	193.827938	0.018713	9.0
615	-1.307413	193.665467	0.007576	9.4
616	-0.049653	193.503358	0.001336	7.8
617	-0.991620	193.341611	0.013805	9.5
618	-0.049515	193.180224	0.001656	8.9
619	-0.188061	193.019196	0.003417	8.5
620	-1.064433	192.858525	0.011260	8.8
621	-1.408388	192.698210	0.017453	7.8
622	-1.299487	192.538251	0.010301	9.2
623	-1.260404	192.378644	0.012032	8.5
624	-1.490915	192.219391	0.017421	8.8
625	-0.008913	192.060488	0.000410	9.5
626	-1.100827	191.901935	0.008523	8.2
627	-0.000063	191.743730	0.000034	9.5
628	-0.024486	191.585873	0.001223	8.0
629	-0.189765	191.428362	0.004143	8.0
630	-0.854847	191.271196	0.006469	8.8
631	-0.117417	191.114374	0.002503	8.2
632	-1.540088	190.957893	0.016513	9.2
633	-1.496049	190.801755	0.011200	7.7
634	-1.507015	190.645956	0.013646	9.5
635	-0.011223	190.490495	0.000323	8.7
636	-1.379609	190.335373	0.012571	8.8
637	-1.636054	190.180587	0.008366	8.2
638	-0.000000	190.026136	0.000000	9.1
639	-0.000911	189.872019	0.000156	8.9
640	-1.667596	189.718235	0.015002	10.7
641	-0.000000	189.564782	0.000000	8.4
642	-1.233156	189.411661	0.007669	8.9
643	-0.755560	189.258868	0.004413	8.6
644	-1.066224	189.106404	0.007970	8.2
645	-0.237668	188.954267	0.002915	12.8
646	-0.000000	188.802456	0.000000	7.7
647	-1.663540	188.650969	0.010147	8.3
648	-0.072817	188.499807	0.001645	8.3
649	-0.021727	188.348967	0.000881	8.2
650	-0.000000	188.198448	0.000000	8.5
651	-0.088235	188.048250	0.002401	8.2
652	-1.257706	187.898371	0.008323	8.8
653	-0.014054	187.748810	0.001339	7.1
654	-0.000000	187.599566	0.000000	8.4
655	-0.000000	187.450638	0.000000	8.2
656	-0.360168	187.302025	0.004957	10.1
657	-0.029125	187.153725	0.000586	10.3
658	-0.268344	187.005739	0.002303	8.4
659	-1.541152	186.858064	0.019803	9.1
660	-0.577061	186.710699	0.005850	8.7
661	-0.503965	186.563645	0.003263	8.0
662	-0.237340	186.416898	0.006711	9.6
663	-0.017117	186.270459	0.000477	14.5
664	-0.000000	186.124326	0.000000	7.7
665	-0.987436	185.978499	0.010227	23.9
666	-0.160962	185.832976	0.003882	6.8
667	-0.025929	185.687756	0.002881	8.8
668	-1.302984	185.542838	0.008425	9.0
669	-1.478152	185.398222	0.007863	9.5
670	-1.583809	185.253906	0.017282	10.9
671	-0.000001	185.109889	0.000000	8.7
672	-1.127250	184.966170	0.008570	9.4
673	-0.000000	184.822748	0.000000	15.9
674	-0.662148	184.679623	0.008682	9.2
675	-0.000000	184.536792	0.000000	9.0
676	-0.000000	184.394256	0.000000	8.8
677	-0.101498	184.252013	0.002025	9.7
678	-1.517789	184.110062	0.011213	8.2
679	-1.390674	183.968403	0.006458	11.4
680	-0.000000	183.827034	0.000000	9.4
681	-0.435162	183.685954	0.010171	9.3
682	-0.000000	183.545163	0.000000	9.4
683	-0.869222	183.404658	0.008225	7.5
684	-0.795588	183.264441	0.009465	11.0
685	-1.350939	183.124509	0.009071	8.9
686	-0.798827	182.984861	0.009771	9.6
687	-0.000000	182.845497	0.000000	9.3
688	-1.476702	182.706416	0.014910	8.1
689	-0.845342	182.567616	0.015078	9.6
690	-1.416699	182.429098	0.014000	8.8
691	-0.674543	182.290859	0.007191	8.7
692	-1.637576	182.152899	0.030728	9.5
693	-0.000000	182.015217	0.000000	8.2
694	-1.063392	181.877813	0.004224	9.8
695	-0.002589	181.740684	0.000178	7.8
696	-0.000000	181.603832	0.000000	8.6
697	-0.021222	181.467253	0.001558	14.1
698	-0.000000	181.330948	0.000000	7.6
699	-1.279840	181.194916	0.016002	8.9
700	-0.004528	181.059155	0.000067	8.6
701	-0.000000	180.923666	0.000000	9.0
702	-0.000000	180.788446	0.000000	8.1
703	-1.518085	180.653496	0.008720	7.5
704	-0.922314	180.518814	0.005939	9.1
705	-0.000000	180.384399	0.000000	8.7
706	-1.059576	180.250251	0.010778	8.8
707	-0.432331	180.116369	0.002267	9.8
708	-0.000000	179.982752	0.000000	8.6
709	-1.650355	179.849398	0.013399	10.4
710	-0.104385	179.716308	0.001481	7.5
711	-0.000686	179.583480	0.000242	8.8
712	-0.454542	179.450913	0.006334	9.0
713	-0.000000	179.318607	0.000000	8.3
714	0.000000	179.186561	0.000000	7.1
715	-0.889098	179.054774	0.015748	9.4
716	-0.111564	178.923245	0.006096	10.4
717	-0.240859	178.791973	0.002810	7.5
718	-0.764901	178.660958	0.004331	9.4
719	-0.070294	178.530199	0.002296	9.0
720	-1.420335	178.399694	0.019766	9.8
721	-1.569350	178.269444	0.012465	9.8
722	-0.026115	178.139447	0.000906	8.7
723	-0.000000	178.009702	0.000000	15.3
724	-0.196231	177.880209	0.001899	9.5
725	-1.552817	177.750967	0.009165	11.0
726	-1.008796	177.621975	0.010481	7.9
727	-0.000000	177.493232	0.000000	9.8
728	-1.295136	177.364738	0.007209	10.4
729	-0.092038	177.236492	0.001987	8.4
730	-0.559624	177.108492	0.010164	9.9
731	-0.518716	176.980739	0.006468	8.6
732	-1.561672	176.853231	0.018220	9.1
733	-0.000000	176.725968	0.000000	9.0
734	-0.189336	176.598949	0.002336	8.3
735	-1.489247	176.472173	0.008061	10.0
736	-0.419662	176.345639	0.004953	9.0
737	-0.004222	176.219348	0.000371	9.2
738	-0.022125	176.093296	0.000588	8.0
739	-0.000000	175.967486	0.000000	8.7
740	-1.424208	175.841914	0.010196	10.0
741	-1.010798	175.716581	0.003809	9.4
742	-1.571491	175.591486	0.017959	9.3
743	-1.483988	175.466629	0.017727	9.2
744	-0.150802	175.342008	0.001790	8.8
745	-0.579361	175.217622	0.003513	10.3
746	-0.000000	175.093472	0.000000	8.2
747	-1.401891	174.969556	0.013074	8.3
748	-1.298887	174.845873	0.010739	8.7
749	-0.000000	174.722423	0.000000	8.6
750	-1.297662	174.599206	0.005336	8.5
751	-0.000000	174.476220	0.000000	8.0
752	-0.902571	174.353464	0.004690	9.5
753	-1.179929	174.230939	0.006217	12.8
754	-0.244027	174.108643	0.005585	8.7
755	-1.528684	173.986576	0.013305	8.4
756	-0.000000	173.864737	0.000000	8.9
757	-1.158791	173.743124	0.013339	13.1
758	-0.014692	173.621739	0.000570	8.8
759	-0.155622	173.500579	0.001729	7.6
760	-0.522632	173.379645	0.006452	9.7
761	-1.015175	173.258935	0.009164	8.3
762	-1.185716	173.138449	0.017135	8.9
763	-0.071671	173.018186	0.001889	8.3
764	-0.270134	172.898146	0.003342	8.2
765	-0.000000	172.778327	0.000000	9.8
766	-0.044510	172.658730	0.001653	8.8
767	-1.621597	172.539353	0.014999	10.0
768	-0.000000	172.420196	0.000000	8.3
769	-1.321591	172.301258	0.015626	8.9
770	-0.979480	172.182539	0.013633	9.0
771	-1.635625	172.064037	0.009357	7.7
772	-0.000000	171.945753	0.000000	9.0
773	-0.239636	171.827686	0.002679	7.9
774	-1.539076	171.709834	0.010696	8.9
775	-0.448282	171.592198	0.006561	8.4
776	-1.024518	171.474776	0.009259	8.2
777	-0.000001	171.357568	0.000001	8.8
778	-0.220403	171.240574	0.003073	8.5
779	-0.000000	171.123793	0.000000	10.6
780	-0.459282	171.007223	0.004600	8.0
781	-0.332038	170.890865	0.002813	8.4
782	-1.112234	170.774718	0.011058	8.9
783	-0.000001	170.658782	0.000001	9.5
784	-0.000052	170.543055	0.000023	8.8
785	-0.071881	170.427537	0.002515	9.9
786	-0.392245	170.312227	0.004571	8.7
787	-1.254752	170.197125	0.012672	8.8
788	-0.028320	170.082231	0.000397	12.3
789	-0.034489	169.967543	0.001946	8.1
790	-1.210079	169.853061	0.006007	8.6
791	-0.261205	169.738784	0.003248	10.4
792	-0.000000	169.624713	0.000000	19.0
793	-0.360412	169.510845	0.004489	7.5
794	-0.481733	169.397181	0.004489	8.6
795	-0.002998	169.283720	0.000706	8.0
796	-1.550008	169.170462	0.013503	11.5
797	-0.000000	169.057405	0.000000	8.3
798	-0.000001	168.944549	0.000000	9.9
799	-1.452702	168.831895	0.014509	9.4
800	-0.005184	168.719440	0.001181	8.9
801	-0.784688	168.607185	0.009086	8.2
802	-0.000000	168.495129	0.000000	8.2
803	-0.779589	168.383271	0.006699	7.8
804	-0.000000	168.271611	0.000000	9.1
805	-0.000000	168.160148	0.000000	7.8
806	-0.838560	168.048882	0.005269	8.6
807	-1.649599	167.937812	0.010979	7.9
808	-0.002729	167.826938	0.000489	9.5
809	-1.208163	167.716258	0.017034	9.1
810	-0.000000	167.605773	0.000000	8.9
811	-0.883010	167.495482	0.014171	9.5
812	-0.738360	167.385384	0.007720	8.2
813	-1.590607	167.275479	0.012821	11.5
814	-0.405674	167.165766	0.012978	9.3
815	-0.000000	167.056245	0.000000	9.0
816	-0.763179	166.946915	0.005462	8.7
817	-0.000141	166.837776	0.000048	11.7
818	-0.075361	166.728826	0.000818	13.2
819	-0.879038	166.620067	0.008987	11.4
820	-0.000000	166.511496	0.000000	12.5
821	-0.000889	166.403113	0.000042	8.1
822	-0.000000	166.294919	0.000000	8.6
823	-1.175159	166.186912	0.007734	9.3
824	-0.298527	166.079091	0.004117	9.7
825	-1.584676	165.971458	0.019027	13.0
826	-1.495087	165.864009	0.017015	8.6
827	-1.494067	165.756747	0.013289	8.6
828	-0.012675	165.649669	0.001217	11.9
829	-0.147794	165.542775	0.001922	10.3
830	-0.000000	165.436065	0.000000	7.6
831	-0.000000	165.329538	0.000000	10.8
832	-0.000000	165.223194	0.000000	8.4
833	-1.104987	165.117032	0.007591	8.7
834	-0.926952	165.011052	0.010738	13.6
835	-0.000000	164.905253	0.000000	8.7
836	-0.447177	164.799635	0.005193	8.1
837	-0.916566	164.694197	0.010034	19.5
838	-0.000000	164.588939	0.000000	9.7
839	-1.559902	164.483859	0.021085	9.1
840	-0.000000	164.378959	0.000000	9.1
841	-1.298381	164.274237	0.011586	8.8
842	-0.000000	164.169692	0.000000	10.5
843	-0.000000	164.065325	0.000000	8.7
844	-0.000000	163.961135	0.000000	8.7
845	-1.451886	163.857120	0.010399	8.6
846	-0.991074	163.753282	0.012078	9.3
847	-1.435582	163.649619	0.013289	8.4
848	-0.000000	163.546130	0.000000	9.0
849	-0.085931	163.442816	0.001947	9.2
850	-0.000000	163.339676	0.000000	9.5
851	-0.994830	163.236709	0.013746	9.5
852	-1.395687	163.133915	0.009737	9.9
853	-0.000000	163.031294	0.000000	9.4
854	-1.331819	162.928844	0.012317	9.6
855	-0.951850	162.826566	0.007237	8.2
856	-1.460118	162.724459	0.017011	11.3
857	-1.149954	162.622523	0.008746	8.8
858	-0.000000	162.520757	0.000000	10.8
859	-0.741869	162.419160	0.004669	10.4
860	-0.261039	162.317733	0.004020	14.7
861	-0.100102	162.216474	0.001776	7.7
862	-0.000000	162.115383	0.000000	9.6
863	-1.440146	162.014461	0.023469	9.5
864	-1.590923	161.913705	0.017077	10.3
865	-0.057480	161.813117	0.001205	9.5
866	-0.035244	161.712695	0.000755	9.6
867	-1.636368	161.612439	0.009440	14.9
868	-1.241853	161.512349	0.015456	9.0
869	-1.621977	161.412424	0.008748	8.2
870	-0.068629	161.312663	0.001560	8.6
871	-0.000402	161.213067	0.000153	13.2
872	-0.069332	161.113635	0.002293	14.6
873	-0.000000	161.014366	0.000000	7.0
874	-1.347460	160.915260	0.014778	9.1
875	-0.000000	160.816316	0.000000	7.9
876	-0.002581	160.717535	0.000288	8.8
877	-1.032151	160.618915	0.016159	11.1
878	-1.340618	160.520456	0.017619	9.5
879	-0.000000	160.422158	0.000000	8.3
880	-1.156673	160.324021	0.010038	9.7
881	-1.468467	160.226043	0.013087	7.6
882	-1.546470	160.128225	0.023596	10.2
883	-1.094002	160.030566	0.008887	7.7
884	-0.000000	159.933066	0.000000	9.0
885	-1.437733	159.835723	0.007763	10.2
886	-0.575658	159.738539	0.006654	8.3
887	-0.303584	159.641512	0.003868	10.6
888	-1.551874	159.544642	0.019987	9.1
889	-0.000000	159.447929	0.000000	8.6
890	-1.645831	159.351372	0.017326	11.6
891	-0.000000	159.254971	0.000000	8.8
892	-1.437062	159.158725	0.013348	8.7
893	-1.416860	159.062634	0.010761	9.0
894	-0.850501	158.966697	0.013176	8.6
895	-0.000000	158.870915	0.000000	8.1
896	-0.031940	158.775286	0.000578	9.6
897	-0.000000	158.679811	0.000000	10.4
898	-0.225133	158.584489	0.008751	9.7
899	-1.103970	158.489319	0.015369	9.3
900	-0.000000	158.394302	0.000000	9.2
901	-0.000000	158.299436	0.000000	8.2
902	-0.008050	158.204721	0.000823	9.5
903	-0.007795	158.110158	0.000150	8.4
904	-0.000000	158.015745	0.000000	9.7
905	-1.388076	157.921482	0.018382	9.6
906	-1.548932	157.827369	0.014416	7.4
907	-1.441619	157.733406	0.012855	9.1
908	-1.442084	157.639591	0.015234	8.3
909	-1.515833	157.545925	0.008481	10.9
910	-0.000000	157.452408	0.000000	9.2
911	-0.138457	157.359038	0.003335	8.3
912	-0.000000	157.265816	0.000000	9.1
913	-0.497741	157.172741	0.002687	8.8
914	-1.119744	157.079813	0.010662	12.1
915	-0.103101	156.987031	0.001536	9.8
916	-0.766798	156.894395	0.004260	9.0
917	-1.043875	156.801904	0.008227	9.2
918	-0.622781	156.709559	0.004457	9.7
919	-0.955584	156.617359	0.007130	8.7
920	-1.035318	156.525304	0.010315	10.0
921	-0.095721	156.433392	0.003528	9.7
922	-0.242731	156.341624	0.003652	9.3
923	-0.000000	156.250000	0.000000	9.7
924	-0.554066	156.158519	0.008014	9.2
925	-0.000000	156.067180	0.000000	8.8
926	-1.418736	155.975984	0.012179	10.2
927	-0.000000	155.884930	0.000000	9.5
928	-1.375781	155.794017	0.012786	9.4
929	-1.062008	155.703246	0.009846	10.5
930	-0.770542	155.612615	0.005936	8.3
931	-0.000000	155.522125	0.000000	11.9
932	-0.000098	155.431775	0.000051	8.5
933	-0.000000	155.341565	0.000000	9.3
934	-1.522051	155.251495	0.012273	9.7
935	-1.085362	155.161563	0.006338	7.4
936	-1.493975	155.071771	0.013183	12.0
937	-0.968752	154.982117	0.012741	9.1
938	-0.540354	154.892601	0.004014	8.5
939	-0.054282	154.803222	0.001275	8.5
940	-0.794629	154.713981	0.010103	9.7
941	-0.000000	154.624878	0.000000	8.4
942	-0.000000	154.535910	0.000000	7.8
943	-1.420844	154.447080	0.011515	8.4
944	-0.000000	154.358385	0.000000	8.6
945	-0.000000	154.269826	0.000000	8.5
946	-1.626673	154.181402	0.015627	10.3
947	-1.306392	154.093114	0.007496	8.9
948	-0.192009	154.004960	0.003609	9.1
949	-1.149353	153.916940	0.005275	8.0
950	-0.057175	153.829054	0.001293	9.0
951	-0.000000	153.741303	0.000000	10.0
952	-0.874184	153.653684	0.004485	9.4
953	-0.000000	153.566198	0.000000	9.6
954	-1.371246	153.478846	0.010734	7.8
955	-0.298463	153.391625	0.007367	8.4
956	-0.001007	153.304537	0.000319	11.6
957	-0.044648	153.217580	0.002985	8.7
958	-0.003528	153.130755	0.000461	8.6
959	-0.006239	153.044061	0.000295	9.7
960	-0.128778	152.957498	0.002254	7.7
961	-0.837416	152.871065	0.011025	9.4
962	-0.000000	152.784762	0.000000	8.3
963	-1.652369	152.698589	0.014625	8.6
964	-1.623363	152.612545	0.016867	9.3
965	-0.000000	152.526631	0.000000	10.0
966	-0.000000	152.440845	0.000000	9.6
967	-0.000000	152.355188	0.000000	8.3
968	-0.778196	152.269660	0.007981	10.2
969	-0.092532	152.184259	0.002014	9.2
970	-1.244303	152.098986	0.009000	8.7
971	-1.485107	152.013840	0.015052	9.8
972	-1.193096	151.928821	0.015837	8.5
973	-0.645665	151.843928	0.006626	8.8
974	-0.000000	151.759163	0.000000	11.4
975	-1.256245	151.674523	0.011117	7.5
976	-1.259648	151.590009	0.007386	8.4
977	-1.495382	151.505620	0.009938	9.4
978	-0.003232	151.421357	0.000536	8.0
979	-1.485975	151.337218	0.010959	8.1
980	-0.000000	151.253204	0.000000	8.6
981	-0.416735	151.169314	0.007885	11.3
982	-0.913299	151.085549	0.014952	9.0
983	-1.216898	151.001907	0.010971	8.9
984	-0.003447	150.918388	0.000358	7.8
985	-0.576923	150.834992	0.006268	9.6
986	-0.000000	150.751719	0.000000	10.4
987	-0.000000	150.668569	0.000000	8.3
988	-0.144831	150.585541	0.001734	8.8
989	-0.965076	150.502634	0.005282	10.7
990	-0.074628	150.419849	0.003051	7.2
991	-0.171464	150.337186	0.002533	11.5
992	-0.970919	150.254644	0.009799	9.2
993	-0.000000	150.172222	0.000000	9.1
994	-1.415556	150.089921	0.008301	9.5
995	-1.104199	150.007740	0.006606	8.4
996	-1.449343	149.925679	0.008321	8.5
997	-0.045335	149.843737	0.002428	8.7
998	-0.000000	149.761915	0.000000	9.5
999	-0.005605	149.680212	0.000904	9.6
1000	-0.073194	149.598627	0.001065	9.0
1001	-1.274681	149.517161	0.011123	9.1
1002	-1.227399	149.435814	0.012132	9.1
1003	-1.370352	149.354584	0.018542	8.5
1004	-1.243367	149.273472	0.024865	8.3
1005	-0.000000	149.192477	0.000000	8.4
1006	-1.038372	149.111599	0.010372	11.8
1007	-0.000000	149.030838	0.000000	8.4
1008	-1.199645	148.950194	0.007673	8.0
1009	-1.414946	148.869666	0.013513	9.6
1010	-0.000000	148.789253	0.000000	8.2
1011	-1.581194	148.708957	0.018216	12.3
1012	-1.626071	148.628776	0.013826	10.0
1013	-1.082828	148.548710	0.005576	10.4
1014	-0.000000	148.468759	0.000000	13.4
1015	-0.000000	148.388923	0.000000	8.6
1016	-1.390531	148.309201	0.007621	9.1
1017	-1.564422	148.229594	0.015525	9.0
1018	-0.000992	148.150100	0.000053	8.1
1019	-1.351458	148.070719	0.011308	8.0
1020	-0.117533	147.991452	0.004037	7.8
1021	-0.000000	147.912298	0.000000	10.0
1022	-0.019917	147.833257	0.001984	9.3
1023	-0.000000	147.754329	0.000000	9.0
1024	-0.000401	147.675512	0.000145	8.7
1025	-0.000000	147.596808	0.000000	9.5
1026	-0.391025	147.518216	0.003743	8.7
1027	-0.911452	147.439735	0.011883	8.4
1028	-0.856858	147.361365	0.021027	9.3
1029	-0.904520	147.283106	0.009976	8.1
1030	-1.628046	147.204958	0.006718	10.1
1031	-1.099292	147.126920	0.011582	10.0
1032	-0.808035	147.048993	0.004868	9.8
1033	-1.393231	146.971175	0.012197	9.1
1034	-0.000000	146.893468	0.000000	8.8
1035	-0.242285	146.815869	0.005376	10.7
1036	-1.598287	146.738380	0.013750	8.6
1037	-1.269990	146.661000	0.009974	8.6
1038	-0.055524	146.583729	0.001878	8.7
1039	-0.201929	146.506566	0.006028	7.3
1040	-0.000096	146.429511	0.000027	9.3
1041	-0.690796	146.352565	0.009158	9.5
1042	-0.793636	146.275726	0.009823	8.9
1043	-0.877039	146.198994	0.008133	9.3
1044	-0.000000	146.122370	0.000000	8.0
1045	-1.221378	146.045853	0.011840	10.7
1046	-1.493680	145.969442	0.010584	8.7
1047	-0.361767	145.893139	0.005624	9.3
1048	-0.000000	145.816941	0.000000	9.1
1049	-0.142496	145.740849	0.004691	8.4
1050	-0.295451	145.664863	0.004017	11.8
1051	-0.911566	145.588983	0.020854	9.4
1052	-1.531507	145.513208	0.009398	8.6
1053	-0.047948	145.437538	0.001385	9.6
1054	-0.000000	145.361973	0.000000	8.6
1055	-1.478485	145.286513	0.011011	9.3
1056	-0.906316	145.211157	0.003424	9.0
1057	-0.000000	145.135905	0.000000	9.2
1058	-0.245382	145.060757	0.002511	9.9
1059	-0.000000	144.985712	0.000000	9.4
1060	-0.000000	144.910771	0.000000	11.1
1061	-1.446331	144.835934	0.009372	8.7
1062	-1.544507	144.761199	0.011126	9.2
1063	-0.000000	144.686567	0.000000	9.1
1064	-0.000032	144.612037	0.000013	9.5
1065	-0.890190	144.537610	0.004717	8.4
1066	-0.000000	144.463285	0.000000	10.2
1067	-0.000000	144.389062	0.000000	8.3
1068	-0.000000	144.314940	0.000000	9.5
1069	-0.000000	144.240920	0.000000	8.9
1070	-0.777592	144.167001	0.008736	8.8
1071	-1.526585	144.093182	0.010714	10.8
1072	-0.000000	144.019465	0.000000	8.9
1073	-0.010367	143.945848	0.000360	10.1
1074	-0.880265	143.872331	0.011659	9.0
1075	-0.914125	143.798914	0.009693	8.0
1076	-0.270439	143.725597	0.004843	9.8
1077	-0.910668	143.652380	0.008009	8.7
1078	-0.503714	143.579262	0.007081	9.4
1079	-0.370489	143.506243	0.004890	8.3
1080	-0.000000	143.433323	0.000000	9.3
1081	-0.000000	143.360502	0.000000	10.7
1082	-0.496235	143.287780	0.012689	7.9
1083	-0.748411	143.215155	0.008549	18.4
1084	-1.112583	143.142629	0.013153	8.7
1085	-1.561633	143.070201	0.011064	10.0
1086	-0.343364	142.997870	0.005138	8.0
1087	-0.783022	142.925637	0.011979	10.1
1088	-0.000000	142.853501	0.000000	9.9
1089	-1.460859	142.781462	0.008764	9.7
1090	-0.130270	142.709519	0.002932	10.8
1091	-0.000000	142.637674	0.000000	9.3
1092	-0.941719	142.565924	0.004568	9.0
1093	-1.462501	142.494271	0.006239	10.6
1094	-0.000000	142.422714	0.000000	8.4
1095	-0.551825	142.351252	0.005590	9.3
1096	-1.456389	142.279886	0.007649	8.7
1097	-0.936488	142.208616	0.011814	8.5
1098	-0.173863	142.137440	0.003372	9.5
1099	-0.514493	142.066360	0.008242	8.2
1100	-0.000000	141.995374	0.000000	9.3
1101	-1.585097	141.924483	0.016605	9.2
1102	-1.415275	141.853685	0.009811	8.0
1103	-0.000000	141.782983	0.000000	7.9
1104	-0.043298	141.712373	0.000821	9.0
1105	-0.484735	141.641858	0.005182	9.7
1106	-0.821749	141.571436	0.011895	8.3
1107	-0.873680	141.501108	0.007429	9.4
1108	-1.654902	141.430872	0.017679	9.7
1109	-1.359452	141.360730	0.010487	11.0
1110	-1.638514	141.290680	0.011494	12.2
1111	-1.070613	141.220722	0.015548	15.3
1112	-0.000000	141.150857	0.000000	10.3
1113	-0.000000	141.081084	0.000000	8.8
1114	-0.000007	141.011403	0.000005	9.3
1115	-1.178137	140.941813	0.005574	9.1
1116	-0.000000	140.872315	0.000000	8.3
1117	-0.000585	140.802909	0.000212	9.6
1118	-0.976009	140.733593	0.008608	8.6
1119	-1.196013	140.664369	0.007017	8.7
1120	-0.193228	140.595235	0.003384	9.2
1121	-1.443080	140.526192	0.007031	7.6
1122	-1.180179	140.457239	0.011951	9.3
1123	-1.409584	140.388376	0.015596	9.9
1124	-1.483529	140.319603	0.007812	8.7
1125	-0.000000	140.250920	0.000000	9.5
1126	-0.026850	140.182326	0.000316	11.8
1127	-1.397207	140.113822	0.016727	10.6
1128	-1.567967	140.045407	0.009275	19.3
1129	-0.000000	139.977081	0.000000	8.9
1130	-0.054778	139.908844	0.001234	8.3
1131	-0.464730	139.840696	0.005093	9.7
1132	-0.033285	139.772635	0.001203	9.8
1133	-0.000000	139.704664	0.000000	8.1
1134	-1.662071	139.636780	0.027064	9.8
1135	-0.000000	139.568984	0.000000	10.0
1136	-0.048026	139.501276	0.001791	12.6
1137	-0.293294	139.433655	0.008087	8.2
1138	-1.561424	139.366122	0.019552	9.3
1139	-1.614145	139.298676	0.021523	8.1
1140	-1.586493	139.231317	0.015456	9.2
1141	-0.000000	139.164045	0.000000	7.7
1142	-0.000000	139.096859	0.000000	9.0
1143	-0.094438	139.029760	0.003246	8.8
1144	-0.000000	138.962747	0.000000	8.9
1145	-0.988229	138.895820	0.010276	9.5
1146	-0.000000	138.828978	0.000000	9.1
1147	-0.000000	138.762223	0.000000	9.9
1148	-0.000000	138.695553	0.000000	8.1
1149	-0.000000	138.628969	0.000000	8.6
1150	-0.868316	138.562469	0.010201	8.6
1151	-0.000000	138.496055	0.000000	9.9
1152	-0.516366	138.429725	0.005412	9.2
1153	-0.002756	138.363481	0.000090	7.8
1154	-0.163356	138.297320	0.002110	11.4
1155	-0.319976	138.231244	0.002866	9.4
1156	-0.001292	138.165252	0.000384	8.0
1157	-0.101781	138.099344	0.001040	8.8
1158	-1.477494	138.033520	0.025864	9.5
1159	-1.294439	137.967779	0.013874	15.7
1160	-1.107193	137.902122	0.007476	9.4
1161	-0.000000	137.836548	0.000000	7.6
1162	-0.043970	137.771057	0.001232	8.0
1163	-0.170594	137.705649	0.002525	8.2
1164	-0.855431	137.640324	0.007531	8.8
1165	-1.468469	137.575081	0.010168	9.0
1166	-0.080491	137.509921	0.001949	13.0
1167	-1.541068	137.444842	0.015970	8.8
1168	-0.000000	137.379846	0.000000	11.1
1169	-0.462039	137.314932	0.005027	8.7
1170	-0.000000	137.250100	0.000000	8.3
1171	-0.000000	137.185349	0.000000	9.3
1172	-0.000000	137.120680	0.000000	9.1
1173	-0.000000	137.056092	0.000000	9.4
1174	-1.369046	136.991585	0.007585	9.2
1175	-0.009125	136.927158	0.000866	8.9
1176	-0.337341	136.862813	0.005437	17.3
1177	-0.000000	136.798548	0.000000	9.0
1178	-0.000000	136.734363	0.000000	8.4
1179	-1.330596	136.670259	0.010510	9.6
1180	-0.000000	136.606235	0.000000	8.8
1181	-1.257303	136.542291	0.018011	8.4
1182	-0.728685	136.478426	0.008307	10.4
1183	-0.000000	136.414641	0.000000	8.4
1184	-0.100203	136.350936	0.005580	9.8
1185	-0.000000	136.287310	0.000000	9.1
1186	-1.632353	136.223763	0.008786	8.8
1187	-0.020985	136.160295	0.000652	10.9
1188	-0.572006	136.096905	0.008297	9.3
1189	-0.021545	136.033594	0.000797	8.8
1190	-1.565054	135.970362	0.011229	9.7
1191	-1.575314	135.907208	0.011199	9.3
1192	-0.995683	135.844133	0.006758	9.7
1193	-0.000000	135.781135	0.000000	10.0
1194	-0.390779	135.718215	0.007249	9.9
1195	-0.333272	135.655373	0.003660	9.1
1196	-0.000000	135.592608	0.000000	10.1
1197	-1.029054	135.529921	0.008568	7.7
1198	-0.000000	135.467311	0.000000	11.1
1199	-1.501671	135.404778	0.018326	9.5
1200	-0.748749	135.342322	0.006835	8.3
1201	-0.000000	135.279942	0.000000	8.4
1202	-1.290704	135.217640	0.007629	11.7
1203	-0.571446	135.155413	0.010624	8.7
1204	-0.038528	135.093263	0.000542	7.7
1205	-1.253979	135.031190	0.010387	10.6
1206	-1.114869	134.969192	0.017927	10.1
1207	-0.214241	134.907270	0.003799	7.6
1208	-1.568715	134.845424	0.024613	8.7
1209	-0.027710	134.783653	0.001915	8.9
1210	-0.675575	134.721958	0.008045	9.4
1211	-1.247083	134.660338	0.012898	10.0
1212	-0.103132	134.598793	0.002159	8.0
1213	-1.674205	134.537323	0.017893	8.1
1214	-0.847039	134.475927	0.014095	7.4
1215	-1.634672	134.414607	0.011684	9.0
1216	0.000000	134.353361	0.000000	8.4
1217	-0.968044	134.292189	0.009620	10.9
1218	-1.742771	134.231092	0.010004	9.1
1219	-0.050677	134.170068	0.001310	8.0
1220	-1.313855	134.109119	0.022723	8.3
1221	-1.219127	134.048243	0.009624	9.8
1222	-1.140767	133.987441	0.020202	8.4
1223	-0.701897	133.926713	0.007018	9.5
1224	-0.000000	133.866057	0.000000	10.6
1225	-0.019817	133.805475	0.001494	6.8
1226	-0.025256	133.744966	0.000582	8.2
1227	-0.323777	133.684530	0.005802	9.5
1228	-1.191927	133.624167	0.012800	9.4
1229	-0.651511	133.563877	0.004244	9.3
1230	-0.000000	133.503658	0.000000	8.6
1231	-0.565526	133.443513	0.007675	8.8
1232	-0.000000	133.383439	0.000000	10.2
1233	-1.416533	133.323437	0.008256	10.4
1234	-0.000044	133.263508	0.000020	9.2
1235	-1.606071	133.203650	0.014161	10.6
1236	-0.000000	133.143864	0.000000	12.1
1237	-0.000000	133.084149	0.000000	8.6
1238	-1.421244	133.024506	0.010891	9.6
1239	-1.029684	132.964934	0.004786	10.0
1240	-0.273222	132.905433	0.005168	9.6
1241	-0.300507	132.846003	0.003369	8.7
1242	-0.694825	132.786643	0.004247	9.5
1243	-0.000000	132.727355	0.000000	8.3
1244	-1.207752	132.668137	0.020851	9.5
1245	-1.582636	132.608989	0.025894	8.2
1246	-1.411190	132.549912	0.008189	8.5
1247	-1.564098	132.490904	0.010489	8.8
1248	-0.000000	132.431967	0.000000	8.7
1249	-0.753345	132.373100	0.004494	8.5
1250	-0.000000	132.314302	0.000000	7.1
1251	-1.429733	132.255574	0.007271	9.2
1252	-1.321068	132.196916	0.009249	7.8
1253	-0.668083	132.138326	0.006158	8.6
1254	-0.132989	132.079806	0.002693	9.5
1255	-0.508871	132.021355	0.005593	9.2
1256	-0.986087	131.962973	0.009102	16.7
1257	-0.000000	131.904660	0.000000	8.7
1258	-0.264227	131.846415	0.006383	9.5
1259	-0.000000	131.788239	0.000000	9.0
1260	-0.000000	131.730131	0.000000	10.5
1261	-0.000000	131.672092	0.000000	7.4
1262	-0.000000	131.614121	0.000000	9.4
1263	-1.593103	131.556217	0.012888	10.2
1264	-0.000000	131.498382	0.000000	8.5
1265	-0.114118	131.440614	0.002052	8.0
1266	-0.108857	131.382914	0.000926	8.4
1267	-1.623697	131.325282	0.010149	8.8
1268	-1.189663	131.267717	0.011791	8.4
1269	-1.212111	131.210219	0.020142	8.7
1270	-1.043396	131.152788	0.009800	9.5
1271	-1.405914	131.095424	0.015843	8.1
1272	-0.196627	131.038127	0.002891	9.6
1273	-1.645744	130.980897	0.018576	9.4
1274	-0.000000	130.923733	0.000000	8.4
1275	-1.291318	130.866636	0.009505	9.6
1276	-1.544781	130.809605	0.013589	8.7
1277	-0.193041	130.752641	0.002699	9.7
1278	-1.022953	130.695742	0.003684	8.6
1279	-1.137293	130.638910	0.018601	10.0
1280	-0.231258	130.582143	0.004995	10.2
1281	-0.099597	130.525442	0.001368	9.6
1282	-1.532220	130.468807	0.017061	8.1
1283	-1.098600	130.412237	0.017171	8.0
1284	-0.000000	130.355733	0.000000	8.9
1285	-0.271299	130.299294	0.003176	12.9
1286	-0.419551	130.242920	0.005340	7.2
1287	-1.135902	130.186611	0.006735	9.3
1288	-0.000000	130.130366	0.000000	10.6
1289	-1.317361	130.074187	0.014006	8.9
1290	-0.687558	130.018072	0.008179	8.8
1291	-0.000000	129.962022	0.000000	7.9
1292	-0.223558	129.906036	0.003540	9.2
1293	-0.000531	129.850114	0.000225	10.5
1294	-1.257450	129.794257	0.005808	9.5
1295	-0.000027	129.738463	0.000015	9.5
1296	-1.170172	129.682734	0.013703	8.3
1297	-0.000001	129.627068	0.000001	7.4
1298	-1.566516	129.571466	0.017988	9.1
1299	-1.073185	129.515927	0.011987	8.6
1300	-0.000000	129.460452	0.000000	9.8
1301	-0.500975	129.405040	0.005195	9.2
1302	-1.149611	129.349692	0.020638	10.0
1303	-0.645450	129.294406	0.006279	10.3
1304	-0.006612	129.239183	0.000679	10.3
1305	-0.000000	129.184024	0.000000	8.8
1306	-0.668976	129.128927	0.008074	10.9
1307	-0.072091	129.073892	0.001529	10.0
1308	-0.000000	129.018921	0.000000	8.5
1309	-0.027736	128.964011	0.000944	8.0
1310	-1.403221	128.909164	0.014474	8.6
1311	-0.227631	128.854379	0.004284	10.0
1312	-0.159221	128.799656	0.002242	9.1
1313	-1.430880	128.744995	0.015478	8.6
1314	-0.848294	128.690396	0.005611	8.0
1315	-0.000000	128.635858	0.000000	8.8
1316	-0.418940	128.581382	0.005233	10.2
1317	-1.001776	128.526968	0.008063	7.6
1318	-0.814943	128.472615	0.008472	8.7
1319	-1.438538	128.418323	0.012088	9.2
1320	-0.182423	128.364092	0.002608	11.4
1321	-1.343805	128.309922	0.012816	9.0
1322	-0.000000	128.255814	0.000000	9.3
1323	-1.504543	128.201766	0.010493	9.7
1324	-1.201458	128.147778	0.008170	10.2
1325	-0.000000	128.093852	0.000000	9.3
1326	-1.581745	128.039985	0.010740	8.5
1327	-0.127233	127.986180	0.001142	9.0
1328	-0.003436	127.932434	0.000949	7.4
1329	-0.182205	127.878749	0.002598	8.7
1330	-0.000024	127.825123	0.000013	6.9
1331	-0.978728	127.771558	0.015293	10.7
1332	-1.607713	127.718052	0.014754	8.8
1333	-0.000000	127.664606	0.000000	9.7
1334	-1.244458	127.611220	0.021679	9.3
1335	0.000000	127.557893	0.000000	7.6
1336	-0.000000	127.504625	0.000000	9.8
1337	-0.000000	127.451417	0.000000	8.7
1338	-0.000069	127.398268	0.000023	9.3
1339	-0.000000	127.345178	0.000000	8.8
1340	-0.057600	127.292147	0.001062	8.8
1341	-0.000000	127.239175	0.000000	10.3
1342	-1.529398	127.186261	0.012967	9.2
1343	-0.000000	127.133407	0.000000	11.0
1344	-1.049301	127.080610	0.009844	9.4
1345	-0.674485	127.027872	0.005722	8.4
1346	-0.132678	126.975193	0.002389	8.2
1347	-0.527268	126.922572	0.004501	8.6
1348	-0.000000	126.870008	0.000000	10.0
1349	-0.000000	126.817503	0.000000	9.5
1350	-0.000000	126.765056	0.000000	9.3
1351	-1.413047	126.712667	0.021096	8.5
1352	-0.610978	126.660335	0.003629	8.5
1353	-0.765430	126.608061	0.009161	17.1
1354	-1.614446	126.555844	0.014860	9.1
1355	-0.091489	126.503685	0.001293	9.6
1356	-0.000000	126.451583	0.000000	8.8
1357	-1.420718	126.399538	0.012780	9.0
1358	-1.504083	126.347550	0.009649	9.1
1359	-0.081569	126.295619	0.003634	10.5
1360	-1.411955	126.243745	0.007993	8.7
1361	-0.003737	126.191928	0.000510	8.4
1362	-0.231820	126.140168	0.004682	10.7
1363	-0.000000	126.088464	0.000000	8.9
1364	-0.321696	126.036817	0.006565	7.9
1365	-0.804223	125.985226	0.007757	8.5
1366	-1.321766	125.933691	0.007970	8.0
1367	-0.000000	125.882212	0.000000	9.2
1368	-0.840618	125.830790	0.014726	10.5
1369	-0.000000	125.779423	0.000000	8.1
1370	-0.000000	125.728113	0.000000	8.6
1371	-0.400499	125.676858	0.003213	9.7
1372	-0.054239	125.625659	0.002574	9.0
1373	-0.635342	125.574515	0.004639	8.2
1374	-1.366756	125.523427	0.016647	8.5
1375	-0.735813	125.472394	0.003612	10.4
1376	-0.000000	125.421417	0.000000	8.5
1377	-0.795270	125.370495	0.011865	9.8
1378	-1.367905	125.319628	0.010680	9.7
1379	-0.000000	125.268815	0.000000	8.0
1380	-1.046378	125.218058	0.010273	10.1
1381	-1.462742	125.167356	0.018299	9.0
1382	-1.272063	125.116708	0.012546	13.5
1383	-1.239122	125.066115	0.008167	9.6
1384	-1.218658	125.015576	0.006421	7.8
1385	-0.084602	124.965092	0.002082	9.4
1386	-1.204639	124.914662	0.010175	9.8
1387	-1.021876	124.864287	0.012698	9.1
1388	-0.001040	124.813965	0.000137	9.9
1389	-1.354131	124.763698	0.008774	9.0
1390	-0.141765	124.713485	0.004119	9.4
1391	-0.466087	124.663325	0.006919	11.6
1392	-1.443168	124.613219	0.017352	8.8
1393	-1.620553	124.563167	0.011677	8.1
1394	-0.196404	124.513168	0.001826	8.9
1395	-0.143541	124.463223	0.003613	8.2
1396	-1.004362	124.413332	0.005472	9.8
1397	-0.000000	124.363493	0.000000	9.3
1398	-0.516183	124.313708	0.006580	9.3
1399	-0.100409	124.263976	0.002332	8.6
1400	-0.853880	124.214297	0.012751	8.3
1401	-1.633534	124.164671	0.022996	14.3
1402	-0.005257	124.115097	0.000642	8.1
1403	-1.320212	124.065577	0.010340	7.9
1404	-0.000082	124.016109	0.000041	9.7
1405	-1.017644	123.966693	0.011148	9.8
1406	-0.000367	123.917330	0.000051	8.0
1407	-0.908519	123.868020	0.011396	9.6
1408	-0.593411	123.818762	0.008092	9.1
1409	-0.000000	123.769556	0.000000	9.8
1410	-1.462229	123.720402	0.009415	8.4
1411	-0.226851	123.671300	0.001681	8.4
1412	-0.447897	123.622250	0.003533	9.2
1413	-1.562182	123.573252	0.009162	8.3
1414	-0.000000	123.524305	0.000000	9.9
1415	-0.038483	123.475411	0.001270	8.4
1416	-0.000000	123.426568	0.000000	9.6
1417	-1.317530	123.377776	0.010310	8.5
1418	-0.656437	123.329036	0.005799	8.9
1419	-1.341474	123.280347	0.007724	10.5
1420	-0.000000	123.231709	0.000000	8.6
1421	-0.993952	123.183122	0.007144	17.9
1422	-1.573637	123.134587	0.013551	8.9
1423	-0.000000	123.086102	0.000000	9.6
1424	-1.402236	123.037669	0.020542	9.5
1425	-0.000000	122.989286	0.000000	8.4
1426	-0.438710	122.940954	0.004543	9.4
1427	-0.927274	122.892672	0.016728	9.0
1428	-1.546232	122.844441	0.016258	10.2
1429	-0.000000	122.796261	0.000000	8.1
1430	-0.000041	122.748130	0.000020	9.1
1431	-1.155574	122.700050	0.007499	9.4
1432	-0.000000	122.652021	0.000000	9.6
1433	-0.850619	122.604041	0.009403	9.8
1434	-0.000000	122.556111	0.000000	9.5
1435	-0.984491	122.508232	0.005370	10.3
1436	-1.513538	122.460402	0.011078	8.9
1437	-0.200639	122.412622	0.003632	8.4
1438	-1.321532	122.364891	0.005846	9.9
1439	-0.000029	122.317210	0.000013	8.4
1440	-1.501953	122.269579	0.013150	10.0
1441	-0.324401	122.221997	0.004765	9.7
1442	-0.000000	122.174465	0.000000	7.5
1443	-1.560209	122.126981	0.012611	9.2
1444	-1.340994	122.079547	0.005542	8.9
1445	-0.474210	122.032162	0.005554	9.4
1446	-0.000000	121.984826	0.000000	8.6
1447	-0.000000	121.937539	0.000000	15.3
1448	-0.000000	121.890301	0.000000	8.7
1449	-0.000031	121.843112	0.000017	8.6
1450	-0.000000	121.795971	0.000000	8.1
1451	-1.554661	121.748879	0.014964	14.2
1452	-0.000000	121.701835	0.000000	9.4
1453	-0.889897	121.654840	0.005253	9.2
1454	-0.001011	121.607893	0.000267	7.7
1455	-0.321453	121.560994	0.002818	9.6
1456	-0.419755	121.514144	0.004499	10.3
1457	-0.347665	121.467342	0.004814	9.0
1458	-0.000000	121.420588	0.000000	8.4
1459	-1.590475	121.373882	0.005967	9.5
1460	-0.000000	121.327223	0.000000	8.7
1461	-1.556433	121.280613	0.010127	7.0
1462	-0.649411	121.234050	0.009546	11.2
1463	-0.000000	121.187535	0.000000	9.2
1464	-1.530473	121.141067	0.008665	8.0
1465	-0.456160	121.094647	0.005834	8.8
1466	-0.000121	121.048274	0.000047	9.3
1467	-1.581993	121.001949	0.006895	9.5
1468	-1.409469	120.955671	0.014313	8.6
1469	-1.522949	120.909440	0.011372	8.8
1470	-0.408014	120.863256	0.005257	9.6
1471	-1.439675	120.817119	0.007921	8.6
1472	-0.000000	120.771029	0.000000	8.1
1473	-1.547133	120.724986	0.011322	8.8
1474	-1.430342	120.678990	0.012398	7.4
1475	-1.184068	120.633040	0.013623	9.6
1476	-1.601350	120.587137	0.011618	8.9
1477	-1.443963	120.541281	0.005737	9.6
1478	-0.521808	120.495471	0.005001	9.7
1479	-0.134022	120.449707	0.001496	9.1
1480	-1.006347	120.403990	0.014754	8.8
1481	-0.000001	120.358319	0.000001	9.3
1482	-0.000235	120.312694	0.000078	8.6
1483	-0.362629	120.267115	0.005763	8.8
1484	-1.327714	120.221582	0.009060	12.0
1485	-0.438132	120.176096	0.006735	8.1
1486	-0.000674	120.130655	0.000213	8.6
1487	-1.388403	120.085260	0.010265	8.9
1488	-1.301058	120.039910	0.014612	9.2
1489	-0.046812	119.994606	0.001726	9.2
1490	-1.455105	119.949348	0.005527	8.8
1491	-0.000000	119.904135	0.000000	7.6
1492	-1.509304	119.858968	0.013395	8.0
1493	-0.000177	119.813846	0.000064	9.5
1494	-1.429729	119.768769	0.011591	8.1
1495	-1.504138	119.723738	0.007635	8.8
1496	-0.000000	119.678752	0.000000	8.1
1497	-0.000000	119.633810	0.000000	8.8
1498	-0.000000	119.588914	0.000000	12.1
1499	-0.000000	119.544062	0.000000	9.4
1500	-0.000000	119.499256	0.000000	9.7
1501	-1.521954	119.454494	0.016695	9.3
1502	-0.615481	119.409777	0.010632	8.6
1503	-0.438608	119.365104	0.004455	10.8
1504	-1.534387	119.320476	0.011505	9.7
1505	-0.000000	119.275893	0.000000	8.6
1506	-0.000000	119.231353	0.000000	9.0
1507	-0.000002	119.186859	0.000001	8.1
1508	-0.000000	119.142408	0.000000	8.2
1509	-0.956932	119.098002	0.005049	8.0
1510	-0.000065	119.053639	0.000026	10.9
1511	-0.000000	119.009321	0.000000	10.0
1512	-0.000000	118.965047	0.000000	7.1
1513	-0.554875	118.920816	0.005215	8.3
1514	-0.035161	118.876630	0.001013	9.5
1515	-0.000000	118.832487	0.000000	9.5
1516	-0.005444	118.788388	0.000159	9.7
1517	-0.574671	118.744332	0.005507	9.3
1518	-1.592110	118.700320	0.007250	9.3
1519	-0.000006	118.656352	0.000004	20.4
1520	-0.148176	118.612427	0.001971	10.1
1521	-1.546767	118.568545	0.009387	10.1
1522	-1.470618	118.524706	0.010537	8.8
1523	-0.000000	118.480911	0.000000	8.0
1524	-0.000000	118.437159	0.000000	8.2
1525	-0.000000	118.393450	0.000000	8.6
1526	-1.419591	118.349784	0.009748	8.3
1527	-1.365803	118.306160	0.015736	9.0
1528	-1.593857	118.262580	0.015356	9.1
1529	-0.000588	118.219042	0.000203	7.5
1530	-0.064114	118.175548	0.004253	10.5
1531	-1.447392	118.132095	0.007915	9.4
1532	-0.000000	118.088686	0.000000	9.2
1533	-0.013952	118.045319	0.000379	9.3
1534	-1.020961	118.001994	0.011745	8.5
1535	-1.532972	117.958712	0.008775	9.8
1536	-0.737129	117.915472	0.007533	9.5
1537	-1.018884	117.872274	0.006852	9.2
1538	-0.016686	117.829118	0.000838	11.0
1539	-0.000000	117.786005	0.000000	7.4
1540	-1.045950	117.742933	0.009720	10.0
1541	-0.000000	117.699904	0.000000	7.9
1542	-0.000000	117.656916	0.000000	8.7
1543	-1.052423	117.613971	0.009703	7.9
1544	-1.426351	117.571067	0.021431	8.3
1545	-1.556496	117.528205	0.010100	10.8
1546	-0.000000	117.485384	0.000000	8.9
1547	-1.462512	117.442605	0.010872	8.5
1548	-0.009624	117.399867	0.000443	8.3
1549	-0.000000	117.357171	0.000000	8.6
1550	-0.028472	117.314517	0.003553	10.6
1551	-0.000021	117.271903	0.000010	8.7
1552	-0.467637	117.229331	0.006294	8.6
1553	-0.000000	117.186800	0.000000	8.9
1554	-0.000000	117.144311	0.000000	7.7
1555	-1.496554	117.101862	0.012268	9.8
1556	-0.798920	117.059454	0.005742	8.8
1557	-1.040484	117.017087	0.013697	8.8
1558	-0.381017	116.974762	0.004854	9.2
1559	-0.030823	116.932476	0.001894	8.2
1560	-0.218070	116.890232	0.010118	10.4
1561	-0.867083	116.848028	0.004817	9.6
1562	-0.000000	116.805865	0.000000	9.2
1563	-1.324167	116.763743	0.011430	9.4
1564	-1.177037	116.721661	0.009354	8.4
1565	-1.323830	116.679619	0.016729	9.2
1566	-0.021362	116.637618	0.000508	9.5
1567	-0.193492	116.595657	0.005116	7.7
1568	-1.402850	116.553736	0.010349	9.5
1569	-0.864507	116.511855	0.009660	8.0
1570	-1.529705	116.470015	0.007775	9.1
1571	-0.012295	116.428214	0.000561	8.2
1572	-1.200160	116.386454	0.011539	8.8
1573	-0.000000	116.344733	0.000000	10.2
1574	-0.020239	116.303052	0.001144	9.0
1575	-0.267196	116.261412	0.002475	8.5
1576	-0.143830	116.219810	0.001958	7.5
1577	-0.000000	116.178249	0.000000	10.3
1578	-0.781601	116.136727	0.006764	7.8
1579	-0.057949	116.095245	0.002094	9.8
1580	-0.121415	116.053802	0.004913	7.9
1581	-0.000000	116.012398	0.000000	8.6
1582	-0.035486	115.971034	0.002220	9.2
1583	-1.531234	115.929710	0.013250	8.6
1584	-1.188301	115.888424	0.012604	9.6
1585	-1.440008	115.847178	0.010000	9.1
1586	-0.016517	115.805970	0.001629	8.9
1587	-0.000073	115.764802	0.000032	10.8
1588	-0.027023	115.723673	0.000447	8.4
1589	-1.293026	115.682583	0.019803	9.1
1590	-0.000000	115.641532	0.000000	8.5
1591	-0.113085	115.600519	0.002774	8.1
1592	-0.040094	115.559546	0.001497	8.5
1593	-0.189795	115.518610	0.002940	8.1
1594	-1.330297	115.477714	0.011345	8.7
1595	-0.217427	115.436856	0.003948	8.6
1596	-0.000000	115.396037	0.000000	8.8
1597	-0.854859	115.355256	0.006796	8.5
1598	-0.000001	115.314514	0.000000	6.6
1599	-0.011396	115.273810	0.000660	8.5
1600	-0.830107	115.233144	0.004808	9.0
1601	-1.612738	115.192517	0.015706	10.5
1602	-0.269368	115.151927	0.002859	9.1
1603	-0.000000	115.111376	0.000000	8.9
1604	-0.450668	115.070863	0.002930	8.8
1605	-0.421888	115.030388	0.005659	8.5
1606	-0.000000	114.989951	0.000000	8.9
1607	-0.000000	114.949551	0.000000	8.2
1608	-0.001435	114.909190	0.000091	8.8
1609	-0.000125	114.868866	0.000030	8.8
1610	-0.117241	114.828580	0.002085	8.6
1611	-0.001883	114.788332	0.000301	15.0
1612	-0.000000	114.748121	0.000000	8.4
1613	-0.002870	114.707948	0.000390	8.6
1614	-0.000000	114.667812	0.000000	10.0
1615	-1.213420	114.627714	0.012198	8.2
1616	-1.539114	114.587653	0.013403	8.8
1617	-0.041378	114.547629	0.001065	9.2
1618	-1.159874	114.507643	0.008458	7.8
1619	-1.200794	114.467693	0.009717	7.4
1620	-1.594467	114.427781	0.017081	7.9
1621	-1.595979	114.387907	0.010949	9.0
1622	-0.038522	114.348069	0.004186	8.5
1623	-1.424616	114.308268	0.008030	9.0
1624	-0.521363	114.268504	0.005332	9.1
1625	-1.595066	114.228777	0.016090	8.6
1626	-0.000000	114.189086	0.000000	10.6
1627	-0.262252	114.149433	0.002394	9.6
1628	-0.000000	114.109816	0.000000	10.0
1629	-0.256154	114.070235	0.003725	9.0
1630	-0.368621	114.030692	0.003076	7.5
1631	-1.159225	113.991185	0.004886	10.4
1632	-1.636911	113.951714	0.009122	10.1
1633	-0.654983	113.912280	0.004788	8.5
1634	-0.000000	113.872882	0.000000	9.9
1635	-1.588262	113.833521	0.018754	8.5
1636	-1.447468	113.794195	0.013253	10.6
1637	-0.147513	113.754906	0.003567	8.3
1638	-0.151509	113.715653	0.001354	9.2
1639	-1.404643	113.676437	0.010400	12.1
1640	-0.000000	113.637256	0.000000	9.1
1641	-0.125184	113.598111	0.002896	9.4
1642	-0.000000	113.559002	0.000000	9.9
1643	-0.756763	113.519929	0.004792	10.2
1644	-0.000000	113.480892	0.000000	9.1
1645	-0.000000	113.441891	0.000000	9.3
1646	-1.511617	113.402925	0.014081	9.0
1647	-1.474071	113.363995	0.013341	9.8
1648	-1.285766	113.325101	0.007374	9.5
1649	-1.408221	113.286242	0.011768	11.0
1650	-0.000000	113.247419	0.000000	11.1
1651	-0.299672	113.208631	0.003767	7.9
1652	-0.946602	113.169879	0.009946	9.2
1653	-0.046921	113.131162	0.001136	9.2
1654	-0.807964	113.092480	0.007033	8.0
1655	-0.000000	113.053833	0.000000	10.2
1656	-1.316439	113.015222	0.006508	8.4
1657	-0.388934	112.976646	0.004685	9.5
1658	-0.725274	112.938105	0.010315	8.5
1659	-0.852431	112.899599	0.011448	8.4
1660	-0.900438	112.861128	0.005015	9.7
1661	-0.000000	112.822692	0.000000	8.5
1662	-1.003013	112.784291	0.012907	9.2
1663	-0.000000	112.745924	0.000000	9.5
1664	-1.119260	112.707593	0.010717	8.6
1665	-0.000000	112.669296	0.000000	9.4
1666	-1.060214	112.631034	0.014032	8.5
1667	-0.002668	112.592806	0.000291	8.9
1668	-0.000000	112.554613	0.000000	10.0
1669	-1.615330	112.516455	0.008966	9.3
1670	-1.214883	112.478331	0.015231	9.0
1671	-0.076266	112.440241	0.001013	8.8
1672	-1.591171	112.402186	0.006941	8.7
1673	-0.000000	112.364165	0.000000	11.6
1674	-0.000007	112.326179	0.000005	8.8
1675	-0.000099	112.288227	0.000037	8.4
1676	-1.157873	112.250309	0.013698	8.2
1677	-1.033204	112.212425	0.007207	10.8
1678	-0.394492	112.174575	0.004702	8.8
1679	-0.042652	112.136759	0.001554	9.0
1680	-0.000000	112.098977	0.000000	9.2
1681	-0.071820	112.061229	0.002595	8.4
1682	-1.336803	112.023515	0.019976	8.8
1683	-0.000000	111.985834	0.000000	8.3
1684	-1.220400	111.948188	0.011438	12.9
1685	-1.434786	111.910575	0.011121	8.6
1686	-0.000000	111.872996	0.000000	8.3
1687	-0.000000	111.835450	0.000000	8.3
1688	-0.799904	111.797939	0.004833	8.4
1689	-0.000000	111.760460	0.000000	8.3
1690	-0.903686	111.723015	0.006237	12.3
1691	-0.045010	111.685604	0.000761	8.4
1692	-0.000000	111.648226	0.000000	8.0
1693	-0.158932	111.610881	0.002783	8.6
1694	-0.000000	111.573570	0.000000	7.9
1695	-0.280856	111.536292	0.003470	8.8
1696	-0.000000	111.499047	0.000000	8.2
1697	-0.017439	111.461835	0.000888	10.8
1698	-0.034672	111.424656	0.000523	10.0
1699	-0.000000	111.387510	0.000000	11.9
1700	-0.000000	111.350398	0.000000	9.1
1701	-0.664727	111.313318	0.008286	14.8
1702	-0.000000	111.276271	0.000000	9.6
1703	-0.012099	111.239257	0.000865	9.1
1704	-1.467874	111.202276	0.011451	8.7
1705	-0.677872	111.165328	0.006396	8.7
1706	-1.424303	111.128412	0.009323	9.2
1707	-1.580460	111.091529	0.022656	10.0
1708	-0.066492	111.054679	0.001278	9.2
1709	-0.039858	111.017861	0.001253	10.2
1710	-0.012928	110.981076	0.000511	14.8
1711	-0.655808	110.944323	0.007594	8.8
1712	-0.056369	110.907603	0.001216	12.3
1713	-0.258803	110.870915	0.003598	10.7
1714	-0.488911	110.834259	0.005442	9.7
1715	-0.989399	110.797636	0.004118	11.4
1716	-0.000000	110.761045	0.000000	10.8
1717	-0.000000	110.724486	0.000000	12.2
1718	-0.008860	110.687959	0.000474	9.8
1719	-1.529141	110.651465	0.012544	9.8
1720	-0.677804	110.615002	0.009471	10.9
1721	-0.157599	110.578572	0.002664	9.3
1722	-0.049917	110.542173	0.000842	10.0
1723	-1.351781	110.505807	0.009169	7.8
1724	-0.072938	110.469472	0.002199	11.3
1725	-1.184339	110.433169	0.017598	9.9
1726	-0.331756	110.396898	0.006268	10.0
1727	-0.000000	110.360659	0.000000	8.5
1728	-0.049953	110.324451	0.001463	10.8
1729	-0.253613	110.288276	0.004238	8.7
1730	-0.840447	110.252131	0.009670	12.6
1731	-0.775976	110.216019	0.006776	9.4
1732	-1.447414	110.179937	0.008364	7.9
1733	-1.502237	110.143888	0.019837	8.9
1734	-1.317657	110.107869	0.008972	9.7
1735	-0.388773	110.071882	0.004383	8.2
1736	-1.592788	110.035927	0.006516	11.1
1737	-0.000239	110.000003	0.000062	9.9
1738	-0.000000	109.964110	0.000000	9.5
1739	-0.955060	109.928248	0.007029	10.7
1740	-1.022531	109.892417	0.012329	7.8
1741	-1.423818	109.856618	0.011122	8.0
1742	-0.000000	109.820850	0.000000	9.6
1743	-0.000000	109.785112	0.000000	8.7
1744	-0.074610	109.749406	0.001741	17.3
1745	-1.638755	109.713730	0.017892	8.8
1746	-0.072193	109.678086	0.002557	8.4
1747	-1.350709	109.642472	0.008391	8.2
1748	-0.000000	109.606890	0.000000	8.8
1749	-0.000059	109.571337	0.000019	7.4
1750	-1.033160	109.535816	0.018768	9.0
1751	-0.000000	109.500326	0.000000	9.4
1752	-0.000000	109.464866	0.000000	7.9
1753	-0.100087	109.429436	0.001707	9.3
1754	-0.530657	109.394038	0.004629	13.8
1755	-1.690601	109.358669	0.021226	13.0
1756	-0.000000	109.323331	0.000000	8.4
1757	-1.521404	109.288024	0.007349	10.2
1758	-1.212633	109.252747	0.023025	8.0
1759	-1.504763	109.217501	0.012577	10.3
1760	-0.000000	109.182284	0.000000	8.4
1761	-0.940168	109.147098	0.009219	9.1
1762	-1.482544	109.111942	0.018440	7.8
1763	-1.440720	109.076817	0.009348	9.3
1764	-1.188262	109.041721	0.009425	9.7
1765	-0.000000	109.006656	0.000000	8.9
1766	-0.495079	108.971620	0.005721	7.9
1767	-1.468101	108.936615	0.009322	11.4
1768	-0.905571	108.901640	0.011127	8.1
1769	-0.000000	108.866694	0.000000	9.7
1770	-1.568668	108.831779	0.021192	8.5
1771	-0.322426	108.796893	0.002838	8.2
1772	-0.000000	108.762037	0.000000	8.6
1773	-1.047303	108.727211	0.013522	8.4
1774	-0.000000	108.692415	0.000000	10.9
1775	-0.000000	108.657648	0.000000	9.3
1776	-0.719499	108.622911	0.005311	8.7
1777	-0.000000	108.588203	0.000000	8.3
1778	-0.000000	108.553525	0.000000	7.4
1779	-0.074310	108.518877	0.001622	8.6
1780	-0.688006	108.484258	0.009916	9.2
1781	-0.000504	108.449668	0.000145	9.5
1782	-1.453077	108.415108	0.018093	10.7
1783	-0.425428	108.380578	0.003650	9.7
1784	-1.457612	108.346076	0.011153	10.4
1785	-1.523965	108.311604	0.010034	9.7
1786	-0.000007	108.277161	0.000004	9.4
1787	-1.355664	108.242747	0.014329	8.7
1788	-0.520983	108.208363	0.004458	13.3
1789	-1.479263	108.174007	0.022991	8.9
1790	-0.684100	108.139681	0.006183	18.8
1791	-0.662937	108.105383	0.008094	8.6
1792	-1.142441	108.071115	0.010135	8.8
1793	-0.000011	108.036875	0.000007	8.4
1794	-0.012869	108.002665	0.000462	10.4
1795	-0.104477	107.968483	0.001321	8.8
1796	-1.489492	107.934330	0.012772	8.2
1797	-1.604234	107.900206	0.009701	14.6
1798	-0.030781	107.866111	0.000741	7.8
1799	-0.302049	107.832044	0.004516	8.7
1800	-0.000000	107.798007	0.000000	8.5
1801	-0.761819	107.763997	0.005967	8.8
1802	-0.000000	107.730017	0.000000	9.6
1803	-0.488297	107.696065	0.003929	8.3
1804	-1.382131	107.662141	0.008465	8.6
1805	-1.661111	107.628246	0.009577	10.9
1806	-0.132588	107.594379	0.002008	7.9
1807	-1.298894	107.560541	0.014741	9.2
1808	-0.000000	107.526731	0.000000	11.4
1809	-0.000000	107.492949	0.000000	8.3
1810	-0.000000	107.459196	0.000000	9.3
1811	-0.000000	107.425471	0.000000	10.5
1812	-0.000000	107.391774	0.000000	8.9
1813	-0.000000	107.358106	0.000000	9.9
1814	-0.231597	107.324465	0.004020	9.5
1815	-0.000000	107.290853	0.000000	8.8
1816	-0.935001	107.257268	0.005421	8.2
1817	-0.958265	107.223712	0.006525	7.8
1818	-1.461574	107.190184	0.009160	9.0
1819	-1.504248	107.156683	0.008705	9.1
1820	-0.401242	107.123211	0.004574	9.4
1821	-0.000052	107.089766	0.000023	9.9
1822	-0.229402	107.056349	0.004229	9.0
1823	-0.995131	107.022960	0.008482	8.6
1824	-1.591146	106.989599	0.011269	8.8
1825	-0.143761	106.956265	0.003332	9.1
1826	-1.024635	106.922960	0.020272	9.3
1827	-1.275632	106.889681	0.009035	8.3
1828	-0.977650	106.856431	0.004391	8.8
1829	-0.219314	106.823208	0.002010	9.3
1830	-0.000000	106.790012	0.000000	9.8
1831	-1.487056	106.756844	0.017673	10.1
1832	-0.000000	106.723703	0.000000	8.5
1833	-0.090612	106.690590	0.002214	8.7
1834	-0.255769	106.657505	0.003628	9.0
1835	-0.000000	106.624446	0.000000	9.8
1836	-0.134434	106.591415	0.003402	10.1
1837	-1.097898	106.558411	0.010611	9.2
1838	-1.678633	106.525435	0.012054	9.5
1839	-0.768985	106.492485	0.005647	11.3
1840	-1.549869	106.459563	0.009413	8.2
1841	-0.000872	106.426668	0.000092	8.4
1842	-0.000102	106.393800	0.000038	9.5
1843	-0.315192	106.360959	0.005895	9.4
1844	-0.904975	106.328145	0.011513	10.2
1845	-0.000000	106.295358	0.000000	7.6
1846	-1.645654	106.262598	0.008696	7.5
1847	-0.574169	106.229865	0.002715	9.1
1848	-0.896486	106.197158	0.011382	8.9
1849	-0.000000	106.164479	0.000000	9.5
1850	-1.553607	106.131826	0.019405	9.9
1851	-1.132779	106.099201	0.007794	9.9
1852	-0.285007	106.066602	0.006038	8.7
1853	-0.150170	106.034029	0.003788	10.2
1854	-1.201374	106.001483	0.009121	9.5
1855	-0.000000	105.968964	0.000000	8.3
1856	-1.139085	105.936472	0.008565	8.8
1857	-0.233167	105.904006	0.003018	8.2
1858	-1.557781	105.871566	0.010907	7.2
1859	-0.000000	105.839153	0.000000	9.7
1860	-0.032705	105.806767	0.001460	7.5
1861	-0.179495	105.774407	0.004215	11.0
1862	-1.543099	105.742073	0.015965	8.1
1863	-1.141960	105.709766	0.008935	9.4
1864	-0.363753	105.677485	0.006130	11.6
1865	-0.000000	105.645230	0.000000	8.9
1866	-0.022718	105.613001	0.000967	8.5
1867	-0.000000	105.580799	0.000000	8.4
1868	-0.000781	105.548623	0.000216	8.1
1869	-1.630589	105.516473	0.014908	8.7
1870	-0.920171	105.484349	0.012102	8.6
1871	-0.043048	105.452251	0.001654	11.4
1872	-1.249596	105.420179	0.010398	9.7
1873	-0.000008	105.388133	0.000003	8.6
1874	-0.000000	105.356113	0.000000	9.6
1875	-0.720058	105.324119	0.007471	8.7
1876	-0.000000	105.292151	0.000000	11.0
1877	-0.107054	105.260209	0.002709	9.4
1878	-0.000000	105.228293	0.000000	7.8
1879	-1.305270	105.196402	0.010565	9.8
1880	-0.005139	105.164537	0.000793	8.6
1881	-1.481676	105.132698	0.009882	9.4
1882	-0.051835	105.100885	0.000695	9.0
1883	-0.692531	105.069097	0.005732	9.7
1884	-0.000000	105.037335	0.000000	8.5
1885	-1.414995	105.005598	0.012124	10.7
1886	-0.000016	104.973887	0.000008	8.1
1887	-1.655298	104.942202	0.017032	8.7
1888	-0.176177	104.910542	0.001382	19.1
1889	-0.000000	104.878907	0.000000	8.5
1890	-0.000000	104.847298	0.000000	8.7
1891	-1.496806	104.815715	0.018583	9.3
1892	-0.000000	104.784156	0.000000	11.0
1893	-0.000000	104.752623	0.000000	8.0
1894	-0.000000	104.721116	0.000000	8.7
1895	-1.626891	104.689633	0.013073	8.7
1896	-0.004677	104.658176	0.000298	8.1
1897	-0.867730	104.626744	0.004795	8.7
1898	-0.000000	104.595337	0.000000	9.0
1899	-0.000000	104.563955	0.000000	10.4
1900	-0.172738	104.532599	0.002768	8.0
1901	-0.000000	104.501267	0.000000	9.2
1902	-0.926857	104.469960	0.006341	8.0
1903	-0.205749	104.438679	0.004224	8.9
1904	-0.856300	104.407422	0.005223	8.5
1905	-1.217330	104.376191	0.018275	8.6
1906	-0.000000	104.344984	0.000000	15.2
1907	-0.033265	104.313802	0.002874	11.7
1908	-1.628765	104.282645	0.008234	10.1
1909	-1.548541	104.251513	0.007089	7.8
1910	-0.000000	104.220405	0.000000	9.7
1911	-1.043710	104.189323	0.013594	9.2
1912	-0.000000	104.158265	0.000000	9.1
1913	-0.591662	104.127231	0.007685	9.5
1914	-0.000000	104.096222	0.000000	8.5
1915	-1.456513	104.065238	0.008291	14.5
1916	-1.156564	104.034279	0.011911	9.6
1917	-0.164106	104.003344	0.004393	9.0
1918	-0.643441	103.972433	0.006086	7.4
1919	-0.000000	103.941547	0.000000	9.5
1920	-0.972261	103.910686	0.011782	9.3
1921	-1.039602	103.879849	0.010590	10.3
1922	-1.221652	103.849036	0.016508	8.0
1923	-0.000000	103.818248	0.000000	8.7
1924	-0.126804	103.787484	0.001473	9.0
1925	-0.000000	103.756744	0.000000	9.3
1926	-0.105126	103.726029	0.001485	27.2
1927	-0.928653	103.695338	0.005510	9.2
1928	-1.377510	103.664671	0.017813	8.6
1929	-0.246460	103.634028	0.005061	8.6
1930	-0.000000	103.603409	0.000000	9.1
1931	-0.030326	103.572814	0.003192	10.3
1932	-1.365953	103.542244	0.013594	8.9
1933	-0.066097	103.511698	0.001458	8.6
1934	-1.156156	103.481175	0.007819	8.7
1935	-0.000000	103.450677	0.000000	7.8
1936	-0.020549	103.420202	0.000451	8.7
1937	-1.302138	103.389752	0.015188	9.2
1938	-0.039864	103.359325	0.001786	9.9
1939	-0.000000	103.328922	0.000000	8.2
1940	-1.020839	103.298543	0.012743	8.5
1941	-1.046540	103.268188	0.010145	8.8
1942	-1.267338	103.237857	0.007288	9.7
1943	-0.000001	103.207549	0.000000	8.8
1944	-0.000000	103.177265	0.000000	10.5
1945	-0.000000	103.147005	0.000000	8.0
1946	-0.102720	103.116768	0.002466	10.2
1947	-0.978987	103.086556	0.010141	8.5
1948	-0.197882	103.056366	0.004033	8.6
1949	-1.623990	103.026200	0.009530	8.9
1950	-0.000000	102.996058	0.000000	9.0
1951	-0.644234	102.965939	0.006003	8.6
1952	-1.631168	102.935844	0.015468	9.4
1953	-0.000000	102.905772	0.000000	8.9
1954	-1.036435	102.875724	0.010422	10.6
1955	-0.598316	102.845699	0.005245	9.0
1956	-0.000000	102.815697	0.000000	10.0
1957	-1.312363	102.785719	0.010153	9.3
1958	-0.457760	102.755764	0.003138	11.4
1959	-1.476043	102.725832	0.009704	12.6
1960	-1.532695	102.695924	0.007336	8.6
1961	-1.189700	102.666038	0.009190	11.0
1962	-0.134266	102.636176	0.003383	9.1
1963	-1.308633	102.606337	0.014543	9.0
1964	-0.638329	102.576521	0.007026	9.6
1965	-0.824611	102.546728	0.011303	9.1
1966	-0.350572	102.516959	0.005329	8.7
1967	-0.000000	102.487212	0.000000	8.7
1968	-1.183748	102.457488	0.007010	9.9
1969	-0.945918	102.427788	0.008733	8.6
1970	-0.308111	102.398110	0.003499	10.6
1971	-0.100214	102.368455	0.003790	8.6
1972	-0.125458	102.338823	0.002472	7.7
1973	-1.179174	102.309214	0.005552	9.0
1974	-0.686305	102.279628	0.012191	9.4
1975	-0.184545	102.250064	0.001590	9.0
1976	-0.000000	102.220524	0.000000	8.2
1977	-0.821724	102.191006	0.007145	9.4
1978	-0.000000	102.161511	0.000000	7.7
1979	-1.523325	102.132038	0.017183	8.1
1980	-0.723602	102.102588	0.011869	11.1
1981	-0.000000	102.073161	0.000000	8.0
1982	-0.000000	102.043757	0.000000	9.6
1983	-1.347710	102.014375	0.008891	10.0
1984	-1.503671	101.985015	0.012776	16.1
1985	-1.038163	101.955678	0.007445	11.5
1986	-0.000001	101.926364	0.000001	9.3
1987	-1.182954	101.897072	0.004929	9.0
1988	-1.471248	101.867802	0.007787	12.3
1989	-0.338234	101.838555	0.004201	9.0
1990	-0.000000	101.809330	0.000000	9.6
1991	-0.000000	101.780128	0.000000	8.8
1992	-0.000000	101.750948	0.000000	8.9
1993	-0.805381	101.721790	0.004406	9.6
1994	-1.215231	101.692654	0.006874	9.7
1995	-1.658232	101.663541	0.010913	9.3
1996	-1.221171	101.634450	0.008897	8.7
1997	-1.079658	101.605381	0.012451	9.1
1998	-0.000000	101.576335	0.000000	13.5
1999	-0.000000	101.547310	0.000000	8.3
