1:ItNr	2:Metric	3:StepSize	4:||Gradient||	Time[ms]
0	-0.022461	627.201626	0.000196	600.6
1	-0.001659	623.504937	0.000403	10.1
2	0.000000	619.865785	0.000000	8.6
3	-0.000050	616.282728	0.000005	9.5
4	0.000000	612.754375	0.000000	12.3
5	-0.376098	609.279381	0.001026	9.1
6	-0.375722	605.856447	0.001214	10.6
7	0.000000	602.484317	0.000000	9.5
8	-0.022275	599.161779	0.000164	9.1
9	-0.358511	595.887656	0.001138	12.7
10	0.000000	592.660813	0.000000	9.0
11	0.000000	589.480151	0.000000	17.5
12	-0.416856	586.344606	0.001353	7.9
13	0.000000	583.253145	0.000000	9.3
14	0.000000	580.204771	0.000000	10.3
15	-0.386572	577.198517	0.001143	9.1
16	-0.371176	574.233444	0.001173	13.2
17	-0.356497	571.308645	0.000797	9.3
18	-0.358534	568.423237	0.001346	8.9
19	0.000000	565.576365	0.000000	9.8
20	0.000000	562.767201	0.000000	11.4
21	0.000000	559.994938	0.000000	9.1
22	-0.363895	557.258797	0.000739	10.2
23	0.000000	554.558018	0.000000	12.8
24	-0.000000	551.891865	0.000000	9.4
25	-0.168691	549.259621	0.000678	9.8
26	-0.000000	546.660592	0.000000	8.8
27	-0.381016	544.094102	0.000967	10.8
28	-0.000011	541.559494	0.000016	10.0
29	-0.320687	539.056129	0.000812	10.5
30	-0.354572	536.583387	0.000869	10.1
31	-0.194471	534.140663	0.001614	9.0
32	-0.341619	531.727370	0.001319	8.5
33	-0.241453	529.342935	0.001297	7.4
34	-0.055733	526.986802	0.000449	10.7
35	-0.319671	524.658430	0.001431	8.9
36	0.000000	522.357290	0.000000	16.0
37	-0.387557	520.082868	0.001259	11.3
38	-0.265452	517.834665	0.001178	10.3
39	-0.382765	515.612193	0.001100	8.4
40	-0.000983	513.414976	0.000320	9.0
41	-0.415622	511.242551	0.001123	9.3
42	-0.435174	509.094468	0.000929	8.9
43	0.000000	506.970285	0.000000	10.1
44	-0.431343	504.869574	0.001178	8.8
45	-0.024176	502.791916	0.000256	8.7
46	0.000000	500.736903	0.000000	11.4
47	0.000000	498.704137	0.000000	8.5
48	-0.401225	496.693228	0.001202	9.7
49	-0.305198	494.703798	0.000953	9.1
50	0.000000	492.735476	0.000000	9.1
51	-0.202767	490.787900	0.000859	8.9
52	-0.409312	488.860718	0.001037	8.6
53	0.000000	486.953585	0.000000	11.3
54	-0.359134	485.066164	0.000950	9.3
55	-0.000000	483.198126	0.000000	10.0
56	-0.417823	481.349149	0.001434	11.3
57	-0.360154	479.518920	0.001289	9.8
58	-0.201417	477.707132	0.000975	9.6
59	0.000000	475.913485	0.000000	11.4
60	-0.443587	474.137684	0.001276	10.5
61	-0.111041	472.379445	0.000706	8.1
62	-0.402256	470.638485	0.001014	10.3
63	-0.000866	468.914531	0.000119	12.6
64	-0.000000	467.207315	0.000000	8.8
65	-0.448142	465.516573	0.000997	9.3
66	0.000000	463.842050	0.000000	10.4
67	-0.071051	462.183494	0.000282	10.3
68	-0.312874	460.540658	0.001203	11.0
69	0.000000	458.913303	0.000000	9.4
70	-0.236245	457.301192	0.000911	11.1
71	0.000000	455.704096	0.000000	9.5
72	0.000000	454.121787	0.000000	9.5
73	-0.425279	452.554045	0.001085	11.0
74	-0.299738	451.000653	0.001584	9.7
75	-0.000000	449.461399	0.000000	8.8
76	0.000000	447.936075	0.000000	10.5
77	-0.000000	446.424477	0.000000	10.1
78	0.000000	444.926406	0.000000	9.9
79	-0.009076	443.441666	0.000139	9.5
80	-0.416622	441.970065	0.001120	9.8
81	-0.351716	440.511415	0.001169	9.7
82	0.000000	439.065533	0.000000	9.8
83	-0.315299	437.632238	0.000878	9.0
84	-0.027291	436.211351	0.000303	9.4
85	-0.085034	434.802701	0.000857	10.5
86	0.000000	433.406117	0.000000	9.1
87	0.000000	432.021430	0.000000	9.7
88	-0.003801	430.648479	0.000114	10.6
89	0.000000	429.287101	0.000000	8.9
90	-0.403424	427.937140	0.001128	9.9
91	-0.312174	426.598440	0.001258	10.7
92	-0.379755	425.270849	0.001416	9.6
93	-0.458759	423.954220	0.001002	19.2
94	-0.058370	422.648404	0.000303	8.9
95	0.000000	421.353259	0.000000	9.4
96	-0.424960	420.068643	0.001197	10.3
97	-0.137111	418.794419	0.000736	9.4
98	-0.164100	417.530451	0.001255	10.5
99	-0.000994	416.276604	0.000077	10.2
100	0.000000	415.032748	0.000000	8.5
101	-0.020410	413.798754	0.000282	9.1
102	-0.000070	412.574495	0.000036	9.7
103	-0.358542	411.359849	0.001161	9.5
104	-0.000000	410.154691	0.000000	8.7
105	0.000000	408.958904	0.000000	10.4
106	-0.373943	407.772368	0.001181	9.6
107	0.000000	406.594968	0.000000	7.6
108	-0.221989	405.426590	0.000612	11.6
109	-0.436323	404.267122	0.000820	10.9
110	-0.009523	403.116456	0.000957	11.2
111	-0.039968	401.974481	0.001387	9.9
112	-0.267943	400.841093	0.001006	9.3
113	-0.402767	399.716187	0.001067	9.2
114	0.000000	398.599660	0.000000	11.5
115	-0.191069	397.491411	0.001121	9.1
116	0.000000	396.391342	0.000000	7.7
117	-0.032729	395.299353	0.000269	9.6
118	-0.185868	394.215350	0.001216	9.6
119	0.000000	393.139238	0.000000	10.0
120	-0.235177	392.070924	0.000851	9.2
121	-0.005936	391.010316	0.000067	7.9
122	0.000000	389.957325	0.000000	9.5
123	0.000000	388.911862	0.000000	9.1
124	0.000000	387.873839	0.000000	10.4
125	0.000000	386.843173	0.000000	10.0
126	0.000000	385.819777	0.000000	8.6
127	-0.017765	384.803569	0.000202	11.9
128	0.000000	383.794468	0.000000	9.2
129	-0.056422	382.792393	0.000501	15.4
130	0.000000	381.797264	0.000000	8.1
131	0.000000	380.809005	0.000000	9.9
132	0.000000	379.827537	0.000000	8.6
133	-0.225545	378.852786	0.001216	8.8
134	-0.357142	377.884678	0.001172	9.0
135	-0.372781	376.923138	0.000636	7.8
136	-0.057931	375.968095	0.000498	9.1
137	0.000000	375.019479	0.000000	9.8
138	0.000000	374.077218	0.000000	9.9
139	0.000000	373.141244	0.000000	10.2
140	-0.186433	372.211489	0.000486	13.2
141	-0.099557	371.287887	0.000524	8.5
142	0.000000	370.370370	0.000000	10.7
143	0.000000	369.458876	0.000000	9.3
144	0.000000	368.553338	0.000000	9.4
145	0.000000	367.653696	0.000000	10.4
146	-0.023782	366.759885	0.000082	10.0
147	0.000000	365.871846	0.000000	8.7
148	-0.304163	364.989518	0.000810	8.9
149	-0.412563	364.112841	0.001029	8.5
150	-0.014672	363.241757	0.000166	12.1
151	-0.261651	362.376208	0.001522	10.6
152	-0.002784	361.516137	0.000144	8.9
153	-0.418680	360.661488	0.000929	9.3
154	0.000000	359.812206	0.000000	9.7
155	-0.087850	358.968236	0.000500	10.2
156	-0.000000	358.129524	0.000000	9.6
157	-0.310378	357.296018	0.000497	9.7
158	0.000000	356.467665	0.000000	9.1
159	-0.228493	355.644414	0.001276	9.3
160	0.000000	354.826213	0.000000	10.4
161	-0.000506	354.013012	0.000056	10.0
162	0.000000	353.204763	0.000000	10.4
163	-0.127510	352.401415	0.000413	8.6
164	-0.024025	351.602922	0.000591	9.5
165	0.000000	350.809235	0.000000	10.1
166	-0.135642	350.020308	0.000628	12.6
167	-0.381453	349.236095	0.001174	9.6
168	-0.384526	348.456550	0.000881	9.0
169	-0.396067	347.681627	0.000888	9.2
170	-0.400447	346.911283	0.001186	16.4
171	-0.360999	346.145474	0.001242	8.7
172	0.000000	345.384157	0.000000	9.8
173	-0.156416	344.627288	0.000831	14.4
174	-0.314307	343.874826	0.000905	10.0
175	-0.000062	343.126729	0.000002	9.8
176	0.000000	342.382957	0.000000	8.5
177	-0.375170	341.643469	0.001140	10.0
178	-0.423386	340.908224	0.000692	8.5
179	-0.232016	340.177184	0.001023	8.5
180	0.000000	339.450309	0.000000	10.0
181	0.000000	338.727561	0.000000	9.7
182	-0.225900	338.008902	0.001854	9.4
183	-0.431775	337.294295	0.000835	10.2
184	-0.133762	336.583703	0.001090	10.6
185	-0.223931	335.877089	0.000726	9.2
186	0.000000	335.174416	0.000000	9.1
187	-0.364028	334.475651	0.001362	8.8
188	-0.388919	333.780756	0.001296	9.4
189	-0.038607	333.089698	0.000251	8.7
190	-0.000000	332.402443	0.000000	9.3
191	0.000000	331.718955	0.000000	9.1
192	-0.373447	331.039203	0.000970	9.3
193	-0.000035	330.363153	0.000023	13.1
194	0.000000	329.690771	0.000000	8.0
195	-0.403634	329.022027	0.000911	7.3
196	0.000000	328.356888	0.000000	9.3
197	0.000000	327.695322	0.000000	8.5
198	0.000000	327.037299	0.000000	9.7
199	-0.016442	326.382787	0.000125	10.1
200	-0.297054	325.731758	0.001240	10.2
201	0.000000	325.084179	0.000000	11.0
202	-0.142057	324.440023	0.000434	9.9
203	0.000000	323.799258	0.000000	9.4
204	-0.365432	323.161858	0.001030	12.8
205	-0.176822	322.527792	0.000589	11.8
206	-0.345547	321.897034	0.001295	8.2
207	-0.128473	321.269554	0.000768	8.8
208	-0.353238	320.645325	0.001352	9.3
209	0.000000	320.024320	0.000000	8.2
210	-0.407369	319.406512	0.000982	9.4
211	-0.000000	318.791875	0.000000	9.5
212	-0.003924	318.180381	0.000015	8.8
213	0.000000	317.572005	0.000000	8.9
214	-0.286282	316.966721	0.000755	8.3
215	-0.006095	316.364504	0.000028	10.2
216	-0.000001	315.765329	0.000001	9.4
217	-0.175259	315.169170	0.001083	9.7
218	0.000000	314.576003	0.000000	9.1
219	-0.001626	313.985804	0.000021	11.7
220	-0.056441	313.398548	0.000312	10.0
221	-0.278759	312.814213	0.000903	9.3
222	-0.000028	312.232773	0.000002	10.7
223	-0.069233	311.654207	0.000499	14.5
224	0.000000	311.078491	0.000000	8.0
225	0.000000	310.505602	0.000000	8.7
226	-0.384251	309.935518	0.000929	11.6
227	0.000000	309.368217	0.000000	9.6
228	-0.019565	308.803676	0.000214	9.4
229	-0.063648	308.241874	0.000208	9.4
230	0.000000	307.682789	0.000000	10.4
231	-0.424888	307.126400	0.000955	9.4
232	-0.329918	306.572687	0.001501	9.3
233	-0.434092	306.021627	0.001340	10.2
234	0.000000	305.473201	0.000000	7.6
235	0.000000	304.927388	0.000000	10.1
236	-0.003732	304.384168	0.000134	10.5
237	-0.001258	303.843521	0.000060	10.7
238	-0.048276	303.305427	0.000309	9.8
239	-0.462645	302.769867	0.001181	9.7
240	-0.379990	302.236821	0.000790	16.6
241	-0.072274	301.706270	0.000688	9.5
242	-0.399425	301.178196	0.000918	10.1
243	-0.143754	300.652580	0.000766	8.8
244	-0.302602	300.129402	0.000790	9.5
245	-0.051834	299.608645	0.000282	8.9
246	-0.281438	299.090291	0.000867	9.0
247	-0.119409	298.574321	0.000537	9.7
248	-0.340040	298.060718	0.001159	9.5
249	-0.178944	297.549465	0.001078	10.8
250	0.000000	297.040543	0.000000	8.2
251	-0.191214	296.533936	0.001221	9.5
252	-0.005311	296.029626	0.000204	11.0
253	-0.253440	295.527597	0.000806	10.4
254	-0.116649	295.027832	0.000578	10.1
255	-0.290909	294.530315	0.000885	8.7
256	0.000000	294.035028	0.000000	9.2
257	-0.175902	293.541956	0.000507	8.5
258	-0.378578	293.051083	0.001374	11.4
259	0.000000	292.562393	0.000000	9.7
260	-0.203642	292.075870	0.000948	17.5
261	-0.290043	291.591498	0.000708	9.5
262	-0.020610	291.109263	0.000479	13.1
263	-0.003114	290.629149	0.000252	11.1
264	0.000000	290.151140	0.000000	9.8
265	0.000000	289.675222	0.000000	9.4
266	-0.375283	289.201380	0.001292	10.5
267	0.000000	288.729600	0.000000	10.2
268	-0.382238	288.259866	0.001001	9.9
269	-0.173968	287.792165	0.000618	10.8
270	0.000000	287.326481	0.000000	9.5
271	0.000000	286.862802	0.000000	9.3
272	-0.169251	286.401113	0.000625	9.6
273	0.000000	285.941400	0.000000	7.9
274	-0.000048	285.483649	0.000015	10.7
275	-0.215299	285.027847	0.000522	9.7
276	-0.440708	284.573981	0.001123	8.7
277	0.000000	284.122037	0.000000	8.5
278	-0.013098	283.672002	0.000067	7.2
279	-0.230557	283.223863	0.000671	8.6
280	-0.311569	282.777607	0.001282	8.3
281	-0.000000	282.333221	0.000000	8.7
282	-0.223130	281.890692	0.001348	12.7
283	-0.000452	281.450008	0.000007	9.3
284	-0.048435	281.011157	0.000128	10.4
285	0.000000	280.574125	0.000000	11.0
286	-0.009832	280.138901	0.003114	18.0
287	-0.353779	279.705473	0.001036	9.4
288	0.000000	279.273829	0.000000	8.4
289	-0.162037	278.843956	0.000477	10.4
290	-0.235523	278.415844	0.001584	10.1
291	-0.308655	277.989479	0.001288	9.8
292	0.000000	277.564851	0.000000	11.5
293	-0.371535	277.141949	0.001101	8.4
294	-0.336121	276.720761	0.001104	12.0
295	-0.000228	276.301275	0.000025	10.1
296	-0.388289	275.883480	0.001177	9.6
297	0.000000	275.467366	0.000000	10.1
298	-0.079376	275.052922	0.000305	9.2
299	-0.299543	274.640136	0.001042	9.2
300	-0.004072	274.228998	0.000172	10.0
301	0.000000	273.819497	0.000000	9.2
302	0.000000	273.411623	0.000000	18.8
303	-0.325082	273.005365	0.000733	9.1
304	-0.295698	272.600712	0.000631	9.2
305	-0.192371	272.197655	0.000741	9.6
306	-0.205784	271.796184	0.000695	10.3
307	-0.414256	271.396287	0.001294	9.8
308	0.000000	270.997956	0.000000	9.1
309	0.000000	270.601180	0.000000	8.0
310	-0.000000	270.205949	0.000000	9.4
311	-0.000000	269.812254	0.000000	9.3
312	-0.362137	269.420085	0.001088	9.7
313	-0.273146	269.029432	0.000914	10.0
314	-0.044889	268.640287	0.000374	8.5
315	-0.000000	268.252638	0.000000	10.7
316	0.000000	267.866478	0.000000	8.3
317	-0.057219	267.481796	0.000377	9.1
318	-0.185983	267.098584	0.000686	9.7
319	-0.410971	266.716833	0.001134	8.9
320	0.000000	266.336533	0.000000	11.4
321	-0.380374	265.957676	0.000958	9.3
322	0.000000	265.580253	0.000000	11.0
323	0.000000	265.204254	0.000000	9.3
324	-0.287605	264.829672	0.001419	8.8
325	0.000000	264.456497	0.000000	9.4
326	0.000000	264.084721	0.000000	9.7
327	-0.000903	263.714335	0.000076	9.5
328	0.000000	263.345332	0.000000	8.5
329	0.000000	262.977702	0.000000	11.4
330	-0.007590	262.611438	0.000298	9.6
331	0.000000	262.246531	0.000000	9.1
332	0.000000	261.882973	0.000000	10.5
333	-0.106412	261.520756	0.000568	17.9
334	-0.006900	261.159871	0.000191	9.0
335	0.000000	260.800312	0.000000	9.7
336	-0.021381	260.442070	0.000485	11.6
337	-0.001409	260.085137	0.000030	9.6
338	-0.420981	259.729505	0.001076	10.3
339	-0.099598	259.375167	0.000857	10.0
340	-0.000071	259.022116	0.000011	8.3
341	-0.237011	258.670343	0.000985	9.2
342	0.000000	258.319841	0.000000	9.4
343	0.000000	257.970602	0.000000	8.6
344	0.000000	257.622620	0.000000	10.8
345	0.000000	257.275887	0.000000	10.0
346	-0.308670	256.930396	0.000862	9.3
347	-0.284772	256.586139	0.000900	8.4
348	0.000000	256.243109	0.000000	8.4
349	-0.004212	255.901300	0.000187	8.8
350	-0.000000	255.560703	0.000000	10.1
351	-0.000640	255.221313	0.000031	9.9
352	-0.265574	254.883122	0.000807	10.2
353	-0.412995	254.546124	0.000971	9.8
354	0.000000	254.210311	0.000000	13.9
355	-0.167658	253.875677	0.000840	8.8
356	0.000000	253.542215	0.000000	8.8
357	-0.008303	253.209918	0.000061	9.7
358	0.000000	252.878781	0.000000	10.4
359	0.000000	252.548795	0.000000	8.5
360	-0.000000	252.219956	0.000000	8.7
361	0.000000	251.892255	0.000000	8.9
362	-0.015320	251.565688	0.000352	8.6
363	-0.200875	251.240247	0.001120	9.8
364	-0.005133	250.915926	0.000116	9.9
365	-0.221608	250.592720	0.001311	9.1
366	-0.000000	250.270621	0.000000	10.4
367	-0.301174	249.949624	0.000719	9.3
368	-0.307176	249.629723	0.001279	10.0
369	0.000000	249.310911	0.000000	10.0
370	-0.245247	248.993182	0.000884	8.1
371	-0.042709	248.676531	0.000277	10.5
372	-0.357393	248.360952	0.000652	9.8
373	0.000000	248.046438	0.000000	9.2
374	-0.096125	247.732984	0.000292	9.4
375	-0.005138	247.420584	0.000028	8.4
376	-0.314141	247.109233	0.000739	9.9
377	0.000000	246.798924	0.000000	10.4
378	0.000000	246.489652	0.000000	17.3
379	-0.125723	246.181412	0.000542	9.8
380	-0.000000	245.874197	0.000000	10.6
381	0.000000	245.568002	0.000000	9.3
382	0.000000	245.262822	0.000000	9.3
383	0.000000	244.958652	0.000000	10.7
384	-0.192764	244.655485	0.000787	9.6
385	-0.192934	244.353317	0.000734	9.2
386	0.000000	244.052142	0.000000	9.7
387	-0.436369	243.751955	0.000989	10.0
388	0.000000	243.452750	0.000000	11.7
389	-0.387219	243.154523	0.001156	9.8
390	-0.001159	242.857268	0.000187	9.4
391	-0.296133	242.560980	0.000867	9.1
392	-0.180315	242.265654	0.000796	11.8
393	-0.447475	241.971285	0.001306	10.2
394	0.000000	241.677868	0.000000	8.8
395	-0.249162	241.385397	0.001247	9.7
396	-0.109821	241.093869	0.000584	9.8
397	-0.390544	240.803278	0.001167	9.7
398	0.000000	240.513619	0.000000	8.7
399	-0.311449	240.224887	0.000851	10.1
400	0.000000	239.937077	0.000000	8.0
401	-0.138348	239.650186	0.000413	9.4
402	-0.160730	239.364207	0.000602	8.5
403	-0.199973	239.079136	0.001122	10.4
404	-0.267758	238.794969	0.000792	9.2
405	-0.005674	238.511701	0.000053	8.8
406	-0.174694	238.229327	0.000954	9.3
407	-0.256403	237.947843	0.001378	7.6
408	-0.312625	237.667244	0.000978	9.3
409	-0.208630	237.387526	0.001219	9.1
410	0.000000	237.108684	0.000000	9.3
411	0.000000	236.830714	0.000000	9.8
412	0.000000	236.553610	0.000000	9.0
413	0.000000	236.277370	0.000000	10.2
414	-0.006870	236.001989	0.000036	8.1
415	0.000000	235.727461	0.000000	8.0
416	-0.133986	235.453784	0.000684	9.6
417	0.000000	235.180952	0.000000	8.5
418	0.000000	234.908962	0.000000	9.6
419	-0.259893	234.637809	0.001493	9.9
420	-0.006228	234.367488	0.000052	9.4
421	-0.024462	234.097997	0.000344	9.7
422	0.000000	233.829331	0.000000	7.5
423	-0.362163	233.561485	0.001253	10.8
424	0.000000	233.294456	0.000000	8.0
425	-0.327417	233.028239	0.001065	9.5
426	0.000000	232.762831	0.000000	9.8
427	-0.103002	232.498228	0.000575	8.1
428	0.000000	232.234425	0.000000	10.6
429	-0.459701	231.971419	0.000964	12.6
430	0.000000	231.709205	0.000000	9.9
431	-0.219037	231.447781	0.001614	9.4
432	-0.169168	231.187141	0.000821	10.1
433	-0.000007	230.927283	0.000003	10.6
434	-0.000001	230.668202	0.000000	8.6
435	-0.406482	230.409895	0.001145	8.6
436	0.000000	230.152358	0.000000	9.1
437	0.000000	229.895587	0.000000	10.9
438	-0.174504	229.639578	0.001284	8.9
439	-0.291564	229.384329	0.000915	9.5
440	0.000000	229.129834	0.000000	9.1
441	-0.395258	228.876091	0.001085	9.5
442	-0.322045	228.623096	0.000803	9.9
443	-0.070610	228.370846	0.000295	9.3
444	0.000000	228.119336	0.000000	13.3
445	-0.312950	227.868563	0.001913	9.6
446	-0.061361	227.618525	0.000520	8.6
447	-0.003177	227.369216	0.000088	9.3
448	0.000000	227.120635	0.000000	10.8
449	-0.001234	226.872777	0.000043	9.8
450	0.000000	226.625638	0.000000	11.4
451	-0.013021	226.379217	0.000261	9.0
452	0.000000	226.133509	0.000000	8.6
453	0.000000	225.888510	0.000000	8.8
454	-0.357633	225.644218	0.001204	10.5
455	-0.000000	225.400630	0.000000	8.1
456	-0.105292	225.157741	0.000554	10.2
457	-0.345583	224.915549	0.000929	8.8
458	-0.095052	224.674051	0.000462	8.7
459	-0.178112	224.433242	0.000513	13.8
460	0.000000	224.193121	0.000000	8.3
461	0.000000	223.953684	0.000000	10.1
462	-0.327961	223.714927	0.001172	9.7
463	-0.347075	223.476848	0.000758	9.7
464	-0.252165	223.239444	0.000970	9.8
465	0.000000	223.002710	0.000000	8.5
466	-0.030163	222.766645	0.000269	8.8
467	-0.194007	222.531245	0.001254	10.0
468	-0.440261	222.296508	0.000897	9.2
469	-0.408974	222.062429	0.001069	10.0
470	-0.075365	221.829007	0.000533	10.8
471	-0.314247	221.596238	0.001008	9.6
472	-0.000000	221.364119	0.000000	13.8
473	0.000000	221.132647	0.000000	19.3
474	-0.402556	220.901820	0.001069	9.5
475	-0.347405	220.671634	0.000905	11.1
476	-0.074429	220.442086	0.000290	9.3
477	0.000000	220.213174	0.000000	10.0
478	-0.060633	219.984895	0.000468	11.0
479	-0.424168	219.757246	0.001326	7.9
480	-0.408553	219.530224	0.000867	11.2
481	-0.209095	219.303826	0.000688	10.1
482	-0.000305	219.078050	0.000083	10.6
483	0.000000	218.852893	0.000000	10.0
484	-0.283187	218.628352	0.000839	9.3
485	-0.040297	218.404424	0.000195	10.0
486	0.000000	218.181106	0.000000	10.7
487	-0.013348	217.958397	0.000191	10.1
488	-0.211656	217.736292	0.000945	10.2
489	-0.450885	217.514790	0.001346	9.3
490	-0.005813	217.293888	0.000065	8.1
491	-0.259369	217.073584	0.000826	8.3
492	-0.341768	216.853873	0.000640	9.0
493	0.000000	216.634755	0.000000	8.7
494	-0.058727	216.416227	0.000538	9.3
495	-0.317142	216.198285	0.001083	10.1
496	0.000000	215.980927	0.000000	8.5
497	-0.312832	215.764151	0.001061	9.8
498	-0.014913	215.547955	0.000200	8.2
499	-0.410979	215.332335	0.001247	9.2
500	-0.016005	215.117289	0.000064	9.8
501	-0.045499	214.902815	0.000159	8.9
502	0.000000	214.688911	0.000000	10.3
503	-0.037520	214.475573	0.000363	8.2
504	-0.463597	214.262800	0.000948	8.2
505	0.000000	214.050588	0.000000	9.3
506	-0.213463	213.838936	0.000827	11.7
507	-0.210410	213.627842	0.000816	9.8
508	-0.391114	213.417302	0.001318	10.4
509	0.000000	213.207314	0.000000	9.9
510	-0.105379	212.997877	0.000681	10.0
511	0.000000	212.788987	0.000000	10.5
512	-0.342977	212.580642	0.001435	9.4
513	0.000000	212.372841	0.000000	9.8
514	-0.453983	212.165581	0.001161	9.2
515	-0.003828	211.958859	0.000115	7.8
516	-0.120191	211.752673	0.000982	9.2
517	0.000000	211.547021	0.000000	11.2
518	-0.406506	211.341902	0.000990	11.6
519	0.000000	211.137311	0.000000	10.5
520	0.000000	210.933248	0.000000	10.9
521	0.000000	210.729710	0.000000	8.2
522	0.000000	210.526695	0.000000	9.8
523	-0.063247	210.324200	0.000384	9.8
524	-0.003913	210.122224	0.000218	9.5
525	0.000000	209.920765	0.000000	12.1
526	-0.156673	209.719820	0.000899	9.5
527	0.000000	209.519387	0.000000	9.2
528	0.000000	209.319463	0.000000	9.2
529	-0.321628	209.120048	0.000994	11.3
530	-0.361809	208.921139	0.000868	9.8
531	-0.431076	208.722733	0.001180	9.6
532	0.000000	208.524829	0.000000	10.2
533	-0.022913	208.327425	0.000429	9.8
534	-0.429225	208.130518	0.000984	8.7
535	0.000000	207.934107	0.000000	7.8
536	-0.333957	207.738189	0.000615	10.4
537	0.000000	207.542762	0.000000	10.8
538	0.000000	207.347825	0.000000	8.0
539	-0.001832	207.153376	0.000112	10.1
540	-0.071998	206.959412	0.000361	10.0
541	0.000000	206.765932	0.000000	11.3
542	-0.000220	206.572933	0.000075	9.2
543	-0.000001	206.380414	0.000001	9.2
544	0.000000	206.188373	0.000000	9.5
545	0.000000	205.996807	0.000000	9.8
546	0.000000	205.805716	0.000000	12.1
547	-0.200025	205.615096	0.001159	9.3
548	-0.249551	205.424946	0.000864	9.5
549	-0.190078	205.235265	0.000735	9.2
550	-0.423573	205.046050	0.000979	9.7
551	-0.008990	204.857299	0.000211	8.8
552	0.000000	204.669011	0.000000	9.4
553	0.000000	204.481184	0.000000	10.3
554	0.000000	204.293816	0.000000	9.3
555	-0.067330	204.106905	0.000282	9.2
556	-0.032391	203.920449	0.000236	9.9
557	0.000000	203.734447	0.000000	9.4
558	0.000000	203.548896	0.000000	10.6
559	-0.395170	203.363795	0.001110	8.2
560	-0.219084	203.179143	0.000516	7.9
561	0.000000	202.994937	0.000000	9.5
562	-0.445417	202.811176	0.001010	7.9
563	0.000000	202.627857	0.000000	10.1
564	-0.162295	202.444980	0.001299	9.0
565	-0.181039	202.262543	0.000844	19.2
566	-0.448729	202.080543	0.001109	18.7
567	0.000000	201.898979	0.000000	8.7
568	0.000000	201.717849	0.000000	9.8
569	-0.177950	201.537153	0.000520	9.6
570	-0.286355	201.356887	0.001264	9.0
571	-0.245434	201.177050	0.000697	10.5
572	-0.002158	200.997642	0.000084	8.4
573	-0.328822	200.818659	0.000914	11.5
574	-0.429599	200.640100	0.001162	9.3
575	-0.000021	200.461965	0.000022	9.8
576	-0.443897	200.284250	0.000672	9.3
577	-0.256306	200.106955	0.001486	11.7
578	0.000000	199.930078	0.000000	9.4
579	-0.365141	199.753617	0.000826	10.9
580	0.000000	199.577571	0.000000	10.1
581	-0.391237	199.401938	0.001118	10.2
582	0.000000	199.226717	0.000000	9.1
583	-0.085038	199.051905	0.000430	10.3
584	-0.348989	198.877502	0.001510	8.4
585	-0.009413	198.703506	0.000234	10.6
586	0.000000	198.529916	0.000000	8.8
587	-0.000513	198.356729	0.000012	9.3
588	-0.267102	198.183944	0.000859	9.9
589	-0.120672	198.011560	0.000424	10.0
590	-0.257404	197.839576	0.000556	8.6
591	0.000000	197.667989	0.000000	11.2
592	0.000000	197.496798	0.000000	9.4
593	-0.187631	197.326002	0.001325	9.7
594	-0.395341	197.155600	0.001121	9.4
595	-0.186842	196.985589	0.001334	9.3
596	-0.408269	196.815969	0.001104	8.8
597	-0.340038	196.646738	0.000856	9.6
598	-0.103136	196.477894	0.000485	8.8
599	-0.032467	196.309436	0.000116	10.0
600	-0.463008	196.141363	0.000917	10.6
601	-0.453352	195.973673	0.000948	8.4
602	-0.427996	195.806365	0.001091	9.8
603	-0.025738	195.639437	0.000266	8.5
604	-0.432539	195.472888	0.000954	12.5
605	-0.217250	195.306717	0.000601	9.4
606	0.000000	195.140922	0.000000	8.2
607	-0.343281	194.975501	0.000933	10.9
608	-0.417140	194.810454	0.001098	8.9
609	-0.000008	194.645779	0.000000	8.6
610	-0.298699	194.481475	0.000743	9.9
611	-0.228223	194.317540	0.000712	9.8
612	-0.003631	194.153973	0.000120	9.1
613	-0.046240	193.990773	0.000589	10.8
614	-0.432811	193.827938	0.000788	8.1
615	-0.006056	193.665467	0.000047	8.6
616	0.000000	193.503358	0.000000	8.9
617	-0.291418	193.341611	0.000634	10.5
618	-0.450015	193.180224	0.001215	12.3
619	0.000000	193.019196	0.000000	8.6
620	-0.260169	192.858525	0.001228	11.9
621	-0.391267	192.698210	0.001058	8.8
622	-0.261381	192.538251	0.001199	9.5
623	0.000000	192.378644	0.000000	9.0
624	-0.373463	192.219391	0.000857	10.6
625	-0.399701	192.060488	0.000830	9.1
626	0.000000	191.901935	0.000000	8.7
627	-0.189657	191.743730	0.000759	9.9
628	-0.254612	191.585873	0.000621	9.2
629	-0.363970	191.428362	0.001084	10.2
630	0.000000	191.271196	0.000000	10.0
631	-0.409053	191.114374	0.000794	10.3
632	-0.283042	190.957893	0.000842	11.2
633	-0.020225	190.801755	0.000307	8.9
634	-0.334404	190.645956	0.001085	11.2
635	0.000000	190.490495	0.000000	9.3
636	0.000000	190.335373	0.000000	8.6
637	-0.351562	190.180587	0.000786	10.2
638	0.000000	190.026136	0.000000	10.0
639	-0.019433	189.872019	0.000233	9.0
640	-0.001654	189.718235	0.000142	9.1
641	0.000000	189.564782	0.000000	10.2
642	-0.133690	189.411661	0.000499	9.4
643	-0.000000	189.258868	0.000000	9.4
644	0.000000	189.106404	0.000000	9.6
645	-0.453866	188.954267	0.000965	9.7
646	-0.000060	188.802456	0.000031	9.3
647	-0.000000	188.650969	0.000000	8.6
648	-0.184332	188.499807	0.000442	9.7
649	0.000000	188.348967	0.000000	10.9
650	0.000000	188.198448	0.000000	8.6
651	-0.201433	188.048250	0.001004	9.4
652	-0.167468	187.898371	0.000446	10.1
653	-0.000001	187.748810	0.000001	10.0
654	0.000000	187.599566	0.000000	11.0
655	-0.384693	187.450638	0.001042	9.6
656	0.000000	187.302025	0.000000	9.4
657	0.000000	187.153725	0.000000	9.5
658	-0.413293	187.005739	0.001121	15.6
659	-0.419560	186.858064	0.001044	9.0
660	0.000000	186.710699	0.000000	10.0
661	-0.269751	186.563645	0.001247	9.1
662	0.000000	186.416898	0.000000	9.6
663	-0.257657	186.270459	0.000605	9.4
664	-0.033428	186.124326	0.000501	10.2
665	-0.054085	185.978499	0.000238	9.6
666	0.000000	185.832976	0.000000	9.4
667	0.000000	185.687756	0.000000	8.3
668	-0.160469	185.542838	0.001057	8.9
669	0.000000	185.398222	0.000000	15.4
670	0.000000	185.253906	0.000000	9.7
671	0.000000	185.109889	0.000000	9.7
672	-0.000000	184.966170	0.000000	9.1
673	0.000000	184.822748	0.000000	8.5
674	0.000000	184.679623	0.000000	12.7
675	-0.153580	184.536792	0.000439	8.8
676	-0.145265	184.394256	0.000385	8.1
677	-0.381496	184.252013	0.000799	9.3
678	-0.419027	184.110062	0.001106	8.2
679	0.000000	183.968403	0.000000	9.3
680	0.000000	183.827034	0.000000	9.9
681	-0.000136	183.685954	0.000045	9.1
682	-0.219711	183.545163	0.000589	9.9
683	-0.371223	183.404658	0.001031	9.0
684	-0.350358	183.264441	0.000897	9.5
685	-0.000048	183.124509	0.000005	8.8
686	-0.003952	182.984861	0.000029	9.6
687	-0.043426	182.845497	0.000251	9.7
688	0.000000	182.706416	0.000000	8.3
689	-0.110978	182.567616	0.000983	9.3
690	-0.401524	182.429098	0.001056	8.8
691	0.000000	182.290859	0.000000	8.9
692	-0.162992	182.152899	0.000714	10.3
693	-0.306642	182.015217	0.000706	9.3
694	-0.388032	181.877813	0.001091	8.6
695	-0.450095	181.740684	0.001343	9.3
696	-0.249660	181.603832	0.000633	8.8
697	-0.425884	181.467253	0.001035	8.3
698	-0.178250	181.330948	0.000821	24.3
699	0.000000	181.194916	0.000000	9.9
700	-0.064256	181.059155	0.000228	9.5
701	0.000000	180.923666	0.000000	8.9
702	0.000000	180.788446	0.000000	9.5
703	0.000000	180.653496	0.000000	8.9
704	-0.333620	180.518814	0.000841	8.9
705	-0.059665	180.384399	0.000758	11.2
706	0.000000	180.250251	0.000000	9.5
707	-0.026403	180.116369	0.000421	11.1
708	0.000000	179.982752	0.000000	11.2
709	-0.194719	179.849398	0.001202	10.5
710	-0.450275	179.716308	0.000963	9.4
711	-0.381309	179.583480	0.000833	9.1
712	0.000000	179.450913	0.000000	8.9
713	-0.017996	179.318607	0.000247	10.3
714	-0.437023	179.186561	0.001112	9.6
715	0.000000	179.054774	0.000000	8.5
716	-0.097430	178.923245	0.000334	9.6
717	0.000000	178.791973	0.000000	8.1
718	-0.434057	178.660958	0.000868	9.8
719	0.000000	178.530199	0.000000	9.8
720	0.000000	178.399694	0.000000	10.0
721	0.000000	178.269444	0.000000	11.7
722	-0.329228	178.139447	0.000838	8.5
723	-0.071574	178.009702	0.000328	13.4
724	-0.047157	177.880209	0.000576	10.4
725	0.000000	177.750967	0.000000	8.4
726	-0.416066	177.621975	0.000983	8.8
727	-0.217664	177.493232	0.001128	11.1
728	-0.445672	177.364738	0.001162	9.3
729	-0.033233	177.236492	0.000424	9.0
730	-0.059800	177.108492	0.000667	8.9
731	-0.343677	176.980739	0.000786	12.1
732	-0.080878	176.853231	0.000550	15.0
733	-0.003094	176.725968	0.000127	15.0
734	-0.001615	176.598949	0.000030	10.6
735	-0.369628	176.472173	0.001187	10.5
736	0.000000	176.345639	0.000000	9.7
737	-0.417895	176.219348	0.000895	8.9
738	-0.115706	176.093296	0.000893	9.2
739	0.000000	175.967486	0.000000	8.7
740	0.000000	175.841914	0.000000	9.6
741	0.000000	175.716581	0.000000	9.7
742	-0.000000	175.591486	0.000000	8.8
743	-0.157331	175.466629	0.000591	8.4
744	-0.000240	175.342008	0.000023	8.6
745	-0.021061	175.217622	0.000229	9.4
746	0.000000	175.093472	0.000000	8.7
747	-0.165416	174.969556	0.000741	9.3
748	-0.158035	174.845873	0.000663	9.5
749	0.000000	174.722423	0.000000	10.3
750	0.000000	174.599206	0.000000	12.9
751	-0.195465	174.476220	0.000692	8.6
752	-0.398564	174.353464	0.001144	9.3
753	-0.252285	174.230939	0.000808	11.0
754	-0.195464	174.108643	0.000670	11.2
755	0.000000	173.986576	0.000000	10.1
756	-0.154526	173.864737	0.000957	10.2
757	0.000000	173.743124	0.000000	10.2
758	-0.219681	173.621739	0.000765	9.2
759	0.000000	173.500579	0.000000	11.2
760	-0.248069	173.379645	0.000635	9.6
761	-0.172200	173.258935	0.001130	10.3
762	0.000000	173.138449	0.000000	10.1
763	-0.145353	173.018186	0.001134	9.7
764	0.000000	172.898146	0.000000	10.5
765	-0.000000	172.778327	0.000000	9.8
766	-0.010551	172.658730	0.000173	9.4
767	-0.387475	172.539353	0.000818	8.6
768	-0.000000	172.420196	0.000000	9.3
769	-0.421029	172.301258	0.000987	8.7
770	-0.046384	172.182539	0.000203	8.6
771	-0.350940	172.064037	0.000845	10.4
772	-0.437080	171.945753	0.001408	10.1
773	0.000000	171.827686	0.000000	8.8
774	0.000000	171.709834	0.000000	9.9
775	0.000000	171.592198	0.000000	9.4
776	0.000000	171.474776	0.000000	9.7
777	0.000000	171.357568	0.000000	8.5
778	0.000000	171.240574	0.000000	11.1
779	0.000000	171.123793	0.000000	9.2
780	-0.200228	171.007223	0.001299	14.4
781	0.000000	170.890865	0.000000	7.8
782	-0.008259	170.774718	0.001039	10.1
783	-0.357919	170.658782	0.001148	9.9
784	0.000000	170.543055	0.000000	9.2
785	-0.407408	170.427537	0.000836	9.8
786	-0.376787	170.312227	0.001014	10.9
787	0.000000	170.197125	0.000000	8.9
788	-0.003610	170.082231	0.000259	9.6
789	0.000000	169.967543	0.000000	7.7
790	-0.024460	169.853061	0.000293	9.9
791	-0.442198	169.738784	0.001212	8.8
792	-0.162178	169.624713	0.000593	8.5
793	0.000000	169.510845	0.000000	9.6
794	-0.008405	169.397181	0.000293	8.8
795	0.000000	169.283720	0.000000	9.2
796	-0.000000	169.170462	0.000000	9.8
797	-0.417668	169.057405	0.001003	8.6
798	-0.440780	168.944549	0.000977	10.9
799	-0.453950	168.831895	0.001085	9.2
800	-0.118345	168.719440	0.000755	9.0
801	-0.367766	168.607185	0.001344	8.6
802	-0.420646	168.495129	0.000887	8.4
803	-0.150910	168.383271	0.000769	9.5
804	-0.000000	168.271611	0.000000	8.6
805	-0.071848	168.160148	0.000390	10.1
806	-0.000057	168.048882	0.000036	8.8
807	-0.435050	167.937812	0.000982	9.5
808	-0.205979	167.826938	0.001327	10.7
809	-0.175682	167.716258	0.000484	8.1
810	-0.179125	167.605773	0.000953	8.0
811	0.000000	167.495482	0.000000	8.9
812	-0.334856	167.385384	0.000912	8.3
813	-0.013985	167.275479	0.000082	10.0
814	-0.000450	167.165766	0.000050	8.9
815	-0.305520	167.056245	0.001179	10.4
816	0.000000	166.946915	0.000000	9.7
817	-0.088545	166.837776	0.000522	9.0
818	-0.377665	166.728826	0.001033	20.1
819	0.000000	166.620067	0.000000	7.9
820	-0.010987	166.511496	0.000087	9.4
821	-0.000079	166.403113	0.000022	9.7
822	0.000000	166.294919	0.000000	9.5
823	-0.377927	166.186912	0.001173	9.2
824	-0.254615	166.079091	0.001080	8.6
825	-0.000322	165.971458	0.000038	9.8
826	-0.005822	165.864009	0.000038	15.0
827	-0.396839	165.756747	0.001384	8.0
828	-0.224600	165.649669	0.001102	8.9
829	-0.114313	165.542775	0.000322	9.1
830	0.000000	165.436065	0.000000	9.7
831	-0.080982	165.329538	0.000349	10.4
832	-0.271325	165.223194	0.000765	10.3
833	0.000000	165.117032	0.000000	9.0
834	-0.431731	165.011052	0.001185	10.2
835	0.000000	164.905253	0.000000	9.8
836	-0.000000	164.799635	0.000000	9.7
837	-0.316783	164.694197	0.000902	10.4
838	-0.270092	164.588939	0.001538	8.9
839	-0.255834	164.483859	0.000992	8.6
840	0.000000	164.378959	0.000000	11.4
841	0.000000	164.274237	0.000000	7.8
842	-0.211578	164.169692	0.000794	10.0
843	0.000000	164.065325	0.000000	11.7
844	-0.375557	163.961135	0.000630	15.8
845	-0.314520	163.857120	0.001119	9.4
846	0.000000	163.753282	0.000000	10.4
847	0.000000	163.649619	0.000000	9.0
848	-0.341030	163.546130	0.001063	9.0
849	0.000000	163.442816	0.000000	14.0
850	-0.111856	163.339676	0.000409	9.2
851	-0.257538	163.236709	0.001413	9.4
852	0.000000	163.133915	0.000000	9.2
853	0.000000	163.031294	0.000000	8.6
854	-0.020336	162.928844	0.000153	10.7
855	0.000000	162.826566	0.000000	9.8
856	-0.000054	162.724459	0.000009	10.8
857	-0.407641	162.622523	0.001112	10.2
858	0.000000	162.520757	0.000000	10.7
859	-0.446872	162.419160	0.000873	10.0
860	0.000000	162.317733	0.000000	22.3
861	0.000000	162.216474	0.000000	8.0
862	0.000000	162.115383	0.000000	8.8
863	-0.272207	162.014461	0.001090	10.1
864	0.000000	161.913705	0.000000	8.8
865	-0.195907	161.813117	0.001451	8.9
866	0.000000	161.712695	0.000000	8.6
867	0.000000	161.612439	0.000000	8.3
868	0.000000	161.512349	0.000000	11.0
869	-0.360700	161.412424	0.000977	8.6
870	-0.073704	161.312663	0.000225	9.3
871	-0.440157	161.213067	0.000928	8.7
872	-0.000799	161.113635	0.000045	8.5
873	-0.149673	161.014366	0.000508	9.3
874	0.000000	160.915260	0.000000	9.0
875	-0.379641	160.816316	0.000991	8.7
876	0.000000	160.717535	0.000000	8.9
877	-0.013147	160.618915	0.000089	9.9
878	-0.030479	160.520456	0.000206	9.7
879	0.000000	160.422158	0.000000	9.5
880	0.000000	160.324021	0.000000	9.1
881	-0.188580	160.226043	0.000727	9.2
882	0.000000	160.128225	0.000000	8.9
883	-0.123906	160.030566	0.000503	10.1
884	0.000000	159.933066	0.000000	9.7
885	0.000000	159.835723	0.000000	9.4
886	-0.385550	159.738539	0.000855	10.5
887	-0.360998	159.641512	0.000974	9.3
888	-0.041800	159.544642	0.000525	10.1
889	-0.094818	159.447929	0.000540	7.9
890	-0.024015	159.351372	0.000262	7.6
891	-0.214311	159.254971	0.001180	8.8
892	-0.329348	159.158725	0.001249	12.7
893	0.000000	159.062634	0.000000	10.3
894	-0.000849	158.966697	0.000113	10.3
895	0.000000	158.870915	0.000000	8.6
896	0.000000	158.775286	0.000000	9.3
897	0.000000	158.679811	0.000000	9.3
898	-0.011572	158.584489	0.000186	9.1
899	0.000000	158.489319	0.000000	11.8
900	-0.004787	158.394302	0.000056	8.6
901	-0.184044	158.299436	0.001013	9.2
902	-0.330310	158.204721	0.001580	10.0
903	-0.038649	158.110158	0.000634	8.7
904	-0.204120	158.015745	0.000608	9.7
905	0.000000	157.921482	0.000000	10.9
906	-0.433497	157.827369	0.000674	8.3
907	-0.337826	157.733406	0.000936	8.6
908	-0.205956	157.639591	0.000556	9.3
909	0.000000	157.545925	0.000000	20.4
910	0.000000	157.452408	0.000000	7.2
911	-0.054467	157.359038	0.000239	9.0
912	-0.447858	157.265816	0.001014	8.6
913	0.000000	157.172741	0.000000	11.4
914	0.000000	157.079813	0.000000	9.8
915	0.000000	156.987031	0.000000	9.6
916	-0.395078	156.894395	0.000977	11.0
917	0.000000	156.801904	0.000000	9.2
918	0.000000	156.709559	0.000000	12.4
919	0.000000	156.617359	0.000000	7.6
920	-0.372749	156.525304	0.000847	10.6
921	-0.260664	156.433392	0.000825	9.6
922	-0.141536	156.341624	0.000572	8.7
923	-0.306662	156.250000	0.000682	9.9
924	0.000000	156.158519	0.000000	9.5
925	-0.032884	156.067180	0.000334	11.3
926	-0.316508	155.975984	0.000518	10.4
927	-0.000276	155.884930	0.000027	16.8
928	0.000000	155.794017	0.000000	8.0
929	-0.356663	155.703246	0.001322	9.1
930	-0.020122	155.612615	0.000157	9.1
931	-0.469781	155.522125	0.001225	9.3
932	-0.000000	155.431775	0.000000	9.3
933	-0.324407	155.341565	0.000910	9.9
934	-0.003750	155.251495	0.000109	10.2
935	-0.000458	155.161563	0.000022	9.6
936	-0.215246	155.071771	0.000559	18.5
937	0.000000	154.982117	0.000000	7.7
938	0.000000	154.892601	0.000000	9.2
939	-0.372705	154.803222	0.000921	10.0
940	-0.236931	154.713981	0.000797	9.4
941	-0.279625	154.624878	0.000641	10.0
942	-0.002042	154.535910	0.000067	9.2
943	-0.126895	154.447080	0.000605	8.9
944	-0.441234	154.358385	0.000949	9.9
945	0.000000	154.269826	0.000000	9.2
946	-0.374823	154.181402	0.001099	9.0
947	0.000000	154.093114	0.000000	10.8
948	0.000000	154.004960	0.000000	9.6
949	-0.000040	153.916940	0.000021	8.9
950	0.000000	153.829054	0.000000	13.1
951	0.000000	153.741303	0.000000	7.4
952	-0.000003	153.653684	0.000003	22.3
953	-0.320286	153.566198	0.000629	9.9
954	-0.364935	153.478846	0.001026	8.9
955	-0.421927	153.391625	0.001035	8.7
956	-0.385093	153.304537	0.000914	8.7
957	-0.075261	153.217580	0.000473	11.2
958	-0.441871	153.130755	0.001331	8.7
959	0.000000	153.044061	0.000000	9.1
960	-0.000000	152.957498	0.000000	10.2
961	0.000000	152.871065	0.000000	9.4
962	0.000000	152.784762	0.000000	9.6
963	-0.331977	152.698589	0.000919	9.5
964	-0.385673	152.612545	0.000684	9.2
965	-0.172994	152.526631	0.001037	10.1
966	-0.325669	152.440845	0.001072	9.7
967	-0.040274	152.355188	0.000372	8.7
968	-0.189955	152.269660	0.000829	10.8
969	-0.275978	152.184259	0.000709	8.3
970	0.000000	152.098986	0.000000	8.8
971	-0.005176	152.013840	0.000194	9.9
972	0.000000	151.928821	0.000000	9.0
973	-0.148862	151.843928	0.001168	10.2
974	-0.415612	151.759163	0.000972	22.8
975	0.000000	151.674523	0.000000	9.2
976	-0.345603	151.590009	0.000802	8.7
977	-0.009439	151.505620	0.000088	9.7
978	-0.045539	151.421357	0.000431	9.5
979	-0.003529	151.337218	0.000035	8.2
980	-0.318137	151.253204	0.000607	9.9
981	-0.166229	151.169314	0.000426	9.4
982	-0.148922	151.085549	0.000696	9.1
983	0.000000	151.001907	0.000000	11.7
984	-0.000000	150.918388	0.000000	9.3
985	-0.436790	150.834992	0.001406	10.0
986	0.000000	150.751719	0.000000	10.4
987	-0.001194	150.668569	0.000094	8.4
988	-0.195628	150.585541	0.001291	9.3
989	0.000000	150.502634	0.000000	9.0
990	0.000000	150.419849	0.000000	11.7
991	-0.173442	150.337186	0.000542	9.4
992	-0.418285	150.254644	0.001194	9.1
993	0.000000	150.172222	0.000000	9.0
994	0.000000	150.089921	0.000000	10.8
995	0.000000	150.007740	0.000000	8.6
996	-0.068567	149.925679	0.000233	10.6
997	-0.154958	149.843737	0.000514	10.0
998	0.000000	149.761915	0.000000	8.7
999	-0.328892	149.680212	0.001274	10.4
1000	0.000000	149.598627	0.000000	10.4
1001	-0.388355	149.517161	0.001144	9.4
1002	0.000000	149.435814	0.000000	8.9
1003	-0.000000	149.354584	0.000000	9.2
1004	0.000000	149.273472	0.000000	10.7
1005	-0.275127	149.192477	0.000892	9.8
1006	0.000000	149.111599	0.000000	8.7
1007	0.000000	149.030838	0.000000	8.7
1008	0.000000	148.950194	0.000000	10.2
1009	0.000000	148.869666	0.000000	10.9
1010	0.000000	148.789253	0.000000	10.3
1011	-0.384582	148.708957	0.000978	10.6
1012	-0.017628	148.628776	0.000126	8.9
1013	-0.059682	148.548710	0.000297	10.1
1014	-0.096907	148.468759	0.000392	9.6
1015	0.000000	148.388923	0.000000	8.7
1016	-0.444429	148.309201	0.001032	10.2
1017	-0.018189	148.229594	0.000133	10.1
1018	-0.035590	148.150100	0.000090	8.5
1019	0.000000	148.070719	0.000000	9.7
1020	-0.000099	147.991452	0.000031	9.8
1021	0.000000	147.912298	0.000000	9.3
1022	-0.020440	147.833257	0.000103	9.8
1023	0.000000	147.754329	0.000000	8.3
1024	0.000000	147.675512	0.000000	9.4
1025	-0.322242	147.596808	0.001073	7.8
1026	0.000000	147.518216	0.000000	9.5
1027	0.000000	147.439735	0.000000	8.8
1028	-0.077307	147.361365	0.000418	15.1
1029	0.000000	147.283106	0.000000	18.8
1030	0.000000	147.204958	0.000000	8.6
1031	-0.087755	147.126920	0.000660	10.3
1032	0.000000	147.048993	0.000000	8.8
1033	-0.413424	146.971175	0.001280	9.2
1034	-0.229077	146.893468	0.000539	10.2
1035	0.000000	146.815869	0.000000	9.5
1036	-0.014034	146.738380	0.000413	9.2
1037	-0.000230	146.661000	0.000013	8.4
1038	-0.115352	146.583729	0.000718	8.9
1039	-0.101465	146.506566	0.000565	10.5
1040	0.000000	146.429511	0.000000	9.6
1041	-0.228503	146.352565	0.000858	8.9
1042	-0.400489	146.275726	0.001044	10.4
1043	-0.392937	146.198994	0.001034	10.7
1044	-0.365800	146.122370	0.000910	8.9
1045	-0.334280	146.045853	0.000861	10.4
1046	-0.288545	145.969442	0.001057	19.4
1047	0.000000	145.893139	0.000000	8.6
1048	-0.282600	145.816941	0.001047	9.5
1049	-0.142775	145.740849	0.000731	10.0
1050	0.000000	145.664863	0.000000	8.2
1051	0.000000	145.588983	0.000000	9.7
1052	-0.370055	145.513208	0.001382	8.8
1053	-0.230532	145.437538	0.001042	8.3
1054	0.000000	145.361973	0.000000	8.7
1055	-0.000000	145.286513	0.000000	8.4
1056	-0.041493	145.211157	0.000581	9.6
1057	-0.200247	145.135905	0.001385	8.5
1058	-0.019293	145.060757	0.000114	8.9
1059	0.000000	144.985712	0.000000	8.3
1060	-0.000000	144.910771	0.000000	9.4
1061	0.000000	144.835934	0.000000	8.9
1062	-0.026223	144.761199	0.000376	10.5
1063	-0.451723	144.686567	0.000833	10.0
1064	-0.069516	144.612037	0.000371	10.3
1065	0.000000	144.537610	0.000000	10.5
1066	0.000000	144.463285	0.000000	10.1
1067	-0.112432	144.389062	0.000455	9.7
1068	-0.174367	144.314940	0.001204	9.0
1069	0.000000	144.240920	0.000000	9.8
1070	-0.014030	144.167001	0.000147	9.1
1071	-0.035437	144.093182	0.000262	7.8
1072	0.000000	144.019465	0.000000	9.4
1073	-0.010458	143.945848	0.000271	9.3
1074	0.000000	143.872331	0.000000	9.2
1075	-0.270656	143.798914	0.000795	8.5
1076	-0.363725	143.725597	0.000796	9.7
1077	-0.116037	143.652380	0.001410	10.7
1078	-0.411984	143.579262	0.001235	9.6
1079	-0.145660	143.506243	0.000650	8.9
1080	-0.006171	143.433323	0.000322	11.8
1081	0.000000	143.360502	0.000000	7.3
1082	-0.174710	143.287780	0.000998	8.9
1083	-0.378674	143.215155	0.001167	10.2
1084	-0.276899	143.142629	0.001324	9.0
1085	-0.489713	143.070201	0.001041	10.3
1086	-0.234844	142.997870	0.000458	8.7
1087	-0.000000	142.925637	0.000000	9.3
1088	-0.347755	142.853501	0.001109	9.9
1089	-0.418998	142.781462	0.000765	8.6
1090	-0.253356	142.709519	0.000911	10.1
1091	-0.000023	142.637674	0.000013	8.6
1092	-0.417223	142.565924	0.000854	10.5
1093	-0.004721	142.494271	0.000180	11.6
1094	-0.207455	142.422714	0.000433	28.8
1095	-0.378270	142.351252	0.000750	8.4
1096	0.000000	142.279886	0.000000	10.6
1097	-0.000393	142.208616	0.000000	10.3
1098	-0.000640	142.137440	0.000051	8.3
1099	-0.258550	142.066360	0.001157	12.1
1100	-0.036859	141.995374	0.000268	8.4
1101	-0.000644	141.924483	0.000270	7.5
1102	-0.390693	141.853685	0.001037	11.6
1103	-0.385447	141.782983	0.000961	8.9
1104	0.000000	141.712373	0.000000	9.7
1105	-0.191065	141.641858	0.000834	9.3
1106	0.000000	141.571436	0.000000	8.1
1107	0.000000	141.501108	0.000000	9.6
1108	-0.000000	141.430872	0.000000	9.7
1109	-0.278649	141.360730	0.001341	10.4
1110	0.000000	141.290680	0.000000	9.3
1111	-0.000007	141.220722	0.000005	10.5
1112	-0.348143	141.150857	0.001023	9.3
1113	0.000000	141.081084	0.000000	10.0
1114	-0.020234	141.011403	0.000333	8.1
1115	-0.221257	140.941813	0.001176	9.6
1116	0.000000	140.872315	0.000000	8.9
1117	-0.309171	140.802909	0.000732	10.2
1118	-0.083847	140.733593	0.000405	10.2
1119	0.000000	140.664369	0.000000	8.7
1120	-0.119053	140.595235	0.000332	17.4
1121	0.000000	140.526192	0.000000	8.0
1122	-0.185414	140.457239	0.000795	9.6
1123	0.000000	140.388376	0.000000	8.4
1124	-0.368932	140.319603	0.001233	10.3
1125	0.000000	140.250920	0.000000	10.0
1126	-0.146460	140.182326	0.000441	9.2
1127	-0.052486	140.113822	0.000475	10.2
1128	-0.000000	140.045407	0.000000	8.5
1129	0.000000	139.977081	0.000000	12.9
1130	-0.042726	139.908844	0.000136	9.9
1131	-0.000248	139.840696	0.000030	9.9
1132	-0.395705	139.772635	0.000975	9.8
1133	0.000000	139.704664	0.000000	9.7
1134	0.000000	139.636780	0.000000	9.6
1135	-0.369849	139.568984	0.001233	9.7
1136	0.000000	139.501276	0.000000	10.2
1137	-0.355328	139.433655	0.001198	10.1
1138	-0.161230	139.366122	0.000446	9.8
1139	-0.393809	139.298676	0.000980	9.3
1140	-0.291654	139.231317	0.001096	14.2
1141	-0.335728	139.164045	0.000823	8.7
1142	-0.349641	139.096859	0.001084	9.8
1143	-0.382683	139.029760	0.000753	8.9
1144	-0.000000	138.962747	0.000000	11.0
1145	-0.436977	138.895820	0.001096	9.6
1146	-0.000000	138.828978	0.000000	9.3
1147	0.000000	138.762223	0.000000	10.1
1148	0.000000	138.695553	0.000000	9.2
1149	-0.000046	138.628969	0.000006	14.4
1150	-0.426465	138.562469	0.001109	9.0
1151	0.000000	138.496055	0.000000	9.9
1152	-0.281975	138.429725	0.000617	9.6
1153	-0.106680	138.363481	0.000817	8.8
1154	0.000000	138.297320	0.000000	10.4
1155	0.000000	138.231244	0.000000	9.2
1156	-0.057748	138.165252	0.000249	9.3
1157	-0.332209	138.099344	0.000891	10.4
1158	0.000000	138.033520	0.000000	8.9
1159	-0.371211	137.967779	0.000790	9.7
1160	-0.019908	137.902122	0.000201	9.0
1161	-0.000000	137.836548	0.000000	9.7
1162	0.000000	137.771057	0.000000	8.2
1163	-0.213129	137.705649	0.001201	9.6
1164	-0.270076	137.640324	0.000993	8.6
1165	-0.413276	137.575081	0.001059	9.7
1166	-0.377025	137.509921	0.000911	8.5
1167	0.000000	137.444842	0.000000	9.6
1168	-0.382813	137.379846	0.000967	9.0
1169	-0.164950	137.314932	0.000713	9.3
1170	-0.377088	137.250100	0.001030	8.6
1171	0.000000	137.185349	0.000000	8.9
1172	-0.378253	137.120680	0.001330	10.7
1173	0.000000	137.056092	0.000000	9.1
1174	-0.047143	136.991585	0.001668	14.1
1175	-0.000000	136.927158	0.000000	9.4
1176	0.000000	136.862813	0.000000	11.4
1177	0.000000	136.798548	0.000000	8.2
1178	-0.258673	136.734363	0.000462	9.7
1179	0.000000	136.670259	0.000000	13.4
1180	-0.221921	136.606235	0.000422	8.8
1181	-0.153579	136.542291	0.001014	10.1
1182	-0.094585	136.478426	0.000468	10.6
1183	-0.417705	136.414641	0.000976	9.2
1184	-0.104345	136.350936	0.000425	9.4
1185	-0.000001	136.287310	0.000001	19.9
1186	-0.426204	136.223763	0.000933	8.3
1187	-0.108168	136.160295	0.000359	9.1
1188	-0.463945	136.096905	0.000858	9.9
1189	-0.380750	136.033594	0.001051	10.9
1190	-0.407509	135.970362	0.000953	9.4
1191	-0.018951	135.907208	0.000332	10.0
1192	0.000000	135.844133	0.000000	8.4
1193	-0.169790	135.781135	0.000632	7.7
1194	-0.002738	135.718215	0.001467	10.2
1195	0.000000	135.655373	0.000000	11.9
1196	-0.000000	135.592608	0.000000	10.2
1197	-0.025780	135.529921	0.000253	9.8
1198	0.000000	135.467311	0.000000	9.8
1199	-0.404575	135.404778	0.001128	8.7
1200	0.000000	135.342322	0.000000	10.6
1201	0.000000	135.279942	0.000000	10.2
1202	0.000000	135.217640	0.000000	10.9
1203	-0.000025	135.155413	0.000030	8.5
1204	-0.002140	135.093263	0.000077	8.7
1205	0.000000	135.031190	0.000000	8.1
1206	0.000000	134.969192	0.000000	9.4
1207	0.000000	134.907270	0.000000	8.5
1208	-0.001147	134.845424	0.000021	10.7
1209	0.000000	134.783653	0.000000	9.8
1210	0.000000	134.721958	0.000000	11.1
1211	0.000000	134.660338	0.000000	9.8
1212	-0.000000	134.598793	0.000000	9.9
1213	-0.049319	134.537323	0.000296	9.7
1214	-0.002279	134.475927	0.000037	9.8
1215	-0.406725	134.414607	0.000784	9.8
1216	-0.341208	134.353361	0.000746	10.0
1217	-0.065700	134.292189	0.000517	9.3
1218	-0.001620	134.231092	0.000126	9.6
1219	0.000000	134.170068	0.000000	11.3
1220	0.000000	134.109119	0.000000	9.2
1221	-0.012268	134.048243	0.000180	12.1
1222	-0.027227	133.987441	0.000420	9.5
1223	0.000000	133.926713	0.000000	9.9
1224	-0.355694	133.866057	0.001307	9.2
1225	-0.017199	133.805475	0.000355	9.8
1226	0.000000	133.744966	0.000000	9.9
1227	-0.204581	133.684530	0.000703	9.0
1228	0.000000	133.624167	0.000000	10.1
1229	-0.413504	133.563877	0.001256	8.9
1230	-0.003295	133.503658	0.000171	8.8
1231	-0.315736	133.443513	0.000672	11.8
1232	0.000000	133.383439	0.000000	9.2
1233	0.000000	133.323437	0.000000	9.4
1234	-0.160830	133.263508	0.001195	9.9
1235	-0.001181	133.203650	0.000103	8.5
1236	-0.246214	133.143864	0.001416	9.1
1237	-0.440515	133.084149	0.001057	7.5
1238	0.000000	133.024506	0.000000	9.6
1239	-0.122173	132.964934	0.000799	13.7
1240	-0.358011	132.905433	0.001095	8.4
1241	-0.373299	132.846003	0.001105	9.4
1242	0.000000	132.786643	0.000000	10.1
1243	0.000000	132.727355	0.000000	8.9
1244	-0.240892	132.668137	0.000560	9.6
1245	0.000000	132.608989	0.000000	9.7
1246	-0.296030	132.549912	0.001301	8.2
1247	-0.413384	132.490904	0.000798	9.2
1248	-0.002788	132.431967	0.000088	8.8
1249	0.000000	132.373100	0.000000	8.9
1250	-0.003832	132.314302	0.000022	10.7
1251	-0.181165	132.255574	0.001176	8.3
1252	-0.378603	132.196916	0.001132	10.1
1253	0.000000	132.138326	0.000000	9.0
1254	0.000000	132.079806	0.000000	9.0
1255	0.000000	132.021355	0.000000	10.4
1256	-0.323732	131.962973	0.000630	8.3
1257	-0.438072	131.904660	0.000987	10.1
1258	0.000000	131.846415	0.000000	10.0
1259	-0.369558	131.788239	0.000873	8.6
1260	-0.320521	131.730131	0.001043	10.4
1261	-0.243522	131.672092	0.000751	9.0
1262	0.000000	131.614121	0.000000	8.8
1263	0.000000	131.556217	0.000000	8.9
1264	-0.329513	131.498382	0.000886	9.1
1265	-0.137820	131.440614	0.000971	10.0
1266	0.000000	131.382914	0.000000	8.7
1267	0.000000	131.325282	0.000000	9.6
1268	0.000000	131.267717	0.000000	10.2
1269	-0.143281	131.210219	0.000520	9.2
1270	-0.034087	131.152788	0.000174	9.0
1271	0.000000	131.095424	0.000000	9.0
1272	0.000000	131.038127	0.000000	11.5
1273	-0.012020	130.980897	0.000136	34.3
1274	-0.450354	130.923733	0.000813	11.0
1275	-0.018819	130.866636	0.000225	9.1
1276	-0.273206	130.809605	0.000554	9.2
1277	-0.164912	130.752641	0.000594	9.1
1278	-0.004539	130.695742	0.000065	9.1
1279	-0.129586	130.638910	0.000583	9.9
1280	-0.375096	130.582143	0.000869	10.2
1281	0.000000	130.525442	0.000000	12.8
1282	0.000000	130.468807	0.000000	8.8
1283	-0.410229	130.412237	0.000851	10.1
1284	-0.011822	130.355733	0.000067	8.8
1285	-0.000000	130.299294	0.000000	12.0
1286	-0.284845	130.242920	0.000792	11.5
1287	-0.000003	130.186611	0.000004	13.6
1288	-0.376847	130.130366	0.001009	8.9
1289	0.000000	130.074187	0.000000	9.2
1290	-0.015000	130.018072	0.000277	9.6
1291	0.000000	129.962022	0.000000	9.2
1292	-0.244935	129.906036	0.000635	9.9
1293	0.000000	129.850114	0.000000	9.9
1294	0.000000	129.794257	0.000000	8.7
1295	-0.380440	129.738463	0.001117	10.0
1296	-0.070332	129.682734	0.000952	7.8
1297	-0.379748	129.627068	0.001335	9.1
1298	-0.125209	129.571466	0.000587	8.9
1299	-0.001156	129.515927	0.000389	9.1
1300	0.000000	129.460452	0.000000	10.3
1301	-0.009657	129.405040	0.000230	9.4
1302	-0.036285	129.349692	0.000425	9.9
1303	0.000000	129.294406	0.000000	10.2
1304	-0.000000	129.239183	0.000000	12.5
1305	0.000000	129.184024	0.000000	8.4
1306	-0.064950	129.128927	0.000280	10.1
1307	-0.000668	129.073892	0.000203	9.6
1308	-0.195586	129.018921	0.000998	10.4
1309	0.000000	128.964011	0.000000	10.0
1310	0.000000	128.909164	0.000000	9.5
1311	-0.005988	128.854379	0.000068	9.6
1312	-0.000000	128.799656	0.000000	10.0
1313	-0.294217	128.744995	0.001325	11.1
1314	0.000000	128.690396	0.000000	9.3
1315	0.000000	128.635858	0.000000	9.6
1316	-0.028268	128.581382	0.000349	10.1
1317	-0.417109	128.526968	0.001100	9.1
1318	-0.000739	128.472615	0.000007	11.0
1319	-0.205451	128.418323	0.001477	8.4
1320	-0.102395	128.364092	0.000450	8.9
1321	-0.011880	128.309922	0.000163	11.7
1322	-0.000453	128.255814	0.000037	8.5
1323	0.000000	128.201766	0.000000	10.6
1324	-0.013312	128.147778	0.000170	9.3
1325	-0.148867	128.093852	0.000585	8.4
1326	0.000000	128.039985	0.000000	9.4
1327	-0.014271	127.986180	0.000348	9.8
1328	-0.262456	127.932434	0.000689	10.1
1329	0.000000	127.878749	0.000000	11.3
1330	-0.018522	127.825123	0.000160	8.6
1331	0.000000	127.771558	0.000000	10.7
1332	-0.178638	127.718052	0.001004	9.6
1333	-0.098452	127.664606	0.000437	8.4
1334	0.000000	127.611220	0.000000	10.9
1335	-0.001211	127.557893	0.000026	8.8
1336	-0.003966	127.504625	0.000115	8.5
1337	0.000000	127.451417	0.000000	9.3
1338	-0.184528	127.398268	0.000987	8.5
1339	0.000000	127.345178	0.000000	10.9
1340	-0.000000	127.292147	0.000000	10.2
1341	-0.338161	127.239175	0.001216	8.4
1342	-0.219203	127.186261	0.001461	9.7
1343	-0.058700	127.133407	0.000280	10.6
1344	-0.324376	127.080610	0.000954	9.4
1345	-0.072439	127.027872	0.000279	8.5
1346	-0.363994	126.975193	0.000819	8.3
1347	0.000000	126.922572	0.000000	9.6
1348	-0.428021	126.870008	0.000767	9.0
1349	-0.205347	126.817503	0.000424	9.4
1350	-0.004689	126.765056	0.000167	8.9
1351	0.000000	126.712667	0.000000	8.8
1352	0.000000	126.660335	0.000000	10.3
1353	0.000000	126.608061	0.000000	9.2
1354	-0.020257	126.555844	0.000106	9.6
1355	-0.054889	126.503685	0.000408	9.2
1356	-0.373130	126.451583	0.001124	9.7
1357	-0.033110	126.399538	0.000268	9.7
1358	-0.002912	126.347550	0.000014	8.3
1359	-0.110658	126.295619	0.000482	10.3
1360	-0.000000	126.243745	0.000000	10.4
1361	-0.060294	126.191928	0.000384	12.1
1362	-0.223061	126.140168	0.000695	8.9
1363	-0.415727	126.088464	0.000975	9.2
1364	-0.192825	126.036817	0.000927	9.6
1365	-0.285367	125.985226	0.000617	9.8
1366	-0.424705	125.933691	0.001169	10.4
1367	0.000000	125.882212	0.000000	8.4
1368	-0.219680	125.830790	0.000547	9.3
1369	0.000000	125.779423	0.000000	9.1
1370	-0.390419	125.728113	0.001208	8.6
1371	-0.492705	125.676858	0.001520	10.0
1372	0.000000	125.625659	0.000000	18.1
1373	-0.112692	125.574515	0.000680	8.7
1374	-0.049395	125.523427	0.000244	11.5
1375	-0.000000	125.472394	0.000000	9.6
1376	-0.000000	125.421417	0.000000	8.6
1377	0.000000	125.370495	0.000000	10.6
1378	-0.000002	125.319628	0.000000	9.1
1379	-0.417007	125.268815	0.001336	9.7
1380	0.000000	125.218058	0.000000	9.9
1381	-0.000504	125.167356	0.000045	10.8
1382	-0.365378	125.116708	0.001149	8.5
1383	0.000000	125.066115	0.000000	10.3
1384	0.000000	125.015576	0.000000	9.8
1385	-0.001904	124.965092	0.000003	8.3
1386	-0.143228	124.914662	0.000549	9.8
1387	-0.337233	124.864287	0.001339	9.2
1388	-0.217721	124.813965	0.000858	9.3
1389	0.000000	124.763698	0.000000	16.4
1390	-0.005555	124.713485	0.000051	9.2
1391	-0.425317	124.663325	0.001077	8.4
1392	-0.000000	124.613219	0.000000	10.3
1393	0.000000	124.563167	0.000000	8.5
1394	-0.275827	124.513168	0.000662	9.0
1395	0.000000	124.463223	0.000000	10.1
1396	-0.032919	124.413332	0.000222	9.7
1397	0.000000	124.363493	0.000000	10.2
1398	-0.000068	124.313708	0.000017	10.6
1399	-0.036232	124.263976	0.000214	18.4
1400	0.000000	124.214297	0.000000	8.2
1401	-0.000935	124.164671	0.000038	9.6
1402	-0.022642	124.115097	0.000281	9.9
1403	-0.353272	124.065577	0.000938	9.1
1404	-0.000000	124.016109	0.000001	9.8
1405	0.000000	123.966693	0.000000	9.1
1406	-0.091340	123.917330	0.000448	10.9
1407	-0.267359	123.868020	0.000656	9.7
1408	0.000000	123.818762	0.000000	9.8
1409	0.000000	123.769556	0.000000	8.9
1410	0.000000	123.720402	0.000000	11.3
1411	0.000000	123.671300	0.000000	9.2
1412	-0.316738	123.622250	0.000625	12.8
1413	-0.003900	123.573252	0.000158	9.1
1414	-0.401378	123.524305	0.000771	8.3
1415	0.000000	123.475411	0.000000	8.0
1416	-0.053749	123.426568	0.000331	10.7
1417	-0.426646	123.377776	0.000868	20.7
1418	0.000000	123.329036	0.000000	8.2
1419	0.000000	123.280347	0.000000	8.0
1420	0.000000	123.231709	0.000000	10.1
1421	-0.208365	123.183122	0.001264	8.6
1422	-0.396768	123.134587	0.001034	9.3
1423	-0.067824	123.086102	0.000273	10.1
1424	-0.000063	123.037669	0.000050	14.0
1425	-0.361782	122.989286	0.000818	9.2
1426	0.000000	122.940954	0.000000	10.1
1427	0.000000	122.892672	0.000000	9.4
1428	0.000000	122.844441	0.000000	9.6
1429	-0.243533	122.796261	0.000812	10.3
1430	-0.000000	122.748130	0.000000	8.2
1431	-0.394531	122.700050	0.000873	9.2
1432	-0.047179	122.652021	0.000208	9.8
1433	-0.200731	122.604041	0.000610	9.2
1434	-0.401083	122.556111	0.001239	11.5
1435	-0.156149	122.508232	0.000641	8.7
1436	0.000000	122.460402	0.000000	9.7
1437	0.000000	122.412622	0.000000	9.7
1438	-0.109531	122.364891	0.000521	8.1
1439	-0.190592	122.317210	0.001084	10.0
1440	-0.203879	122.269579	0.001323	8.6
1441	-0.071366	122.221997	0.000391	8.9
1442	-0.436484	122.174465	0.001001	9.4
1443	-0.377247	122.126981	0.001053	12.0
1444	0.000000	122.079547	0.000000	9.0
1445	0.000000	122.032162	0.000000	10.9
1446	0.000000	121.984826	0.000000	9.6
1447	-0.258783	121.937539	0.001202	10.8
1448	-0.203976	121.890301	0.000970	11.3
1449	-0.014615	121.843112	0.000302	9.1
1450	-0.058640	121.795971	0.000629	10.0
1451	-0.000000	121.748879	0.000000	12.0
1452	0.000000	121.701835	0.000000	8.9
1453	0.000000	121.654840	0.000000	13.0
1454	-0.395898	121.607893	0.001029	9.7
1455	-0.000806	121.560994	0.000042	10.2
1456	-0.034882	121.514144	0.000252	10.0
1457	-0.414080	121.467342	0.001091	11.1
1458	-0.321293	121.420588	0.000695	9.9
1459	-0.147531	121.373882	0.000393	9.0
1460	-0.414362	121.327223	0.001009	9.4
1461	-0.390531	121.280613	0.000980	9.4
1462	-0.113582	121.234050	0.000535	8.1
1463	-0.000000	121.187535	0.000000	9.7
1464	0.000000	121.141067	0.000000	9.1
1465	0.000000	121.094647	0.000000	12.0
1466	0.000000	121.048274	0.000000	8.5
1467	-0.143007	121.001949	0.000561	7.2
1468	-0.075669	120.955671	0.000369	8.5
1469	-0.311518	120.909440	0.001078	9.6
1470	-0.351558	120.863256	0.000861	9.0
1471	-0.349049	120.817119	0.000869	9.6
1472	-0.337110	120.771029	0.001127	8.7
1473	-0.043344	120.724986	0.000473	9.5
1474	0.000000	120.678990	0.000000	9.4
1475	-0.348729	120.633040	0.000960	8.8
1476	0.000000	120.587137	0.000000	10.4
1477	-0.102856	120.541281	0.000473	8.7
1478	-0.362186	120.495471	0.001125	10.5
1479	-0.383314	120.449707	0.001054	10.3
1480	-0.008209	120.403990	0.000279	9.7
1481	-0.183872	120.358319	0.000807	9.4
1482	-0.376865	120.312694	0.001088	9.4
1483	-0.006550	120.267115	0.000024	8.2
1484	-0.072947	120.221582	0.000307	8.9
1485	-0.386853	120.176096	0.001205	8.7
1486	0.000000	120.130655	0.000000	8.4
1487	0.000000	120.085260	0.000000	8.8
1488	0.000000	120.039910	0.000000	8.6
1489	-0.000079	119.994606	0.000066	10.3
1490	0.000000	119.949348	0.000000	12.4
1491	0.000000	119.904135	0.000000	9.8
1492	-0.095207	119.858968	0.000607	9.5
1493	-0.322023	119.813846	0.001303	10.1
1494	-0.358811	119.768769	0.000750	9.5
1495	-0.184767	119.723738	0.000481	9.4
1496	-0.227032	119.678752	0.001253	8.5
1497	-0.032054	119.633810	0.000208	9.4
1498	0.000000	119.588914	0.000000	9.6
1499	-0.000000	119.544062	0.000000	10.6
1500	-0.000000	119.499256	0.000000	13.7
1501	-0.414102	119.454494	0.000805	9.7
1502	0.000000	119.409777	0.000000	8.6
1503	-0.136144	119.365104	0.000391	8.7
1504	0.000000	119.320476	0.000000	10.5
1505	-0.431369	119.275893	0.000798	8.9
1506	-0.263503	119.231353	0.000460	9.5
1507	-0.158856	119.186859	0.000661	10.2
1508	-0.000000	119.142408	0.000000	9.1
1509	-0.003782	119.098002	0.000147	12.5
1510	0.000000	119.053639	0.000000	11.7
1511	-0.239305	119.009321	0.001175	9.8
1512	-0.000000	118.965047	0.000000	11.1
1513	-0.070778	118.920816	0.000277	11.3
1514	0.000000	118.876630	0.000000	9.4
1515	0.000000	118.832487	0.000000	8.3
1516	-0.000076	118.788388	0.000008	10.3
1517	-0.009013	118.744332	0.000058	8.7
1518	0.000000	118.700320	0.000000	8.0
1519	-0.138013	118.656352	0.000434	8.9
1520	-0.006815	118.612427	0.000056	9.7
1521	-0.189751	118.568545	0.001255	8.9
1522	0.000000	118.524706	0.000000	8.2
1523	-0.308326	118.480911	0.001189	11.1
1524	0.000000	118.437159	0.000000	8.2
1525	-0.378507	118.393450	0.000697	10.0
1526	0.000000	118.349784	0.000000	9.4
1527	-0.347932	118.306160	0.000864	7.9
1528	-0.439178	118.262580	0.001164	8.8
1529	-0.000127	118.219042	0.000002	8.4
1530	0.000000	118.175548	0.000000	9.7
1531	0.000000	118.132095	0.000000	10.2
1532	-0.330803	118.088686	0.001364	9.5
1533	0.000000	118.045319	0.000000	9.7
1534	-0.325400	118.001994	0.000855	9.3
1535	-0.451414	117.958712	0.000827	9.5
1536	-0.368784	117.915472	0.001081	10.1
1537	-0.355955	117.872274	0.001144	17.6
1538	0.000000	117.829118	0.000000	8.1
1539	0.000000	117.786005	0.000000	8.5
1540	-0.190932	117.742933	0.000997	9.7
1541	0.000000	117.699904	0.000000	10.3
1542	0.000000	117.656916	0.000000	9.0
1543	-0.264317	117.613971	0.001519	9.8
1544	-0.007948	117.571067	0.000098	10.4
1545	-0.332448	117.528205	0.001218	9.5
1546	0.000000	117.485384	0.000000	9.1
1547	-0.120827	117.442605	0.000458	8.4
1548	-0.049716	117.399867	0.000600	9.7
1549	-0.057174	117.357171	0.000306	10.2
1550	0.000000	117.314517	0.000000	10.9
1551	0.000000	117.271903	0.000000	9.4
1552	0.000000	117.229331	0.000000	9.9
1553	-0.000000	117.186800	0.000000	9.8
1554	-0.228777	117.144311	0.001053	9.9
1555	-0.398061	117.101862	0.001044	7.9
1556	-0.195843	117.059454	0.001073	9.3
1557	-0.318607	117.017087	0.000984	20.4
1558	-0.069615	116.974762	0.000377	8.6
1559	0.000000	116.932476	0.000000	13.2
1560	0.000000	116.890232	0.000000	9.4
1561	-0.073963	116.848028	0.000267	10.6
1562	0.000000	116.805865	0.000000	9.5
1563	-0.399688	116.763743	0.001036	11.0
1564	-0.000000	116.721661	0.000000	10.7
1565	0.000000	116.679619	0.000000	9.5
1566	-0.000000	116.637618	0.000000	11.0
1567	-0.004405	116.595657	0.000128	10.1
1568	-0.417781	116.553736	0.000854	8.3
1569	0.000000	116.511855	0.000000	11.6
1570	-0.266848	116.470015	0.000678	8.5
1571	0.000000	116.428214	0.000000	9.4
1572	-0.163387	116.386454	0.001036	10.2
1573	-0.028260	116.344733	0.000165	9.2
1574	-0.166526	116.303052	0.000708	10.5
1575	0.000000	116.261412	0.000000	10.2
1576	-0.276544	116.219810	0.000893	9.7
1577	-0.111372	116.178249	0.000875	7.8
1578	0.000000	116.136727	0.000000	9.4
1579	-0.004165	116.095245	0.000056	8.5
1580	-0.399030	116.053802	0.001494	10.1
1581	0.000000	116.012398	0.000000	7.6
1582	-0.001047	115.971034	0.000103	8.6
1583	0.000000	115.929710	0.000000	9.7
1584	-0.000096	115.888424	0.000019	10.4
1585	-0.000000	115.847178	0.000000	10.3
1586	0.000000	115.805970	0.000000	9.6
1587	0.000000	115.764802	0.000000	8.4
1588	-0.398615	115.723673	0.000887	9.9
1589	-0.401072	115.682583	0.001213	8.0
1590	0.000000	115.641532	0.000000	15.1
1591	-0.190355	115.600519	0.000432	9.4
1592	0.000000	115.559546	0.000000	9.8
1593	-0.212337	115.518610	0.000818	10.6
1594	-0.000000	115.477714	0.000000	11.1
1595	-0.465337	115.436856	0.000847	8.7
1596	-0.397632	115.396037	0.000798	9.2
1597	0.000000	115.355256	0.000000	9.7
1598	0.000000	115.314514	0.000000	9.5
1599	-0.265826	115.273810	0.000612	9.2
1600	0.000000	115.233144	0.000000	9.9
1601	-0.030964	115.192517	0.000331	9.7
1602	0.000000	115.151927	0.000000	9.2
1603	0.000000	115.111376	0.000000	10.2
1604	0.000000	115.070863	0.000000	8.0
1605	0.000000	115.030388	0.000000	9.4
1606	-0.221805	114.989951	0.000397	10.3
1607	-0.390573	114.949551	0.001308	10.6
1608	-0.092172	114.909190	0.000350	9.0
1609	-0.236792	114.868866	0.000735	8.5
1610	-0.119543	114.828580	0.000606	9.3
1611	-0.427760	114.788332	0.001270	10.3
1612	-0.131249	114.748121	0.000747	8.3
1613	0.000000	114.707948	0.000000	8.8
1614	-0.374857	114.667812	0.000953	9.3
1615	-0.142714	114.627714	0.000274	7.8
1616	0.000000	114.587653	0.000000	10.3
1617	-0.205280	114.547629	0.001488	9.3
1618	-0.260387	114.507643	0.000485	8.8
1619	-0.132877	114.467693	0.000490	8.1
1620	-0.313349	114.427781	0.000887	9.2
1621	-0.000005	114.387907	0.000005	10.8
1622	0.000000	114.348069	0.000000	9.0
1623	-0.173175	114.308268	0.000531	14.8
1624	-0.249077	114.268504	0.000695	9.7
1625	-0.040563	114.228777	0.000303	8.5
1626	0.000000	114.189086	0.000000	8.4
1627	-0.285231	114.149433	0.000756	9.5
1628	-0.285752	114.109816	0.000755	9.0
1629	0.000000	114.070235	0.000000	8.8
1630	-0.194249	114.030692	0.001102	15.6
1631	-0.349501	113.991185	0.000972	8.2
1632	-0.230296	113.951714	0.000437	9.0
1633	-0.069169	113.912280	0.000563	10.8
1634	-0.413844	113.872882	0.000869	8.7
1635	-0.000192	113.833521	0.000105	10.0
1636	-0.319397	113.794195	0.000976	9.9
1637	-0.329943	113.754906	0.000960	9.3
1638	-0.198134	113.715653	0.000993	9.5
1639	0.000000	113.676437	0.000000	9.9
1640	-0.002921	113.637256	0.000013	9.9
1641	-0.001459	113.598111	0.000086	9.1
1642	0.000000	113.559002	0.000000	9.7
1643	-0.037368	113.519929	0.000448	9.3
1644	0.000000	113.480892	0.000000	10.8
1645	-0.003414	113.441891	0.000114	9.4
1646	-0.116225	113.402925	0.000545	9.7
1647	-0.013303	113.363995	0.000374	9.5
1648	-0.004276	113.325101	0.000177	9.1
1649	0.000000	113.286242	0.000000	10.2
1650	-0.000000	113.247419	0.000000	16.3
1651	-0.243911	113.208631	0.000573	9.7
1652	-0.000000	113.169879	0.000000	9.7
1653	0.000000	113.131162	0.000000	9.7
1654	0.000000	113.092480	0.000000	9.1
1655	-0.312799	113.053833	0.001147	10.5
1656	-0.235457	113.015222	0.000587	9.5
1657	-0.001656	112.976646	0.000034	9.7
1658	-0.146724	112.938105	0.000632	9.6
1659	0.000000	112.899599	0.000000	11.3
1660	-0.217995	112.861128	0.000624	9.4
1661	-0.443241	112.822692	0.001049	9.6
1662	0.000000	112.784291	0.000000	9.9
1663	-0.226954	112.745924	0.000675	9.6
1664	-0.071921	112.707593	0.000325	9.0
1665	-0.004018	112.669296	0.000054	9.6
1666	-0.322456	112.631034	0.000833	9.4
1667	-0.316428	112.592806	0.000641	11.0
1668	0.000000	112.554613	0.000000	9.2
1669	-0.000008	112.516455	0.000005	8.9
1670	0.000000	112.478331	0.000000	9.7
1671	-0.422858	112.440241	0.000947	8.4
1672	-0.203826	112.402186	0.000591	10.0
1673	-0.147002	112.364165	0.000506	8.8
1674	0.000000	112.326179	0.000000	9.4
1675	0.000000	112.288227	0.000000	9.9
1676	-0.413116	112.250309	0.000981	12.1
1677	-0.195549	112.212425	0.001042	9.9
1678	-0.000000	112.174575	0.000000	9.9
1679	-0.220456	112.136759	0.000688	12.0
1680	0.000000	112.098977	0.000000	9.7
1681	-0.416748	112.061229	0.000979	9.3
1682	-0.001479	112.023515	0.000063	7.9
1683	-0.362901	111.985834	0.001372	9.4
1684	-0.414661	111.948188	0.000969	9.1
1685	-0.000000	111.910575	0.000000	11.3
1686	-0.430204	111.872996	0.001025	10.3
1687	-0.147224	111.835450	0.000720	10.1
1688	-0.385648	111.797939	0.000880	7.8
1689	-0.089629	111.760460	0.000299	9.5
1690	-0.447117	111.723015	0.001126	9.3
1691	0.000000	111.685604	0.000000	8.4
1692	-0.419182	111.648226	0.001108	9.4
1693	-0.000208	111.610881	0.000086	10.1
1694	0.000000	111.573570	0.000000	9.6
1695	-0.414005	111.536292	0.001020	12.3
1696	-0.430006	111.499047	0.000868	8.9
1697	0.000000	111.461835	0.000000	10.5
1698	0.000000	111.424656	0.000000	9.5
1699	-0.022958	111.387510	0.000430	8.4
1700	-0.385576	111.350398	0.000934	9.8
1701	0.000000	111.313318	0.000000	10.1
1702	-0.006938	111.276271	0.000192	9.0
1703	-0.000115	111.239257	0.000010	7.4
1704	-0.371606	111.202276	0.001072	7.6
1705	-0.000000	111.165328	0.000000	9.0
1706	-0.028038	111.128412	0.000154	8.7
1707	-0.110479	111.091529	0.000538	9.0
1708	0.000000	111.054679	0.000000	10.4
1709	-0.008286	111.017861	0.000119	7.9
1710	-0.100599	110.981076	0.000146	9.5
1711	-0.126120	110.944323	0.000416	9.3
1712	-0.331703	110.907603	0.000712	12.9
1713	-0.000578	110.870915	0.000083	9.4
1714	-0.004495	110.834259	0.000085	9.3
1715	-0.396966	110.797636	0.000999	8.7
1716	-0.391673	110.761045	0.000957	9.8
1717	0.000000	110.724486	0.000000	9.0
1718	-0.275094	110.687959	0.000816	8.7
1719	-0.004083	110.651465	0.000084	14.5
1720	0.000000	110.615002	0.000000	9.0
1721	0.000000	110.578572	0.000000	9.1
1722	-0.111174	110.542173	0.000703	9.5
1723	-0.213415	110.505807	0.001018	9.3
1724	-0.001975	110.469472	0.000068	8.5
1725	0.000000	110.433169	0.000000	18.4
1726	-0.133559	110.396898	0.000806	9.2
1727	-0.060269	110.360659	0.000339	9.0
1728	-0.276383	110.324451	0.000604	10.9
1729	0.000000	110.288276	0.000000	8.9
1730	-0.062559	110.252131	0.000325	10.0
1731	0.000000	110.216019	0.000000	8.4
1732	-0.077806	110.179937	0.000653	10.0
1733	-0.061319	110.143888	0.000435	10.4
1734	0.000000	110.107869	0.000000	9.6
1735	-0.000498	110.071882	0.000036	9.5
1736	-0.393383	110.035927	0.000588	9.3
1737	-0.077105	110.000003	0.000193	10.0
1738	0.000000	109.964110	0.000000	9.6
1739	-0.179314	109.928248	0.001241	9.6
1740	0.000000	109.892417	0.000000	9.3
1741	0.000000	109.856618	0.000000	21.1
1742	-0.457800	109.820850	0.000850	8.0
1743	-0.000000	109.785112	0.000000	8.9
1744	-0.146883	109.749406	0.000757	10.3
1745	0.000000	109.713730	0.000000	11.3
1746	0.000000	109.678086	0.000000	10.1
1747	-0.000225	109.642472	0.000019	10.5
1748	0.000000	109.606890	0.000000	9.9
1749	0.000000	109.571337	0.000000	9.5
1750	0.000000	109.535816	0.000000	10.2
1751	-0.214862	109.500326	0.000996	9.7
1752	0.000000	109.464866	0.000000	10.1
1753	-0.374911	109.429436	0.000768	9.4
1754	0.000000	109.394038	0.000000	8.3
1755	-0.000000	109.358669	0.000000	8.7
1756	-0.000000	109.323331	0.000000	8.9
1757	0.000000	109.288024	0.000000	9.8
1758	0.000000	109.252747	0.000000	9.5
1759	0.000000	109.217501	0.000000	8.2
1760	0.000000	109.182284	0.000000	10.1
1761	-0.273214	109.147098	0.000737	16.3
1762	0.000000	109.111942	0.000000	9.1
1763	0.000000	109.076817	0.000000	9.5
1764	-0.331294	109.041721	0.000779	10.5
1765	-0.390912	109.006656	0.000768	9.0
1766	-0.022305	108.971620	0.000376	9.4
1767	-0.398931	108.936615	0.001018	9.7
1768	-0.173331	108.901640	0.001084	8.9
1769	-0.000587	108.866694	0.000043	9.4
1770	0.000000	108.831779	0.000000	9.2
1771	-0.316601	108.796893	0.000781	9.3
1772	0.000000	108.762037	0.000000	10.2
1773	-0.030631	108.727211	0.000306	9.3
1774	-0.000642	108.692415	0.000009	10.5
1775	-0.320144	108.657648	0.001223	10.8
1776	-0.284955	108.622911	0.000933	8.9
1777	0.000000	108.588203	0.000000	9.4
1778	-0.000674	108.553525	0.000036	11.8
1779	-0.395196	108.518877	0.000949	8.9
1780	-0.000008	108.484258	0.000004	9.7
1781	0.000000	108.449668	0.000000	9.4
1782	-0.265737	108.415108	0.000547	9.8
1783	-0.177900	108.380578	0.000600	10.7
1784	0.000000	108.346076	0.000000	9.0
1785	0.000000	108.311604	0.000000	8.5
1786	-0.264144	108.277161	0.000689	9.1
1787	0.000000	108.242747	0.000000	7.7
1788	-0.182806	108.208363	0.001050	9.9
1789	-0.113106	108.174007	0.000273	19.1
1790	0.000000	108.139681	0.000000	11.1
1791	0.000000	108.105383	0.000000	8.7
1792	-0.000000	108.071115	0.000000	9.6
1793	-0.304901	108.036875	0.000963	9.5
1794	0.000000	108.002665	0.000000	11.6
1795	-0.000156	107.968483	0.000107	9.8
1796	-0.144489	107.934330	0.000770	10.3
1797	-0.349731	107.900206	0.000641	8.5
1798	0.000000	107.866111	0.000000	9.7
1799	-0.178340	107.832044	0.000448	9.4
1800	-0.406573	107.798007	0.001059	11.4
1801	-0.000139	107.763997	0.000027	8.9
1802	0.000000	107.730017	0.000000	9.5
1803	0.000000	107.696065	0.000000	10.2
1804	-0.195486	107.662141	0.000536	10.6
1805	-0.274420	107.628246	0.001060	10.0
1806	0.000000	107.594379	0.000000	10.1
1807	-0.397244	107.560541	0.000983	8.5
1808	-0.445754	107.526731	0.001114	10.3
1809	0.000000	107.492949	0.000000	11.6
1810	-0.014361	107.459196	0.000290	10.2
1811	-0.002582	107.425471	0.000028	9.0
1812	-0.437454	107.391774	0.001324	9.6
1813	0.000000	107.358106	0.000000	9.8
1814	-0.247562	107.324465	0.001175	8.9
1815	-0.191500	107.290853	0.001159	10.0
1816	-0.002527	107.257268	0.000007	9.1
1817	-0.253485	107.223712	0.000442	9.2
1818	-0.068322	107.190184	0.000482	11.4
1819	-0.125424	107.156683	0.000404	8.0
1820	-0.150072	107.123211	0.000551	10.0
1821	0.000000	107.089766	0.000000	11.2
1822	-0.000477	107.056349	0.000130	9.0
1823	0.000000	107.022960	0.000000	8.2
1824	-0.011501	106.989599	0.000310	9.1
1825	-0.200243	106.956265	0.000561	8.9
1826	-0.387504	106.922960	0.000845	10.4
1827	-0.372504	106.889681	0.001201	9.4
1828	-0.239835	106.856431	0.000625	9.3
1829	0.000000	106.823208	0.000000	8.3
1830	-0.292025	106.790012	0.000874	8.3
1831	-0.382002	106.756844	0.001145	9.7
1832	-0.284274	106.723703	0.001028	20.4
1833	-0.319926	106.690590	0.000960	7.7
1834	-0.008241	106.657505	0.000216	21.1
1835	-0.368582	106.624446	0.000634	8.6
1836	-0.369370	106.591415	0.000905	13.7
1837	-0.180932	106.558411	0.000522	11.0
1838	0.000000	106.525435	0.000000	9.9
1839	-0.227930	106.492485	0.000739	13.1
1840	-0.210013	106.459563	0.001090	9.5
1841	-0.081067	106.426668	0.000449	11.3
1842	-0.269703	106.393800	0.000921	8.4
1843	-0.288873	106.360959	0.000885	9.0
1844	-0.350992	106.328145	0.000963	9.4
1845	-0.270132	106.295358	0.001326	10.9
1846	-0.315218	106.262598	0.000407	10.5
1847	-0.195408	106.229865	0.000648	9.4
1848	0.000000	106.197158	0.000000	9.7
1849	-0.450927	106.164479	0.000966	9.2
1850	0.000000	106.131826	0.000000	9.5
1851	-0.000000	106.099201	0.000000	9.7
1852	0.000000	106.066602	0.000000	9.6
1853	-0.001198	106.034029	0.000076	9.4
1854	-0.120015	106.001483	0.000368	9.4
1855	0.000000	105.968964	0.000000	8.8
1856	-0.088797	105.936472	0.000499	8.4
1857	0.000000	105.904006	0.000000	9.9
1858	-0.010882	105.871566	0.000117	9.3
1859	-0.000071	105.839153	0.000017	11.1
1860	0.000000	105.806767	0.000000	11.3
1861	-0.267234	105.774407	0.000694	9.3
1862	0.000000	105.742073	0.000000	8.1
1863	0.000000	105.709766	0.000000	9.4
1864	-0.165663	105.677485	0.001198	8.2
1865	0.000000	105.645230	0.000000	9.4
1866	0.000000	105.613001	0.000000	8.5
1867	-0.304261	105.580799	0.000937	9.8
1868	0.000000	105.548623	0.000000	10.1
1869	-0.087525	105.516473	0.000396	8.2
1870	-0.314855	105.484349	0.001370	10.2
1871	-0.173153	105.452251	0.000589	13.4
1872	-0.003735	105.420179	0.000095	10.0
1873	-0.383946	105.388133	0.001004	9.8
1874	0.000000	105.356113	0.000000	9.7
1875	0.000000	105.324119	0.000000	11.7
1876	-0.452086	105.292151	0.001277	10.4
1877	-0.382037	105.260209	0.001121	9.6
1878	-0.170049	105.228293	0.000608	19.6
1879	-0.047783	105.196402	0.000230	7.8
1880	-0.357192	105.164537	0.001084	7.6
1881	-0.015493	105.132698	0.000238	9.1
1882	0.000000	105.100885	0.000000	10.0
1883	-0.008517	105.069097	0.000177	9.3
1884	-0.200249	105.037335	0.000464	8.3
1885	0.000000	105.005598	0.000000	8.9
1886	-0.387999	104.973887	0.000899	9.0
1887	0.000000	104.942202	0.000000	9.0
1888	0.000000	104.910542	0.000000	10.5
1889	0.000000	104.878907	0.000000	15.0
1890	0.000000	104.847298	0.000000	9.5
1891	-0.148027	104.815715	0.000475	10.5
1892	-0.337608	104.784156	0.001013	11.0
1893	0.000000	104.752623	0.000000	8.3
1894	-0.216234	104.721116	0.001103	8.9
1895	0.000000	104.689633	0.000000	8.5
1896	-0.360588	104.658176	0.000452	8.9
1897	-0.168059	104.626744	0.000382	9.9
1898	0.000000	104.595337	0.000000	8.2
1899	-0.000000	104.563955	0.000000	9.0
1900	-0.337236	104.532599	0.000746	9.8
1901	-0.038328	104.501267	0.000413	10.9
1902	-0.168970	104.469960	0.001099	9.7
1903	-0.006378	104.438679	0.000053	10.3
1904	0.000000	104.407422	0.000000	8.8
1905	-0.010960	104.376191	0.000173	9.9
1906	0.000000	104.344984	0.000000	17.7
1907	-0.014472	104.313802	0.000247	8.4
1908	0.000000	104.282645	0.000000	9.7
1909	-0.382330	104.251513	0.001176	9.5
1910	0.000000	104.220405	0.000000	9.6
1911	-0.013184	104.189323	0.000123	9.5
1912	0.000000	104.158265	0.000000	10.6
1913	-0.020716	104.127231	0.000196	9.1
1914	0.000000	104.096222	0.000000	10.5
1915	-0.397868	104.065238	0.000724	10.0
1916	-0.250060	104.034279	0.000634	13.4
1917	0.000000	104.003344	0.000000	9.5
1918	0.000000	103.972433	0.000000	10.3
1919	-0.415429	103.941547	0.000821	9.0
1920	-0.091691	103.910686	0.000428	9.1
1921	0.000000	103.879849	0.000000	10.0
1922	0.000000	103.849036	0.000000	9.8
1923	-0.213040	103.818248	0.000695	10.1
1924	-0.199761	103.787484	0.000806	10.8
1925	-0.000449	103.756744	0.000031	8.6
1926	-0.009952	103.726029	0.000131	10.3
1927	-0.476985	103.695338	0.000765	10.7
1928	0.000000	103.664671	0.000000	12.7
1929	-0.000000	103.634028	0.000000	8.3
1930	0.000000	103.603409	0.000000	9.0
1931	-0.349700	103.572814	0.000777	8.7
1932	-0.004536	103.542244	0.000147	9.5
1933	-0.000020	103.511698	0.000016	10.3
1934	-0.006450	103.481175	0.000165	8.8
1935	-0.277402	103.450677	0.000624	10.6
1936	0.000000	103.420202	0.000000	10.1
1937	-0.000000	103.389752	0.000000	9.5
1938	0.000000	103.359325	0.000000	10.6
1939	-0.343486	103.328922	0.001201	9.7
1940	0.000000	103.298543	0.000000	8.6
1941	0.000000	103.268188	0.000000	9.0
1942	-0.320766	103.237857	0.000970	8.3
1943	0.000000	103.207549	0.000000	10.0
1944	0.000000	103.177265	0.000000	8.2
1945	-0.094819	103.147005	0.000341	8.9
1946	0.000000	103.116768	0.000000	10.6
1947	0.000000	103.086556	0.000000	9.0
1948	-0.134195	103.056366	0.000510	9.9
1949	-0.000964	103.026200	0.000057	9.6
1950	-0.377530	102.996058	0.000735	9.6
1951	-0.011826	102.965939	0.000232	10.0
1952	-0.149414	102.935844	0.000486	14.3
1953	-0.412046	102.905772	0.000796	8.8
1954	-0.016314	102.875724	0.000181	10.6
1955	-0.233561	102.845699	0.000500	8.4
1956	-0.004124	102.815697	0.000040	10.7
1957	-0.000000	102.785719	0.000000	11.4
1958	0.000000	102.755764	0.000000	10.7
1959	-0.319824	102.725832	0.000549	8.7
1960	-0.148432	102.695924	0.000983	9.3
1961	0.000000	102.666038	0.000000	11.0
1962	-0.097361	102.636176	0.000387	10.6
1963	-0.126945	102.606337	0.000996	9.8
1964	-0.228552	102.576521	0.001201	9.9
1965	0.000000	102.546728	0.000000	7.8
1966	-0.330931	102.516959	0.000984	9.6
1967	0.000000	102.487212	0.000000	8.4
1968	0.000000	102.457488	0.000000	8.8
1969	0.000000	102.427788	0.000000	9.3
1970	-0.086740	102.398110	0.000301	8.8
1971	-0.431792	102.368455	0.000950	10.2
1972	-0.260447	102.338823	0.000873	20.2
1973	-0.291283	102.309214	0.000744	9.6
1974	0.000000	102.279628	0.000000	8.4
1975	-0.413490	102.250064	0.000722	9.3
1976	-0.159944	102.220524	0.001230	9.1
1977	-0.042872	102.191006	0.000234	9.4
1978	-0.393242	102.161511	0.000956	10.6
1979	-0.000147	102.132038	0.000003	9.8
1980	-0.418891	102.102588	0.000853	9.7
1981	-0.000000	102.073161	0.000000	9.0
1982	-0.072957	102.043757	0.000208	8.7
1983	-0.001561	102.014375	0.000104	9.4
1984	-0.000000	101.985015	0.000000	11.1
1985	0.000000	101.955678	0.000000	8.1
1986	-0.100766	101.926364	0.000619	10.0
1987	-0.000000	101.897072	0.000000	9.5
1988	-0.040123	101.867802	0.000335	9.0
1989	0.000000	101.838555	0.000000	12.6
1990	-0.212875	101.809330	0.000542	8.9
1991	-0.022621	101.780128	0.000391	10.4
1992	-0.000000	101.750948	0.000000	9.7
1993	-0.394198	101.721790	0.000547	7.7
1994	-0.439994	101.692654	0.000959	8.7
1995	-0.000016	101.663541	0.000003	9.3
1996	-0.000193	101.634450	0.000001	8.6
1997	-0.168086	101.605381	0.000325	9.3
1998	-0.223656	101.576335	0.000696	9.0
1999	0.000000	101.547310	0.000000	10.3
