1:ItNr	2:Metric	3:StepSize	4:||Gradient||	Time[ms]
0	-0.553752	627.201626	0.004230	630.7
1	-1.128068	623.504937	0.015463	10.9
2	-0.847298	619.865785	0.009570	9.7
3	-0.130760	616.282728	0.002375	9.9
4	-0.883943	612.754375	0.007225	8.7
5	-1.246281	609.279381	0.014206	8.1
6	-1.468931	605.856447	0.015998	8.8
7	-0.241075	602.484317	0.002913	13.5
8	-1.679171	599.161779	0.011196	8.6
9	-0.068574	595.887656	0.001288	8.2
10	-1.076055	592.660813	0.010517	9.8
11	-1.040883	589.480151	0.008391	11.3
12	-1.390888	586.344606	0.009764	7.1
13	-1.521517	583.253145	0.030499	8.5
14	-1.408837	580.204771	0.010980	8.2
15	-1.280832	577.198517	0.024456	12.0
16	-1.663225	574.233444	0.021365	10.0
17	-1.381896	571.308645	0.005646	9.1
18	-0.594348	568.423237	0.019666	8.4
19	-0.389694	565.576365	0.003642	9.0
20	-1.705121	562.767201	0.015401	9.0
21	-1.024912	559.994938	0.018182	9.0
22	-1.529456	557.258797	0.024603	8.0
23	-0.323905	554.558018	0.004423	8.2
24	-0.943700	551.891865	0.011235	13.8
25	-0.517491	549.259621	0.007566	9.6
26	-1.493604	546.660592	0.016293	14.0
27	-1.867088	544.094102	0.034034	8.5
28	-0.000000	541.559494	0.000000	9.1
29	-0.000008	539.056129	0.000002	8.2
30	-1.537789	536.583387	0.026127	8.9
31	-1.491231	534.140663	0.026581	7.9
32	-1.184333	531.727370	0.023720	9.6
33	-0.313991	529.342935	0.006491	8.4
34	-0.610272	526.986802	0.004180	9.2
35	-1.136972	524.658430	0.023879	8.5
36	-0.287588	522.357290	0.004133	8.3
37	-1.449152	520.082868	0.025174	11.6
38	-1.205613	517.834665	0.014464	7.3
39	-0.334064	515.612193	0.004364	9.2
40	-0.993055	513.414976	0.016134	8.9
41	-0.482347	511.242551	0.005015	9.1
42	-1.513431	509.094468	0.022951	10.0
43	-0.897224	506.970285	0.009911	8.0
44	-0.965579	504.869574	0.009391	8.5
45	-0.470079	502.791916	0.008423	8.8
46	-1.428619	500.736903	0.022428	8.5
47	-0.311605	498.704137	0.002104	8.6
48	-0.000003	496.693228	0.000001	8.7
49	-0.781041	494.703798	0.018270	8.8
50	-0.994251	492.735476	0.010986	8.5
51	-0.000000	490.787900	0.000000	9.8
52	-1.049904	488.860718	0.013400	9.1
53	-0.927618	486.953585	0.009502	8.8
54	-1.657462	485.066164	0.026112	7.0
55	-1.303235	483.198126	0.016803	11.4
56	-1.581231	481.349149	0.018592	13.2
57	-0.793018	479.518920	0.004028	13.4
58	-1.201494	477.707132	0.007262	13.3
59	-1.059532	475.913485	0.013815	9.8
60	-0.003062	474.137684	0.000366	8.9
61	-0.926930	472.379445	0.011887	8.5
62	-1.257391	470.638485	0.005471	10.2
63	-1.353367	468.914531	0.012883	9.4
64	-1.730789	467.207315	0.011019	8.3
65	-0.000257	465.516573	0.000048	8.2
66	-1.418163	463.842050	0.012560	8.4
67	-1.378970	462.183494	0.010769	9.1
68	-1.486128	460.540658	0.010250	8.3
69	-1.420730	458.913303	0.024090	9.1
70	-1.393014	457.301192	0.010965	8.9
71	-1.314068	455.704096	0.014171	8.2
72	-1.327445	454.121787	0.019070	8.8
73	-1.721334	452.554045	0.015787	9.3
74	-0.158731	451.000653	0.002846	9.6
75	-0.807059	449.461399	0.034248	8.3
76	-0.734509	447.936075	0.005816	7.9
77	-1.325636	446.424477	0.015102	10.9
78	-0.347694	444.926406	0.008208	8.2
79	-1.422357	443.441666	0.015969	9.4
80	-0.214147	441.970065	0.004921	7.2
81	-0.000005	440.511415	0.000001	8.4
82	-1.854475	439.065533	0.026553	7.5
83	-1.251689	437.632238	0.023940	9.7
84	-1.050931	436.211351	0.018941	11.0
85	-0.655996	434.802701	0.008744	8.4
86	-0.651498	433.406117	0.006955	8.4
87	-0.220098	432.021430	0.001863	11.2
88	-1.888374	430.648479	0.027958	12.3
89	-0.001967	429.287101	0.000141	7.9
90	-0.765514	427.937140	0.009763	8.8
91	-0.069802	426.598440	0.001196	9.4
92	-1.592904	425.270849	0.021642	9.9
93	-1.331964	423.954220	0.020698	8.8
94	-1.249700	422.648404	0.023728	8.3
95	-1.627346	421.353259	0.030539	9.4
96	-0.885914	420.068643	0.012684	9.3
97	-1.706099	418.794419	0.035313	9.2
98	-1.834137	417.530451	0.011308	9.9
99	-0.063808	416.276604	0.001135	9.0
100	-1.759499	415.032748	0.013724	8.9
101	-0.036190	413.798754	0.000900	8.4
102	-1.222028	412.574495	0.018456	10.0
103	-0.829143	411.359849	0.009878	8.4
104	-1.196589	410.154691	0.013955	8.9
105	-1.464018	408.958904	0.012690	8.9
106	-1.324542	407.772368	0.013544	9.0
107	-1.729350	406.594968	0.027933	9.1
108	-1.531721	405.426590	0.010132	9.9
109	-1.046519	404.267122	0.017631	10.1
110	-1.239090	403.116456	0.032487	9.4
111	-0.384241	401.974481	0.005321	8.0
112	-1.681600	400.841093	0.004126	9.0
113	-1.635171	399.716187	0.011870	7.7
114	-1.386398	398.599660	0.017462	8.7
115	-0.189323	397.491411	0.003487	8.4
116	-0.000002	396.391342	0.000001	8.7
117	-1.666263	395.299353	0.010352	8.7
118	-0.489379	394.215350	0.006392	8.6
119	-0.000017	393.139238	0.000004	9.6
120	-0.393227	392.070924	0.005155	9.4
121	-1.525880	391.010316	0.025919	10.6
122	-1.564252	389.957325	0.030108	7.9
123	-0.731192	388.911862	0.010806	8.9
124	-0.043371	387.873839	0.001369	8.9
125	-1.687377	386.843173	0.035292	11.0
126	-1.514215	385.819777	0.013923	9.0
127	-0.073885	384.803569	0.004060	10.0
128	-1.501532	383.794468	0.019366	13.4
129	-0.017660	382.792393	0.000588	7.6
130	-1.495116	381.797264	0.011547	7.2
131	-0.301448	380.809005	0.004704	7.4
132	-0.307954	379.827537	0.004832	12.7
133	-1.916909	378.852786	0.025553	8.3
134	-1.219965	377.884678	0.007147	9.3
135	-1.032832	376.923138	0.004898	9.2
136	-0.874097	375.968095	0.032870	8.1
137	-0.740418	375.019479	0.005989	10.3
138	-1.317063	374.077218	0.015032	8.7
139	-1.643983	373.141244	0.022118	8.9
140	-0.559211	372.211489	0.006668	8.5
141	-0.269988	371.287887	0.004783	7.7
142	-1.071874	370.370370	0.011333	8.4
143	-1.134134	369.458876	0.007404	8.7
144	-1.237577	368.553338	0.024232	11.3
145	-0.008264	367.653696	0.000281	7.4
146	-1.801772	366.759885	0.022120	8.9
147	-1.030599	365.871846	0.011594	9.3
148	-0.684681	364.989518	0.007843	9.6
149	-0.204857	364.112841	0.005222	8.4
150	-0.497168	363.241757	0.006852	7.9
151	-1.752132	362.376208	0.026394	10.4
152	-1.653954	361.516137	0.027540	11.9
153	-0.000003	360.661488	0.000001	11.4
154	-0.738919	359.812206	0.017284	11.5
155	-1.322108	358.968236	0.002678	15.3
156	-1.707347	358.129524	0.020746	13.7
157	-1.520441	357.296018	0.018037	13.6
158	-0.471898	356.467665	0.005452	8.9
159	-1.008230	355.644414	0.024470	7.5
160	-1.542754	354.826213	0.015543	8.7
161	-0.853991	354.013012	0.017627	12.5
162	-0.031644	353.204763	0.000993	8.9
163	-0.069195	352.401415	0.000900	11.0
164	-1.369772	351.602922	0.011306	8.6
165	-1.526120	350.809235	0.009083	8.5
166	-1.030010	350.020308	0.008996	10.1
167	-0.941366	349.236095	0.006982	8.1
168	-0.348673	348.456550	0.005623	10.2
169	-1.256463	347.681627	0.015705	10.3
170	-1.803064	346.911283	0.017358	9.5
171	-0.656001	346.145474	0.007086	9.7
172	-0.151633	345.384157	0.002135	8.6
173	-1.446499	344.627288	0.014728	8.4
174	-1.130866	343.874826	0.015713	8.7
175	-0.497163	343.126729	0.005188	9.9
176	-0.016788	342.382957	0.000898	9.3
177	-1.388017	341.643469	0.021563	9.4
178	-0.987203	340.908224	0.005911	8.7
179	-1.617960	340.177184	0.017066	8.8
180	-0.618156	339.450309	0.026001	8.7
181	-1.060225	338.727561	0.012008	8.9
182	-0.323029	338.008902	0.003868	9.1
183	-0.095663	337.294295	0.002533	8.8
184	-1.650746	336.583703	0.015467	9.1
185	-1.355624	335.877089	0.019700	9.7
186	-0.522344	335.174416	0.006611	8.4
187	-1.462344	334.475651	0.024137	8.7
188	-0.000013	333.780756	0.000003	9.5
189	-1.348368	333.089698	0.007521	8.4
190	-1.921476	332.402443	0.031078	9.6
191	-0.963224	331.718955	0.006258	9.0
192	-1.098920	331.039203	0.013911	8.9
193	-1.315092	330.363153	0.006486	9.4
194	-1.435643	329.690771	0.009614	13.8
195	-1.747003	329.022027	0.018701	8.5
196	-0.529773	328.356888	0.005962	9.1
197	-0.287036	327.695322	0.001974	9.4
198	-0.063504	327.037299	0.001649	9.8
199	-0.994668	326.382787	0.014721	9.9
200	-0.894071	325.731758	0.005525	9.1
201	-1.185984	325.084179	0.004264	10.9
202	-1.328485	324.440023	0.028404	7.6
203	-0.102365	323.799258	0.001990	7.4
204	-1.513941	323.161858	0.016860	8.9
205	-1.597309	322.527792	0.012563	8.6
206	-0.059515	321.897034	0.001447	9.0
207	-0.091463	321.269554	0.001350	8.4
208	-0.033896	320.645325	0.000925	11.0
209	-0.265001	320.024320	0.001945	9.6
210	-1.289238	319.406512	0.018180	8.1
211	-1.798368	318.791875	0.013757	8.6
212	-1.270012	318.180381	0.011021	7.7
213	-0.532064	317.572005	0.002810	8.8
214	-0.471125	316.966721	0.005103	8.9
215	-1.619320	316.364504	0.021686	8.4
216	-1.661338	315.765329	0.014682	8.9
217	-0.216795	315.169170	0.003356	8.2
218	-0.281458	314.576003	0.004243	10.3
219	-1.392334	313.985804	0.017333	8.9
220	-1.751666	313.398548	0.022079	9.8
221	-1.560863	312.814213	0.011069	8.5
222	-1.599981	312.232773	0.019123	9.1
223	-0.859982	311.654207	0.011735	8.6
224	-0.676811	311.078491	0.006889	8.3
225	-0.000000	310.505602	0.000000	9.6
226	-0.459288	309.935518	0.004110	8.6
227	-1.039313	309.368217	0.015143	8.2
228	-0.751784	308.803676	0.006769	12.9
229	-1.426719	308.241874	0.012586	9.1
230	-1.474326	307.682789	0.020092	9.6
231	-1.722354	307.126400	0.057337	9.1
232	-1.730333	306.572687	0.038159	8.8
233	-1.247419	306.021627	0.016690	8.8
234	-0.774931	305.473201	0.015683	9.8
235	-1.812448	304.927388	0.019764	9.2
236	-0.945586	304.384168	0.012660	9.7
237	-0.181956	303.843521	0.005372	8.6
238	-0.567729	303.305427	0.007405	8.8
239	-0.362670	302.769867	0.004339	9.1
240	-1.686135	302.236821	0.018924	9.5
241	-1.291653	301.706270	0.007108	9.0
242	-0.927685	301.178196	0.004859	8.7
243	-1.498572	300.652580	0.009425	8.5
244	-1.838979	300.129402	0.018277	12.3
245	-1.663596	299.608645	0.020599	8.2
246	-0.237163	299.090291	0.002012	9.3
247	-1.624042	298.574321	0.014009	9.1
248	-0.872020	298.060718	0.008147	10.5
249	-1.637375	297.549465	0.011969	14.7
250	-1.307031	297.040543	0.020807	10.4
251	-0.870057	296.533936	0.003758	11.2
252	-0.990166	296.029626	0.010762	14.3
253	-0.551928	295.527597	0.014182	14.9
254	-0.001328	295.027832	0.000166	8.3
255	-1.027548	294.530315	0.016119	9.0
256	-1.708489	294.035028	0.012867	10.0
257	-1.180828	293.541956	0.007498	9.9
258	-1.341353	293.051083	0.007836	8.6
259	-1.920907	292.562393	0.025423	8.2
260	-0.025242	292.075870	0.000740	13.4
261	-1.145806	291.591498	0.011209	8.5
262	-1.824620	291.109263	0.013381	14.5
263	-1.514488	290.629149	0.016465	8.8
264	-1.695740	290.151140	0.020030	8.5
265	-1.543950	289.675222	0.036935	8.4
266	-1.541109	289.201380	0.011006	8.2
267	-1.083841	288.729600	0.010119	9.5
268	-0.004187	288.259866	0.000321	8.8
269	-1.496582	287.792165	0.025601	7.2
270	-1.670046	287.326481	0.014476	8.9
271	-0.449920	286.862802	0.011464	9.0
272	-0.280968	286.401113	0.004315	10.1
273	-0.901409	285.941400	0.006896	12.7
274	-2.023395	285.483649	0.015588	9.1
275	-0.041805	285.027847	0.002482	8.7
276	-0.265100	284.573981	0.004180	8.2
277	-1.241330	284.122037	0.012954	9.4
278	-1.573356	283.672002	0.013997	8.2
279	-0.498767	283.223863	0.004230	9.3
280	-1.438050	282.777607	0.012122	9.3
281	-0.855460	282.333221	0.003024	7.9
282	-0.005984	281.890692	0.000567	8.7
283	-1.722551	281.450008	0.026242	8.3
284	-1.936442	281.011157	0.011263	8.5
285	-1.399319	280.574125	0.014713	9.3
286	-0.806093	280.138901	0.017342	8.3
287	-0.068976	279.705473	0.000943	9.1
288	-1.072717	279.273829	0.005831	7.6
289	-0.931385	278.843956	0.037556	8.8
290	-0.197584	278.415844	0.002945	8.7
291	-1.487116	277.989479	0.015308	10.9
292	-1.767974	277.564851	0.009122	10.2
293	-1.546766	277.141949	0.018902	9.8
294	-1.194570	276.720761	0.005980	9.5
295	-1.173765	276.301275	0.005710	9.1
296	-1.533545	275.883480	0.033446	8.6
297	-1.096605	275.467366	0.005697	9.1
298	-1.614116	275.052922	0.028101	7.9
299	-1.886640	274.640136	0.023275	8.8
300	-1.749826	274.228998	0.012885	8.2
301	-0.735412	273.819497	0.006605	11.9
302	-1.506969	273.411623	0.013756	11.5
303	-1.278776	273.005365	0.010186	9.2
304	-0.579770	272.600712	0.004713	8.4
305	-1.437083	272.197655	0.017080	8.4
306	-1.320302	271.796184	0.008290	8.2
307	-1.515607	271.396287	0.014980	8.9
308	-0.473442	270.997956	0.002465	8.7
309	-0.807141	270.601180	0.008544	8.5
310	-0.092312	270.205949	0.001582	8.0
311	-1.412470	269.812254	0.015748	9.0
312	-1.539897	269.420085	0.009851	9.0
313	-0.401215	269.029432	0.004271	9.2
314	-1.610546	268.640287	0.021962	9.2
315	-1.740334	268.252638	0.014696	8.8
316	-0.878837	267.866478	0.020544	9.4
317	-1.579869	267.481796	0.024473	8.1
318	-1.859262	267.098584	0.013286	13.1
319	-1.295470	266.716833	0.012553	8.9
320	-0.864938	266.336533	0.007481	14.2
321	-1.150718	265.957676	0.013264	8.9
322	-0.133525	265.580253	0.001669	9.3
323	-0.617306	265.204254	0.007739	8.7
324	-0.334736	264.829672	0.004615	7.8
325	-1.004493	264.456497	0.010814	9.6
326	-0.984450	264.084721	0.007807	7.7
327	-1.786405	263.714335	0.012091	9.0
328	-0.475842	263.345332	0.004824	8.6
329	-1.609187	262.977702	0.021584	8.9
330	-1.296138	262.611438	0.013460	8.4
331	-0.482068	262.246531	0.004621	8.9
332	-1.835102	261.882973	0.035293	9.6
333	-0.349467	261.520756	0.005218	9.6
334	-0.003743	261.159871	0.000243	10.1
335	-1.376786	260.800312	0.010764	8.3
336	-1.016307	260.442070	0.011366	8.1
337	-0.964096	260.085137	0.013004	9.3
338	-0.905119	259.729505	0.006645	8.7
339	-1.625708	259.375167	0.032197	9.1
340	-0.362391	259.022116	0.003946	13.7
341	-1.652954	258.670343	0.014371	7.4
342	-0.047490	258.319841	0.001614	9.0
343	-1.478895	257.970602	0.016419	8.3
344	-0.147173	257.622620	0.004067	9.2
345	-1.559393	257.275887	0.012991	9.7
346	-1.966949	256.930396	0.026335	14.9
347	-1.795407	256.586139	0.029090	11.8
348	-0.426425	256.243109	0.006037	8.7
349	-1.803785	255.901300	0.008026	15.9
350	-1.483477	255.560703	0.033604	13.2
351	-0.948444	255.221313	0.030505	8.4
352	-0.692183	254.883122	0.004493	8.5
353	-0.526100	254.546124	0.006549	8.2
354	-1.660419	254.210311	0.007049	8.6
355	-0.048846	253.875677	0.000488	9.2
356	-0.362820	253.542215	0.001915	8.2
357	-1.126266	253.209918	0.031663	9.5
358	-0.756141	252.878781	0.006435	8.4
359	-0.094469	252.548795	0.002866	8.3
360	-1.577592	252.219956	0.020917	8.8
361	-1.625242	251.892255	0.026225	8.6
362	-0.000003	251.565688	0.000001	9.2
363	-1.548888	251.240247	0.023542	8.0
364	-0.278739	250.915926	0.006327	9.0
365	-0.001426	250.592720	0.000148	9.1
366	-0.001954	250.270621	0.000230	8.7
367	-1.623970	249.949624	0.012255	8.3
368	-0.000231	249.629723	0.000036	8.2
369	-1.794470	249.310911	0.018474	8.3
370	-1.018345	248.993182	0.017469	8.5
371	-0.643435	248.676531	0.013808	8.5
372	-0.633234	248.360952	0.002662	9.1
373	-0.236737	248.046438	0.002039	10.9
374	-1.592599	247.732984	0.019323	13.1
375	-1.191907	247.420584	0.019518	8.7
376	-1.657114	247.109233	0.003448	9.8
377	-0.342431	246.798924	0.002837	8.9
378	-1.248653	246.489652	0.022422	8.9
379	-0.483825	246.181412	0.004179	10.8
380	-0.619342	245.874197	0.012778	10.4
381	-1.898809	245.568002	0.025863	8.8
382	-1.930789	245.262822	0.004006	9.2
383	-1.544934	244.958652	0.010798	8.7
384	-1.407872	244.655485	0.016927	8.7
385	-1.224117	244.353317	0.011988	8.4
386	-0.559336	244.052142	0.008195	8.4
387	-0.785641	243.751955	0.008257	7.7
388	-1.288780	243.452750	0.007211	9.4
389	-0.409756	243.154523	0.005145	8.8
390	-1.215171	242.857268	0.008446	14.2
391	-1.364788	242.560980	0.014692	8.7
392	-1.705238	242.265654	0.011362	8.7
393	-0.005301	241.971285	0.000255	8.8
394	-1.741359	241.677868	0.024527	10.2
395	-1.251639	241.385397	0.009635	9.3
396	-1.864000	241.093869	0.010369	8.9
397	-0.591257	240.803278	0.005341	8.9
398	-1.627838	240.513619	0.036753	8.7
399	-0.224828	240.224887	0.003215	8.7
400	-1.458458	239.937077	0.017968	8.2
401	-1.432920	239.650186	0.008677	8.1
402	-0.284125	239.364207	0.004509	9.6
403	-0.384480	239.079136	0.004481	8.0
404	-1.675891	238.794969	0.017137	9.3
405	-0.705678	238.511701	0.006804	8.4
406	-0.742990	238.229327	0.014348	9.0
407	-0.000002	237.947843	0.000001	8.6
408	-0.421762	237.667244	0.004075	13.2
409	-1.508866	237.387526	0.013202	9.2
410	-1.839455	237.108684	0.008938	10.4
411	-0.001442	236.830714	0.000164	8.9
412	-1.362027	236.553610	0.007139	11.8
413	-1.546331	236.277370	0.012644	8.4
414	-1.695894	236.001989	0.019917	7.7
415	-1.356837	235.727461	0.012522	8.8
416	-1.352527	235.453784	0.011136	9.2
417	-0.502184	235.180952	0.009007	8.8
418	-1.763255	234.908962	0.016657	8.8
419	-1.327938	234.637809	0.022093	9.6
420	-1.697842	234.367488	0.013476	9.3
421	-0.779017	234.097997	0.009310	9.0
422	-1.648861	233.829331	0.011529	8.6
423	-1.322188	233.561485	0.006849	8.5
424	-0.000073	233.294456	0.000015	8.9
425	-1.831692	233.028239	0.020998	8.3
426	-0.662217	232.762831	0.015837	8.9
427	-0.201541	232.498228	0.001659	9.2
428	-0.814978	232.234425	0.013250	11.5
429	-1.231590	231.971419	0.019419	9.8
430	-1.537553	231.709205	0.013282	9.6
431	-1.533549	231.447781	0.019267	9.0
432	-1.399642	231.187141	0.026278	11.5
433	-1.405736	230.927283	0.011824	8.2
434	-1.129291	230.668202	0.007158	8.5
435	-0.000000	230.409895	0.000000	9.5
436	-1.392950	230.152358	0.006827	8.6
437	-1.800335	229.895587	0.032682	9.1
438	-1.304618	229.639578	0.018671	11.9
439	-0.226576	229.384329	0.004515	7.2
440	-0.384705	229.129834	0.002800	8.8
441	-1.419518	228.876091	0.023768	8.3
442	-0.311298	228.623096	0.003672	10.0
443	-1.803025	228.370846	0.013521	9.3
444	-0.916280	228.119336	0.011158	8.0
445	-0.000216	227.868563	0.000041	9.6
446	-1.354732	227.618525	0.012840	7.9
447	-0.602180	227.369216	0.005713	8.9
448	-1.807357	227.120635	0.031247	12.7
449	-1.526060	226.872777	0.020316	11.3
450	-0.307188	226.625638	0.004377	9.0
451	-1.517217	226.379217	0.016395	7.1
452	-2.018991	226.133509	0.021100	8.8
453	-0.000013	225.888510	0.000003	7.4
454	-1.319504	225.644218	0.011517	7.3
455	-0.271933	225.400630	0.003682	8.4
456	-1.548550	225.157741	0.018991	9.1
457	-1.921421	224.915549	0.020210	9.7
458	-0.474939	224.674051	0.006869	8.1
459	-1.161864	224.433242	0.032769	9.1
460	-0.941738	224.193121	0.009676	12.2
461	-0.018364	223.953684	0.000507	8.1
462	-0.975706	223.714927	0.011522	16.0
463	-0.892308	223.476848	0.008669	8.5
464	-1.228032	223.239444	0.015974	8.3
465	-0.825574	223.002710	0.010478	7.9
466	-1.784942	222.766645	0.020276	8.6
467	-1.670744	222.531245	0.027232	9.0
468	-1.614107	222.296508	0.020508	9.3
469	-1.263394	222.062429	0.014168	7.9
470	-1.479807	221.829007	0.013390	8.9
471	-1.294358	221.596238	0.022556	8.1
472	-1.154209	221.364119	0.004412	7.7
473	-1.868528	221.132647	0.017276	8.0
474	-1.407159	220.901820	0.035064	9.0
475	-0.000026	220.671634	0.000006	9.4
476	-1.414090	220.442086	0.028516	9.0
477	-1.673676	220.213174	0.008067	12.7
478	-1.435518	219.984895	0.018204	9.7
479	-1.779377	219.757246	0.016629	7.7
480	-0.975986	219.530224	0.030854	9.6
481	-1.790378	219.303826	0.026563	8.4
482	-1.047508	219.078050	0.004183	8.3
483	-1.022269	218.852893	0.009070	9.0
484	-1.570820	218.628352	0.012244	8.3
485	-1.733022	218.404424	0.019364	10.1
486	-0.697234	218.181106	0.005886	9.2
487	-0.953262	217.958397	0.008273	8.4
488	-0.806708	217.736292	0.012755	9.4
489	-1.409190	217.514790	0.021415	8.8
490	-1.588046	217.293888	0.014607	11.4
491	-1.314367	217.073584	0.020467	13.8
492	-1.370762	216.853873	0.005664	7.8
493	-0.755876	216.634755	0.005128	8.8
494	-1.660578	216.416227	0.018720	8.5
495	-1.610195	216.198285	0.010697	8.8
496	-0.290294	215.980927	0.003111	7.8
497	-0.671313	215.764151	0.005947	8.1
498	-0.461204	215.547955	0.005375	8.2
499	-1.256022	215.332335	0.010804	11.0
500	-1.098679	215.117289	0.010929	9.0
501	-0.363195	214.902815	0.002967	8.7
502	-0.617208	214.688911	0.009073	8.4
503	-0.902890	214.475573	0.008502	8.9
504	-1.576199	214.262800	0.014052	8.7
505	-1.484684	214.050588	0.016237	9.0
506	-1.265576	213.838936	0.010263	8.1
507	-1.432646	213.627842	0.007286	8.6
508	-0.065095	213.417302	0.003176	8.2
509	-1.067656	213.207314	0.007049	8.9
510	-1.396895	212.997877	0.036815	8.5
511	-1.192583	212.788987	0.033645	8.0
512	-0.026745	212.580642	0.000424	8.6
513	-1.619958	212.372841	0.009484	12.5
514	-0.281573	212.165581	0.002385	9.1
515	-0.551244	211.958859	0.006553	8.3
516	-1.384479	211.752673	0.014152	13.3
517	-1.771546	211.547021	0.019897	10.1
518	-0.469953	211.341902	0.003749	10.8
519	-1.461146	211.137311	0.013686	8.8
520	-0.930723	210.933248	0.011387	13.2
521	-1.404472	210.729710	0.020707	11.3
522	-0.000037	210.526695	0.000008	10.7
523	-1.019503	210.324200	0.010785	7.6
524	-1.129652	210.122224	0.012278	9.0
525	-1.472967	209.920765	0.026868	15.6
526	-1.480295	209.719820	0.014409	10.4
527	-1.539118	209.519387	0.017513	12.8
528	-0.030358	209.319463	0.000747	14.3
529	-1.282922	209.120048	0.008574	9.6
530	-1.054459	208.921139	0.018758	13.3
531	-1.482621	208.722733	0.010310	8.7
532	-0.923311	208.524829	0.010383	9.6
533	-1.385217	208.327425	0.008766	10.2
534	-1.726034	208.130518	0.015039	11.8
535	-1.016883	207.934107	0.004615	10.9
536	-0.837540	207.738189	0.005226	7.9
537	-0.000000	207.542762	0.000000	9.5
538	-1.062259	207.347825	0.009396	10.8
539	-0.192290	207.153376	0.005033	12.9
540	-1.241414	206.959412	0.009309	10.0
541	-1.799248	206.765932	0.020486	11.7
542	-1.194512	206.572933	0.012431	8.6
543	-0.888214	206.380414	0.004428	12.4
544	-0.067889	206.188373	0.001486	17.2
545	-1.725417	205.996807	0.009876	8.7
546	-1.050132	205.805716	0.005871	8.2
547	-0.170435	205.615096	0.001719	19.3
548	-0.883476	205.424946	0.014563	12.4
549	-0.791783	205.235265	0.010596	12.3
550	-1.403005	205.046050	0.021471	8.9
551	-1.637498	204.857299	0.024663	10.2
552	-1.265877	204.669011	0.015886	14.3
553	-1.893434	204.481184	0.007359	8.4
554	-1.516689	204.293816	0.016918	11.1
555	-1.482024	204.106905	0.005600	13.9
556	-0.734018	203.920449	0.007135	9.8
557	-0.952650	203.734447	0.018837	12.8
558	-0.000001	203.548896	0.000000	8.6
559	-0.447232	203.363795	0.003983	9.5
560	-0.784636	203.179143	0.006884	13.7
561	-1.552662	202.994937	0.016500	8.2
562	-1.899219	202.811176	0.015578	9.4
563	-1.764691	202.627857	0.021269	11.0
564	-0.886739	202.444980	0.010385	13.4
565	-1.836050	202.262543	0.051943	9.2
566	-0.152638	202.080543	0.002906	13.5
567	-1.033293	201.898979	0.036532	11.0
568	-1.587448	201.717849	0.010553	11.6
569	-1.600305	201.537153	0.033439	10.7
570	-1.711978	201.356887	0.018505	8.4
571	-0.090641	201.177050	0.002185	10.2
572	-1.028709	200.997642	0.008417	13.1
573	-0.988951	200.818659	0.008979	8.0
574	-0.085704	200.640100	0.002708	13.5
575	-0.141205	200.461965	0.001841	10.2
576	-0.668146	200.284250	0.005361	9.1
577	-1.134535	200.106955	0.006178	12.8
578	-1.413156	199.930078	0.010735	9.6
579	-1.058677	199.753617	0.013718	7.0
580	-1.431091	199.577571	0.008563	9.9
581	-0.000004	199.401938	0.000001	10.1
582	-1.761773	199.226717	0.016161	9.1
583	-1.428064	199.051905	0.014003	10.0
584	-0.997034	198.877502	0.006085	11.0
585	-0.978829	198.703506	0.007130	8.2
586	-0.892122	198.529916	0.006266	9.4
587	-1.207141	198.356729	0.047479	11.8
588	-0.554562	198.183944	0.003015	10.9
589	-1.179738	198.011560	0.008341	14.0
590	-1.345499	197.839576	0.005589	9.8
591	-1.456284	197.667989	0.017070	7.8
592	-0.732437	197.496798	0.006844	9.3
593	-1.004935	197.326002	0.004538	9.5
594	-0.405378	197.155600	0.005160	7.9
595	-1.231907	196.985589	0.004671	7.8
596	-0.063217	196.815969	0.001089	8.4
597	-1.724784	196.646738	0.011770	9.4
598	-0.929041	196.477894	0.007949	8.8
599	-1.471296	196.309436	0.014129	8.1
600	-0.955938	196.141363	0.008744	9.1
601	-1.821063	195.973673	0.006858	8.0
602	-0.440518	195.806365	0.006466	10.5
603	-1.477383	195.639437	0.011544	7.8
604	-1.599836	195.472888	0.041379	9.2
605	-1.496329	195.306717	0.016075	8.9
606	-1.298734	195.140922	0.023999	11.8
607	-0.004326	194.975501	0.000305	7.4
608	-1.759742	194.810454	0.013107	7.3
609	-1.568762	194.645779	0.011249	10.0
610	-0.684963	194.481475	0.007498	8.8
611	-1.863132	194.317540	0.022842	8.1
612	-0.048906	194.153973	0.000773	8.8
613	-0.586986	193.990773	0.005407	8.8
614	-1.015591	193.827938	0.008928	8.8
615	-1.011231	193.665467	0.030440	12.7
616	-1.942657	193.503358	0.019023	9.3
617	-0.383356	193.341611	0.005570	9.0
618	-0.982278	193.180224	0.008648	7.2
619	-1.247483	193.019196	0.003560	8.5
620	-0.314487	192.858525	0.003018	8.0
621	-1.285432	192.698210	0.012581	9.8
622	-1.279952	192.538251	0.012656	11.0
623	-1.642426	192.378644	0.025341	8.4
624	-0.406388	192.219391	0.004414	8.3
625	-1.182235	192.060488	0.012527	8.7
626	-1.863482	191.901935	0.013018	8.0
627	-0.922468	191.743730	0.006459	9.4
628	-1.479633	191.585873	0.014464	8.3
629	-1.497132	191.428362	0.021705	8.9
630	-1.843908	191.271196	0.006754	9.2
631	-1.705650	191.114374	0.018552	8.3
632	-1.285380	190.957893	0.011990	10.4
633	-1.092502	190.801755	0.010415	8.7
634	-1.652592	190.645956	0.019243	8.0
635	-0.729522	190.490495	0.007024	10.4
636	-1.591330	190.335373	0.009775	9.2
637	-0.822781	190.180587	0.018656	9.3
638	-0.277922	190.026136	0.004702	8.1
639	-2.004853	189.872019	0.024093	8.4
640	-0.916224	189.718235	0.006921	7.9
641	-0.942794	189.564782	0.014631	9.3
642	-0.396044	189.411661	0.005705	8.7
643	-1.266109	189.258868	0.008480	8.7
644	-0.356476	189.106404	0.004025	8.9
645	-2.035695	188.954267	0.008963	8.9
646	-0.699620	188.802456	0.006826	9.9
647	-0.738185	188.650969	0.007075	8.4
648	-1.596906	188.499807	0.005767	9.3
649	-0.044746	188.348967	0.000564	7.4
650	-1.190224	188.198448	0.022143	14.6
651	-1.810815	188.048250	0.008126	8.9
652	-1.139085	187.898371	0.008971	8.4
653	-0.328258	187.748810	0.002725	8.3
654	-1.041977	187.599566	0.013324	8.4
655	-1.974860	187.450638	0.017514	8.8
656	-0.331486	187.302025	0.009084	8.9
657	-1.594508	187.153725	0.009162	8.6
658	-1.377190	187.005739	0.004887	9.0
659	-0.443411	186.858064	0.008231	14.4
660	-1.731351	186.710699	0.012896	8.6
661	-0.000498	186.563645	0.000076	8.4
662	-0.117132	186.416898	0.002745	10.1
663	-1.430895	186.270459	0.012189	11.9
664	-1.798280	186.124326	0.024047	7.9
665	-1.186983	185.978499	0.012604	9.2
666	-0.591978	185.832976	0.011628	18.9
667	-1.673091	185.687756	0.012098	7.7
668	-1.824050	185.542838	0.023174	8.3
669	-0.551539	185.398222	0.005623	8.7
670	-1.319503	185.253906	0.008183	9.3
671	-0.001260	185.109889	0.000205	10.1
672	-0.983582	184.966170	0.013226	9.2
673	-0.765742	184.822748	0.004092	8.2
674	-1.100724	184.679623	0.009698	12.0
675	-0.211384	184.536792	0.003732	8.9
676	-0.083319	184.394256	0.002844	9.5
677	-1.193471	184.252013	0.023845	7.1
678	-0.294166	184.110062	0.002010	9.3
679	-1.442597	183.968403	0.006616	8.3
680	-0.441502	183.827034	0.005148	12.5
681	-1.458389	183.685954	0.014479	14.2
682	-2.011152	183.545163	0.022754	8.6
683	-1.303992	183.404658	0.008102	8.7
684	-1.714119	183.264441	0.012642	8.8
685	-1.254809	183.124509	0.016144	9.7
686	-1.324348	182.984861	0.010725	8.6
687	-0.240226	182.845497	0.002302	9.0
688	-0.848821	182.706416	0.022639	8.2
689	-0.019389	182.567616	0.001583	8.8
690	-1.511885	182.429098	0.021350	8.6
691	-0.762139	182.290859	0.006331	14.0
692	-0.252070	182.152899	0.002645	10.1
693	-0.487910	182.015217	0.008264	7.7
694	-0.025996	181.877813	0.001638	8.7
695	-0.316024	181.740684	0.002161	9.1
696	-1.457715	181.603832	0.005148	8.7
697	-0.902318	181.467253	0.021844	8.8
698	-0.825610	181.330948	0.008097	12.8
699	-1.253623	181.194916	0.014001	7.9
700	-0.541136	181.059155	0.005063	10.3
701	-0.300346	180.923666	0.004031	12.9
702	-1.179602	180.788446	0.008691	8.7
703	-1.518942	180.653496	0.027575	10.4
704	-1.668839	180.518814	0.016337	10.3
705	-1.829335	180.384399	0.047995	8.0
706	-1.962759	180.250251	0.016477	9.4
707	-0.280522	180.116369	0.003865	8.8
708	-1.165120	179.982752	0.026315	8.4
709	-1.376077	179.849398	0.020725	10.9
710	-1.566087	179.716308	0.018809	12.4
711	-1.277254	179.583480	0.018713	9.1
712	-0.337625	179.450913	0.010706	10.1
713	-1.827856	179.318607	0.011979	8.2
714	-0.205725	179.186561	0.003929	9.0
715	-0.649237	179.054774	0.010888	8.2
716	-0.001378	178.923245	0.000208	8.3
717	-0.216539	178.791973	0.003569	7.9
718	-1.386478	178.660958	0.008342	8.3
719	-1.876984	178.530199	0.021424	8.9
720	-0.809797	178.399694	0.006206	8.5
721	-1.623119	178.269444	0.015971	9.2
722	-0.499262	178.139447	0.002919	8.2
723	-1.603012	178.009702	0.024848	9.7
724	-1.822526	177.880209	0.024420	14.2
725	-1.450287	177.750967	0.014834	8.0
726	-0.380819	177.621975	0.003998	8.2
727	-0.008598	177.493232	0.000627	7.8
728	-0.275048	177.364738	0.003803	8.4
729	-1.786433	177.236492	0.014700	9.1
730	-1.391981	177.108492	0.013682	8.4
731	-0.789168	176.980739	0.008680	8.8
732	-1.639075	176.853231	0.014848	10.2
733	-1.471507	176.725968	0.007634	12.1
734	-1.615850	176.598949	0.025862	10.0
735	-0.000020	176.472173	0.000005	8.1
736	-0.625160	176.345639	0.005205	8.9
737	-0.491059	176.219348	0.005887	8.5
738	-1.864850	176.093296	0.020351	9.3
739	-1.884497	175.967486	0.007875	10.2
740	-1.805504	175.841914	0.008808	8.1
741	-1.570493	175.716581	0.015917	7.6
742	-1.167555	175.591486	0.012954	8.9
743	-1.516368	175.466629	0.004517	18.5
744	-1.375381	175.342008	0.005882	8.0
745	-1.055385	175.217622	0.005136	8.0
746	-1.369493	175.093472	0.016930	12.8
747	-1.160570	174.969556	0.036343	8.1
748	-0.576772	174.845873	0.006434	8.0
749	-1.661882	174.722423	0.020496	8.6
750	-1.684869	174.599206	0.009864	8.7
751	-1.614866	174.476220	0.009359	8.4
752	-1.725934	174.353464	0.026263	9.1
753	-0.959820	174.230939	0.009166	8.6
754	-0.005458	174.108643	0.000509	9.0
755	-1.336737	173.986576	0.017918	8.6
756	-0.558781	173.864737	0.005361	8.2
757	-0.760560	173.743124	0.006662	9.6
758	-1.561382	173.621739	0.012589	7.9
759	-0.114177	173.500579	0.003617	8.6
760	-1.927592	173.379645	0.023160	8.6
761	-0.892928	173.258935	0.008417	9.0
762	-0.134933	173.138449	0.005124	9.1
763	-0.891619	173.018186	0.006472	11.0
764	-1.189964	172.898146	0.012279	8.4
765	-1.675948	172.778327	0.011738	8.5
766	-0.987849	172.658730	0.006947	9.4
767	-1.610872	172.539353	0.010239	8.1
768	-0.012037	172.420196	0.000336	8.2
769	-0.847554	172.301258	0.008619	9.2
770	-1.603265	172.182539	0.014454	7.8
771	-0.322831	172.064037	0.002468	9.4
772	-0.810747	171.945753	0.013191	8.6
773	-1.422118	171.827686	0.021117	14.9
774	-1.308830	171.709834	0.005133	8.7
775	-0.061966	171.592198	0.001836	7.7
776	-1.436151	171.474776	0.014495	9.4
777	-0.397347	171.357568	0.007717	11.7
778	-1.389689	171.240574	0.008847	11.2
779	-0.000029	171.123793	0.000007	9.1
780	-0.818339	171.007223	0.013902	8.7
781	-1.651524	170.890865	0.004175	7.8
782	-1.129450	170.774718	0.005410	8.9
783	-1.247311	170.658782	0.013153	8.7
784	-0.008813	170.543055	0.000531	12.4
785	-1.698952	170.427537	0.012522	8.8
786	-1.813996	170.312227	0.034376	8.2
787	-0.703497	170.197125	0.009657	8.8
788	-0.505517	170.082231	0.016416	7.9
789	-1.938532	169.967543	0.019612	8.8
790	-1.673762	169.853061	0.011042	8.1
791	-1.720991	169.738784	0.024081	8.6
792	-1.672093	169.624713	0.012115	9.4
793	-1.454294	169.510845	0.009702	9.7
794	-0.315850	169.397181	0.006464	8.1
795	-1.790978	169.283720	0.016828	8.8
796	-1.431713	169.170462	0.010515	8.9
797	-0.288815	169.057405	0.005088	8.6
798	-0.850535	168.944549	0.009918	8.3
799	-0.805929	168.831895	0.003768	9.6
800	-1.833310	168.719440	0.025178	7.8
801	-0.293536	168.607185	0.007878	9.2
802	-0.847411	168.495129	0.006999	8.0
803	-1.586899	168.383271	0.027427	8.9
804	-1.137476	168.271611	0.014832	9.4
805	-1.156390	168.160148	0.008894	8.4
806	-0.798493	168.048882	0.006412	8.9
807	-0.194225	167.937812	0.005810	21.9
808	-1.392858	167.826938	0.047771	9.0
809	-1.627373	167.716258	0.033835	8.0
810	-0.512222	167.605773	0.005596	9.1
811	-1.651688	167.495482	0.016334	7.7
812	-1.812887	167.385384	0.017185	8.7
813	-0.022843	167.275479	0.000732	8.8
814	-0.332626	167.165766	0.002756	10.0
815	-1.854811	167.056245	0.026170	8.4
816	-1.586150	166.946915	0.010578	11.8
817	-1.788171	166.837776	0.012687	11.1
818	-0.245262	166.728826	0.002769	11.8
819	-0.624418	166.620067	0.006713	8.8
820	-0.507435	166.511496	0.007620	9.0
821	-0.746268	166.403113	0.007321	9.8
822	-0.631618	166.294919	0.004082	9.8
823	-0.591111	166.186912	0.008129	8.5
824	-1.575580	166.079091	0.020632	9.0
825	-0.733538	165.971458	0.008263	8.0
826	-1.860089	165.864009	0.025384	8.5
827	-0.008448	165.756747	0.000696	9.0
828	-0.042771	165.649669	0.000889	10.0
829	-1.886766	165.542775	0.011644	7.7
830	-0.336437	165.436065	0.001791	8.7
831	-1.338838	165.329538	0.031936	10.7
832	-0.739176	165.223194	0.018422	10.6
833	-0.738437	165.117032	0.007188	8.7
834	-1.076326	165.011052	0.021252	9.3
835	-1.150520	164.905253	0.014665	8.4
836	-1.692455	164.799635	0.011222	8.9
837	-1.169354	164.694197	0.016521	7.9
838	-1.164123	164.588939	0.030041	9.5
839	-1.789017	164.483859	0.008230	9.3
840	-0.005481	164.378959	0.000425	9.0
841	-1.398278	164.274237	0.017432	9.2
842	-1.131421	164.169692	0.009865	9.4
843	-1.554523	164.065325	0.015875	11.5
844	-1.449601	163.961135	0.011793	14.4
845	-0.531760	163.857120	0.006523	8.1
846	-0.230170	163.753282	0.002924	10.4
847	-1.893488	163.649619	0.021717	8.2
848	-1.460923	163.546130	0.017295	8.6
849	-0.549351	163.442816	0.005391	9.5
850	-0.306976	163.339676	0.003284	8.6
851	-1.258799	163.236709	0.013964	8.9
852	-0.762258	163.133915	0.005811	10.6
853	-0.017111	163.031294	0.000330	7.9
854	-1.894968	162.928844	0.013525	8.1
855	-0.140507	162.826566	0.002497	9.0
856	-0.770810	162.724459	0.007021	8.9
857	-0.766742	162.622523	0.009447	7.8
858	-0.002749	162.520757	0.000258	9.5
859	-0.091226	162.419160	0.001693	9.4
860	-0.959685	162.317733	0.006493	7.9
861	-1.615009	162.216474	0.020078	8.2
862	-1.789825	162.115383	0.035855	12.6
863	-0.822222	162.014461	0.007692	9.0
864	-1.918449	161.913705	0.021490	9.2
865	-0.017649	161.813117	0.000418	8.5
866	-1.092786	161.712695	0.010702	8.3
867	-0.209361	161.612439	0.002269	9.9
868	-0.029160	161.512349	0.001587	9.5
869	-1.353668	161.412424	0.014717	11.0
870	-0.779281	161.312663	0.006318	9.1
871	-0.000000	161.213067	0.000000	15.6
872	-1.625652	161.113635	0.013476	8.8
873	-0.921878	161.014366	0.010025	8.0
874	-1.328543	160.915260	0.023075	8.4
875	-1.473006	160.816316	0.014115	8.4
876	-1.566735	160.717535	0.016544	9.0
877	-0.566290	160.618915	0.003330	9.1
878	-1.066899	160.520456	0.007848	9.2
879	-0.070363	160.422158	0.001398	8.6
880	-1.771563	160.324021	0.027634	10.5
881	-1.479977	160.226043	0.007503	9.7
882	-1.733841	160.128225	0.009875	8.2
883	-1.235010	160.030566	0.013869	8.1
884	-0.839692	159.933066	0.007811	8.4
885	-1.898357	159.835723	0.021922	16.0
886	-1.368090	159.738539	0.008365	6.8
887	-1.498774	159.641512	0.011790	8.8
888	-0.449439	159.544642	0.003668	8.4
889	-1.859547	159.447929	0.014333	8.9
890	-0.020840	159.351372	0.001378	9.5
891	-0.752094	159.254971	0.006061	17.0
892	-1.430137	159.158725	0.010807	8.5
893	-1.179779	159.062634	0.006276	9.0
894	-0.299993	158.966697	0.004861	9.3
895	-0.943936	158.870915	0.022009	9.1
896	-1.664624	158.775286	0.010870	9.3
897	-1.215671	158.679811	0.017202	13.2
898	-1.528644	158.584489	0.019204	9.9
899	-1.651017	158.489319	0.022581	13.4
900	-1.844582	158.394302	0.013426	9.7
901	-0.435030	158.299436	0.004661	10.9
902	-0.481163	158.204721	0.006100	8.4
903	-1.892307	158.110158	0.016120	9.4
904	-0.224439	158.015745	0.002584	8.2
905	-0.854025	157.921482	0.011074	8.4
906	-1.250785	157.827369	0.006789	14.9
907	-0.741913	157.733406	0.006021	7.6
908	-1.409208	157.639591	0.013233	11.4
909	-1.124225	157.545925	0.015758	7.9
910	-0.000081	157.452408	0.000016	10.5
911	-1.788795	157.359038	0.012728	8.3
912	-0.051643	157.265816	0.001037	8.1
913	-1.349602	157.172741	0.007355	8.3
914	-1.374315	157.079813	0.005340	9.6
915	-0.140490	156.987031	0.001643	8.8
916	-0.879991	156.894395	0.007251	8.5
917	-1.404584	156.801904	0.009629	8.5
918	-1.799447	156.709559	0.018781	9.3
919	-1.230897	156.617359	0.009868	14.7
920	-1.000652	156.525304	0.008272	8.9
921	-1.579630	156.433392	0.013960	12.8
922	-1.536454	156.341624	0.012324	10.8
923	-0.052161	156.250000	0.001257	7.7
924	-1.713636	156.158519	0.031126	9.3
925	-1.238962	156.067180	0.010877	7.7
926	-0.439785	155.975984	0.003136	9.7
927	-0.968271	155.884930	0.012326	14.5
928	-1.176510	155.794017	0.012000	11.9
929	-1.851190	155.703246	0.016495	9.4
930	-1.301161	155.612615	0.008385	8.2
931	-0.366811	155.522125	0.004848	8.7
932	-1.670740	155.431775	0.008618	9.2
933	-0.164238	155.341565	0.003686	9.8
934	-1.691316	155.251495	0.014323	9.5
935	-0.906966	155.161563	0.040183	9.9
936	-1.851916	155.071771	0.011279	9.5
937	-1.620001	154.982117	0.011071	9.1
938	-0.325794	154.892601	0.005504	8.6
939	-1.072248	154.803222	0.021466	8.4
940	-0.127957	154.713981	0.002541	8.2
941	-1.658102	154.624878	0.038695	9.0
942	-1.252102	154.535910	0.010970	8.0
943	-0.885956	154.447080	0.004913	7.9
944	-1.607270	154.358385	0.010949	9.5
945	-0.899901	154.269826	0.016307	8.3
946	-0.496177	154.181402	0.004261	9.0
947	-1.012297	154.093114	0.010307	13.6
948	-0.090505	154.004960	0.001958	9.8
949	-0.016101	153.916940	0.000673	7.0
950	-1.829704	153.829054	0.043878	9.2
951	-0.232538	153.741303	0.003906	8.2
952	-1.130387	153.653684	0.009601	8.9
953	-1.291452	153.566198	0.008304	11.2
954	-1.484491	153.478846	0.014020	8.5
955	-1.613052	153.391625	0.026552	13.2
956	-1.984547	153.304537	0.028946	8.9
957	-1.545355	153.217580	0.013837	12.0
958	-1.778713	153.130755	0.010441	8.8
959	-0.297398	153.044061	0.003152	10.4
960	-1.480341	152.957498	0.016802	8.3
961	-1.085758	152.871065	0.011666	9.0
962	-1.354350	152.784762	0.013642	10.1
963	-0.648590	152.698589	0.006419	8.8
964	-1.376201	152.612545	0.019864	9.7
965	-1.403637	152.526631	0.019210	8.3
966	-2.021834	152.440845	0.021654	9.5
967	-1.551070	152.355188	0.009928	9.4
968	-1.751108	152.269660	0.018625	8.9
969	-1.508007	152.184259	0.015765	12.1
970	-1.681690	152.098986	0.009233	8.0
971	-1.296027	152.013840	0.004434	7.8
972	-0.848124	151.928821	0.011929	9.4
973	-0.139053	151.843928	0.003177	8.4
974	-0.119706	151.759163	0.003064	9.3
975	-1.532219	151.674523	0.034966	9.4
976	-1.544752	151.590009	0.022475	10.3
977	-0.879948	151.505620	0.008021	9.0
978	-0.088656	151.421357	0.002129	8.1
979	-1.400709	151.337218	0.008849	8.5
980	-0.245518	151.253204	0.002927	9.0
981	-0.946448	151.169314	0.020436	7.9
982	-1.777534	151.085549	0.008287	9.2
983	-0.734786	151.001907	0.010476	13.7
984	-1.005303	150.918388	0.020025	8.6
985	-1.623692	150.834992	0.009598	9.4
986	-0.063523	150.751719	0.001675	6.9
987	-0.894970	150.668569	0.005614	8.8
988	-1.230321	150.585541	0.007089	8.3
989	-1.714464	150.502634	0.015388	8.8
990	-1.697694	150.419849	0.028301	9.0
991	-1.716274	150.337186	0.006974	9.2
992	-1.829325	150.254644	0.018472	10.8
993	-0.217440	150.172222	0.004584	9.1
994	-1.597168	150.089921	0.034612	9.7
995	-1.641484	150.007740	0.016607	11.9
996	-0.883623	149.925679	0.006666	8.3
997	-0.350624	149.843737	0.005269	9.8
998	-1.655132	149.761915	0.019739	8.7
999	-1.790383	149.680212	0.011265	9.0
1000	-0.099361	149.598627	0.004490	9.0
1001	-1.582975	149.517161	0.012763	8.0
1002	-0.293091	149.435814	0.002924	8.8
1003	-0.296347	149.354584	0.002991	7.9
1004	-1.831739	149.273472	0.008910	7.8
1005	-0.833570	149.192477	0.006090	9.8
1006	-1.049945	149.111599	0.004312	13.4
1007	-1.937945	149.030838	0.009376	9.6
1008	-0.061922	148.950194	0.002065	9.6
1009	-1.721818	148.869666	0.017145	8.3
1010	-0.940683	148.789253	0.008349	8.7
1011	-0.005124	148.708957	0.000403	8.9
1012	-1.700895	148.628776	0.023427	10.7
1013	-0.890276	148.548710	0.009005	9.1
1014	-1.468878	148.468759	0.009567	8.4
1015	-0.549826	148.388923	0.008029	9.4
1016	-1.713683	148.309201	0.031498	8.9
1017	-0.109632	148.229594	0.002258	11.0
1018	-1.573905	148.150100	0.015948	9.8
1019	-1.211182	148.070719	0.014880	8.3
1020	-0.192646	147.991452	0.002645	9.6
1021	-1.786241	147.912298	0.017671	10.8
1022	-1.433686	147.833257	0.015186	8.0
1023	-1.503915	147.754329	0.010495	8.5
1024	-1.754062	147.675512	0.017007	11.0
1025	-0.954596	147.596808	0.011730	8.4
1026	-1.622881	147.518216	0.012124	9.6
1027	-0.772698	147.439735	0.015899	8.0
1028	-1.668605	147.361365	0.011832	9.2
1029	-1.579914	147.283106	0.007771	8.2
1030	-0.545298	147.204958	0.006718	8.8
1031	-0.002736	147.126920	0.000241	8.0
1032	-1.707984	147.048993	0.024842	8.4
1033	-0.559767	146.971175	0.006192	9.4
1034	-1.448532	146.893468	0.006926	9.0
1035	-1.571581	146.815869	0.014372	9.0
1036	-0.700282	146.738380	0.007301	8.7
1037	-0.707342	146.661000	0.010444	8.5
1038	-1.777884	146.583729	0.018032	8.5
1039	-1.812200	146.506566	0.018306	7.8
1040	-1.548159	146.429511	0.012992	9.3
1041	-0.074733	146.352565	0.002052	8.3
1042	-0.263148	146.275726	0.003416	9.0
1043	-1.115896	146.198994	0.011834	15.2
1044	-1.741489	146.122370	0.017851	8.0
1045	-0.566735	146.045853	0.013906	8.8
1046	-0.332084	145.969442	0.003996	8.3
1047	-1.773930	145.893139	0.009830	9.7
1048	-1.497892	145.816941	0.005424	9.0
1049	-0.161316	145.740849	0.001801	7.2
1050	-1.287148	145.664863	0.010992	9.0
1051	-1.362596	145.588983	0.023408	7.2
1052	-1.010540	145.513208	0.009388	7.6
1053	-1.799927	145.437538	0.024777	8.4
1054	-0.519693	145.361973	0.006348	8.6
1055	-1.811843	145.286513	0.008015	16.6
1056	-0.008208	145.211157	0.000370	8.0
1057	-0.410167	145.135905	0.003275	9.3
1058	-0.328266	145.060757	0.003214	9.0
1059	-1.166456	144.985712	0.010586	8.7
1060	-1.198802	144.910771	0.009377	8.6
1061	-0.898600	144.835934	0.008641	8.2
1062	-0.555353	144.761199	0.005429	8.8
1063	-0.712500	144.686567	0.009789	8.2
1064	-1.617253	144.612037	0.020782	8.6
1065	-0.221061	144.537610	0.004208	9.6
1066	-0.012856	144.463285	0.000762	18.0
1067	-0.504736	144.389062	0.002506	7.8
1068	-0.738473	144.314940	0.023059	9.6
1069	-1.988296	144.240920	0.007512	10.0
1070	-1.176881	144.167001	0.014030	9.2
1071	-1.421643	144.093182	0.023090	11.0
1072	-1.342443	144.019465	0.010277	14.1
1073	-1.777356	143.945848	0.007168	8.6
1074	-1.484188	143.872331	0.008508	13.0
1075	-0.572066	143.798914	0.004801	8.4
1076	-0.107882	143.725597	0.001844	7.9
1077	-1.493420	143.652380	0.016183	10.5
1078	-1.061456	143.579262	0.011161	10.0
1079	-0.774675	143.506243	0.005081	7.7
1080	-1.754912	143.433323	0.010127	8.8
1081	-1.990008	143.360502	0.012501	9.2
1082	-1.143565	143.287780	0.024243	10.4
1083	-1.509588	143.215155	0.017856	8.7
1084	-1.392255	143.142629	0.015063	12.9
1085	-1.643244	143.070201	0.009054	9.2
1086	-0.196560	142.997870	0.002757	8.9
1087	-0.159045	142.925637	0.004338	9.1
1088	-0.737176	142.853501	0.005489	9.4
1089	-1.109296	142.781462	0.005837	9.0
1090	-0.983391	142.709519	0.009101	9.1
1091	-1.741939	142.637674	0.013633	9.6
1092	-1.481295	142.565924	0.017223	8.7
1093	-1.510599	142.494271	0.015812	8.0
1094	-1.086448	142.422714	0.007786	8.3
1095	-1.880517	142.351252	0.016953	9.3
1096	-1.888342	142.279886	0.023890	7.2
1097	-0.161045	142.208616	0.002035	8.7
1098	-1.564173	142.137440	0.009739	11.0
1099	-1.959693	142.066360	0.010125	10.9
1100	-0.033768	141.995374	0.001051	9.9
1101	-1.836306	141.924483	0.013742	10.2
1102	-1.339658	141.853685	0.012443	9.6
1103	-1.697356	141.782983	0.016103	9.0
1104	-1.073272	141.712373	0.009545	11.4
1105	-1.711027	141.641858	0.023202	10.7
1106	-1.088344	141.571436	0.006560	8.8
1107	-1.822344	141.501108	0.018935	9.2
1108	-1.771498	141.430872	0.026447	8.7
1109	-1.419588	141.360730	0.006472	10.8
1110	-1.403089	141.290680	0.006857	7.4
1111	-1.650636	141.220722	0.009447	8.3
1112	-0.052463	141.150857	0.001856	9.3
1113	-1.011512	141.081084	0.007258	8.6
1114	-1.185954	141.011403	0.017866	10.9
1115	-0.923299	140.941813	0.007102	8.7
1116	-1.564522	140.872315	0.013789	8.4
1117	-1.712392	140.802909	0.016570	9.7
1118	-1.127048	140.733593	0.006221	9.0
1119	-1.907921	140.664369	0.018482	8.8
1120	-1.293971	140.595235	0.009984	8.0
1121	-2.001460	140.526192	0.027769	14.0
1122	-0.310308	140.457239	0.003617	9.2
1123	-1.687202	140.388376	0.010371	16.8
1124	-0.476556	140.319603	0.004429	7.9
1125	-1.456806	140.250920	0.009085	8.4
1126	-1.070327	140.182326	0.006759	11.7
1127	-1.091078	140.113822	0.024538	8.6
1128	-1.067785	140.045407	0.007317	9.4
1129	-0.423556	139.977081	0.003411	8.6
1130	-1.435841	139.908844	0.007276	10.5
1131	-1.816381	139.840696	0.006768	8.5
1132	-1.042276	139.772635	0.015782	9.9
1133	-0.676017	139.704664	0.004455	8.7
1134	-0.836282	139.636780	0.005957	8.9
1135	-0.232332	139.568984	0.005218	15.9
1136	-1.547120	139.501276	0.011779	7.6
1137	-1.887095	139.433655	0.027033	11.3
1138	-1.282509	139.366122	0.017639	17.5
1139	-0.763767	139.298676	0.006798	9.3
1140	-1.285978	139.231317	0.008857	10.0
1141	-0.005962	139.164045	0.000483	10.6
1142	-1.704106	139.096859	0.019926	8.7
1143	-0.832609	139.029760	0.014000	8.2
1144	-0.000000	138.962747	0.000000	8.9
1145	-1.057220	138.895820	0.012821	8.8
1146	-0.993243	138.828978	0.020871	9.3
1147	-1.884008	138.762223	0.019834	9.3
1148	-1.112822	138.695553	0.009752	9.4
1149	-1.445745	138.628969	0.018649	8.3
1150	-1.634288	138.562469	0.012853	13.0
1151	-1.693820	138.496055	0.028764	9.8
1152	-1.852311	138.429725	0.014485	7.9
1153	-0.807347	138.363481	0.006558	9.2
1154	-1.420761	138.297320	0.004839	8.3
1155	-0.291136	138.231244	0.002649	8.1
1156	-0.230076	138.165252	0.002952	10.1
1157	-1.396764	138.099344	0.009823	9.6
1158	-1.684453	138.033520	0.007459	7.7
1159	-0.943803	137.967779	0.006881	9.1
1160	-1.815704	137.902122	0.011664	9.7
1161	-1.218377	137.836548	0.008000	9.1
1162	-1.026547	137.771057	0.022059	10.3
1163	-1.873141	137.705649	0.029988	9.0
1164	-1.365065	137.640324	0.010236	9.6
1165	-1.856692	137.575081	0.015596	8.7
1166	-1.868480	137.509921	0.022886	9.4
1167	-0.231305	137.444842	0.003153	8.9
1168	-0.205216	137.379846	0.003638	12.8
1169	-1.571543	137.314932	0.019823	9.4
1170	-0.002093	137.250100	0.000218	9.0
1171	-1.659841	137.185349	0.030851	7.7
1172	-0.536689	137.120680	0.005223	8.4
1173	-0.942441	137.056092	0.003346	8.9
1174	-0.831305	136.991585	0.014496	8.9
1175	-1.492229	136.927158	0.005486	8.4
1176	-1.938232	136.862813	0.014792	8.3
1177	-1.318739	136.798548	0.015245	8.1
1178	-0.919456	136.734363	0.006678	14.2
1179	-1.324350	136.670259	0.010576	11.3
1180	-0.319395	136.606235	0.004837	8.0
1181	-0.324949	136.542291	0.003524	8.4
1182	-1.404939	136.478426	0.006311	9.3
1183	-0.602170	136.414641	0.005937	10.0
1184	-1.864894	136.350936	0.015626	8.7
1185	-0.858745	136.287310	0.009144	7.8
1186	-0.701309	136.223763	0.005908	8.4
1187	-0.458796	136.160295	0.005023	8.6
1188	-1.808549	136.096905	0.020148	8.3
1189	-0.442486	136.033594	0.004305	8.6
1190	-1.562546	135.970362	0.012769	8.0
1191	-1.580122	135.907208	0.009244	8.9
1192	-0.128360	135.844133	0.002770	8.0
1193	-1.207989	135.781135	0.004435	8.1
1194	-1.034594	135.718215	0.011492	8.3
1195	-0.992643	135.655373	0.007166	7.7
1196	-1.363997	135.592608	0.019458	8.6
1197	-0.567305	135.529921	0.005006	9.2
1198	-0.000000	135.467311	0.000000	8.6
1199	-0.012875	135.404778	0.000485	9.0
1200	-0.000025	135.342322	0.000005	8.7
1201	-1.480035	135.279942	0.013192	9.8
1202	-0.368452	135.217640	0.007731	8.5
1203	-1.188647	135.155413	0.022187	10.1
1204	-0.000000	135.093263	0.000000	9.6
1205	-1.309889	135.031190	0.008915	9.5
1206	-1.574436	134.969192	0.019389	8.3
1207	-0.987089	134.907270	0.006834	10.2
1208	-0.952970	134.845424	0.017810	9.7
1209	-1.806526	134.783653	0.018762	9.7
1210	-1.220285	134.721958	0.005205	14.7
1211	-1.497097	134.660338	0.017283	7.5
1212	-1.009774	134.598793	0.005970	8.6
1213	-0.992988	134.537323	0.008213	8.0
1214	-0.946543	134.475927	0.003669	8.9
1215	-1.510818	134.414607	0.019808	8.9
1216	-1.969290	134.353361	0.022041	9.7
1217	-1.180406	134.292189	0.004278	10.6
1218	-1.272381	134.231092	0.014987	11.7
1219	-0.703841	134.170068	0.004025	11.0
1220	-1.623101	134.109119	0.011868	8.7
1221	-1.471028	134.048243	0.010357	8.9
1222	-0.368570	133.987441	0.004916	8.6
1223	-0.305760	133.926713	0.004241	9.8
1224	-1.596685	133.866057	0.009627	9.0
1225	-1.736371	133.805475	0.025316	8.1
1226	-1.476038	133.744966	0.012510	8.9
1227	-1.883852	133.684530	0.018929	9.6
1228	-1.554314	133.624167	0.005361	9.3
1229	-1.696954	133.563877	0.020209	8.6
1230	-1.167932	133.503658	0.009111	10.8
1231	-0.965171	133.443513	0.019331	8.6
1232	-0.042477	133.383439	0.001939	8.3
1233	-1.003413	133.323437	0.019159	9.6
1234	-1.433909	133.263508	0.014261	7.8
1235	-0.949978	133.203650	0.007826	9.7
1236	-1.823562	133.143864	0.022117	9.6
1237	-0.687097	133.084149	0.007440	14.4
1238	-1.122153	133.024506	0.007809	8.6
1239	-0.639542	132.964934	0.007776	9.3
1240	-1.637292	132.905433	0.017468	9.2
1241	-1.328616	132.846003	0.008956	9.5
1242	-1.533447	132.786643	0.018056	9.3
1243	-0.173802	132.727355	0.002299	8.8
1244	-0.085626	132.668137	0.002650	8.9
1245	-1.188209	132.608989	0.006321	9.2
1246	-1.483490	132.549912	0.010459	9.9
1247	-0.089373	132.490904	0.001336	9.4
1248	-0.670306	132.431967	0.006122	14.0
1249	-1.689528	132.373100	0.008888	13.2
1250	-0.935834	132.314302	0.028045	8.8
1251	-0.799179	132.255574	0.006357	12.6
1252	-1.237670	132.196916	0.013583	10.1
1253	-0.111216	132.138326	0.002209	8.6
1254	-1.932962	132.079806	0.014294	8.7
1255	-1.680359	132.021355	0.014689	9.7
1256	-1.619796	131.962973	0.016826	8.0
1257	-1.598561	131.904660	0.010336	8.7
1258	-1.414119	131.846415	0.007003	9.5
1259	-0.874842	131.788239	0.009094	8.5
1260	-0.917009	131.730131	0.010652	12.8
1261	-0.500993	131.672092	0.004234	9.0
1262	-0.408432	131.614121	0.002910	7.9
1263	-1.066587	131.556217	0.007973	9.0
1264	-1.008010	131.498382	0.018699	8.6
1265	-1.722119	131.440614	0.015027	8.4
1266	-0.449101	131.382914	0.005276	9.7
1267	-1.564035	131.325282	0.023177	10.4
1268	-1.459152	131.267717	0.016699	8.7
1269	-1.188711	131.210219	0.023826	7.8
1270	-1.180549	131.152788	0.011183	8.9
1271	-0.220720	131.095424	0.003998	9.0
1272	-1.610231	131.038127	0.016937	8.2
1273	-1.485216	130.980897	0.020545	9.5
1274	-1.028190	130.923733	0.005445	15.0
1275	-0.051407	130.866636	0.001130	9.0
1276	-0.690497	130.809605	0.005811	8.2
1277	-1.526146	130.752641	0.010664	8.3
1278	-1.843865	130.695742	0.012067	9.0
1279	-1.221083	130.638910	0.016736	8.2
1280	-1.255214	130.582143	0.008173	8.6
1281	-1.777258	130.525442	0.005889	9.0
1282	-1.811760	130.468807	0.027300	7.6
1283	-1.615040	130.412237	0.016943	9.3
1284	-0.656844	130.355733	0.004114	10.5
1285	-1.337424	130.299294	0.006717	8.9
1286	-0.752205	130.242920	0.005456	8.5
1287	-0.684003	130.186611	0.008516	8.2
1288	-1.149632	130.130366	0.006203	8.5
1289	-1.685052	130.074187	0.013954	7.6
1290	-0.109490	130.018072	0.001501	8.7
1291	-0.624533	129.962022	0.006157	8.9
1292	-1.108605	129.906036	0.006373	8.6
1293	-1.363083	129.850114	0.021022	14.8
1294	-1.425507	129.794257	0.003802	7.6
1295	-1.714539	129.738463	0.028155	8.8
1296	-1.191346	129.682734	0.003860	8.7
1297	-1.864194	129.627068	0.027638	8.8
1298	-1.169038	129.571466	0.019031	9.1
1299	-0.407360	129.515927	0.011829	8.8
1300	-1.776368	129.460452	0.011193	10.5
1301	-1.534094	129.405040	0.013556	8.4
1302	-1.245504	129.349692	0.007616	8.9
1303	-0.435495	129.294406	0.005623	8.8
1304	-1.147357	129.239183	0.005807	14.4
1305	-1.681963	129.184024	0.026292	9.1
1306	-0.132252	129.128927	0.001578	8.8
1307	-0.405407	129.073892	0.004541	7.6
1308	-0.828074	129.018921	0.024705	9.7
1309	-1.711494	128.964011	0.013432	8.3
1310	-1.310196	128.909164	0.024984	7.8
1311	-1.074398	128.854379	0.024621	12.6
1312	-0.483870	128.799656	0.006505	8.7
1313	-1.581877	128.744995	0.013752	8.2
1314	-1.768965	128.690396	0.016540	8.3
1315	-1.664364	128.635858	0.012617	8.5
1316	-0.000287	128.581382	0.000058	10.0
1317	-1.911947	128.526968	0.016948	13.6
1318	-1.577530	128.472615	0.006327	8.1
1319	-0.627931	128.418323	0.004939	8.5
1320	-0.088436	128.364092	0.002981	8.9
1321	-0.001333	128.309922	0.000125	8.1
1322	-1.274757	128.255814	0.013968	8.2
1323	-0.411099	128.201766	0.005573	8.4
1324	-1.834659	128.147778	0.016327	8.0
1325	-1.401150	128.093852	0.010633	9.1
1326	-1.760243	128.039985	0.044928	9.4
1327	-1.729533	127.986180	0.022230	8.6
1328	-1.821588	127.932434	0.012070	8.8
1329	-1.248939	127.878749	0.013095	9.8
1330	-1.532855	127.825123	0.018176	12.5
1331	-0.456178	127.771558	0.003963	9.4
1332	-0.173251	127.718052	0.002260	8.7
1333	-1.645794	127.664606	0.012569	8.4
1334	-1.560444	127.611220	0.017581	9.1
1335	-1.967257	127.557893	0.020351	9.6
1336	-1.695340	127.504625	0.009492	14.6
1337	-1.697659	127.451417	0.008476	8.5
1338	-1.670686	127.398268	0.007099	8.4
1339	-1.961848	127.345178	0.020042	10.2
1340	-0.113048	127.292147	0.003122	10.1
1341	-1.616633	127.239175	0.020050	7.9
1342	-1.223090	127.186261	0.008158	8.3
1343	-1.097253	127.133407	0.021570	9.2
1344	-0.631984	127.080610	0.012175	14.8
1345	-0.033049	127.027872	0.001108	11.2
1346	-0.668459	126.975193	0.008279	8.8
1347	-1.894191	126.922572	0.029771	9.3
1348	-0.882743	126.870008	0.006986	9.0
1349	-1.211011	126.817503	0.017826	18.6
1350	-0.650090	126.765056	0.004997	8.5
1351	-0.054279	126.712667	0.001881	8.4
1352	-1.711087	126.660335	0.006908	10.2
1353	-0.316455	126.608061	0.005274	13.4
1354	-0.489383	126.555844	0.004363	18.0
1355	-0.846165	126.503685	0.005675	7.9
1356	-1.805243	126.451583	0.012316	9.3
1357	-0.628058	126.399538	0.008593	10.2
1358	-1.259896	126.347550	0.012613	10.2
1359	-0.781666	126.295619	0.004440	9.0
1360	-1.678840	126.243745	0.017310	9.9
1361	-0.000071	126.191928	0.000017	8.3
1362	-0.086445	126.140168	0.002228	9.3
1363	-1.406908	126.088464	0.017417	9.1
1364	-0.752300	126.036817	0.003842	13.3
1365	-0.883701	125.985226	0.009751	8.5
1366	-1.619422	125.933691	0.018100	8.7
1367	-0.778069	125.882212	0.008347	11.9
1368	-1.544342	125.830790	0.006655	10.3
1369	-0.942492	125.779423	0.008061	8.2
1370	-1.693837	125.728113	0.009964	9.2
1371	-1.910352	125.676858	0.015872	7.8
1372	-0.136763	125.625659	0.002214	8.8
1373	-0.487593	125.574515	0.003455	8.7
1374	-0.224545	125.523427	0.003084	8.3
1375	-0.024047	125.472394	0.000804	8.9
1376	-0.996396	125.421417	0.010054	8.7
1377	-1.526629	125.370495	0.010602	16.3
1378	-1.644896	125.319628	0.010890	9.3
1379	-1.026358	125.268815	0.013634	7.2
1380	-0.840997	125.218058	0.010454	8.9
1381	-1.838381	125.167356	0.015403	8.2
1382	-1.058681	125.116708	0.026799	9.7
1383	-1.662916	125.066115	0.014359	9.1
1384	-0.000097	125.015576	0.000017	9.2
1385	-1.358376	124.965092	0.009526	9.0
1386	-0.960262	124.914662	0.015273	8.8
1387	-1.502113	124.864287	0.007074	9.7
1388	-0.443740	124.813965	0.005504	8.6
1389	-0.000000	124.763698	0.000000	8.3
1390	-0.056427	124.713485	0.002407	8.5
1391	-1.501218	124.663325	0.009928	9.7
1392	-1.761474	124.613219	0.015080	8.6
1393	-0.865648	124.563167	0.010931	9.9
1394	-1.655260	124.513168	0.019198	8.9
1395	-0.967141	124.463223	0.004626	10.6
1396	-1.572948	124.413332	0.008446	9.7
1397	-1.636949	124.363493	0.014684	8.3
1398	-1.529831	124.313708	0.012487	8.4
1399	-1.162544	124.263976	0.006440	8.8
1400	-0.506048	124.214297	0.005678	9.2
1401	-1.296947	124.164671	0.020030	8.1
1402	-1.684727	124.115097	0.018074	8.8
1403	-0.419888	124.065577	0.006298	9.8
1404	-0.001442	124.016109	0.000252	9.3
1405	-0.789604	123.966693	0.010831	9.3
1406	-1.223229	123.917330	0.010579	8.9
1407	-0.879319	123.868020	0.014386	8.5
1408	-1.668300	123.818762	0.009462	9.4
1409	-1.395341	123.769556	0.020779	9.6
1410	-0.223441	123.720402	0.003166	9.7
1411	-0.000981	123.671300	0.000178	11.8
1412	-0.053823	123.622250	0.000924	8.4
1413	-1.030239	123.573252	0.018974	8.7
1414	-1.392315	123.524305	0.016484	8.5
1415	-1.448200	123.475411	0.010355	7.9
1416	-0.903371	123.426568	0.008839	9.3
1417	-0.590729	123.377776	0.005572	8.0
1418	-1.772431	123.329036	0.018188	9.6
1419	-0.030797	123.280347	0.001637	9.6
1420	-0.490053	123.231709	0.003066	9.8
1421	-1.645573	123.183122	0.006287	12.4
1422	-0.903852	123.134587	0.006699	8.8
1423	-1.010936	123.086102	0.009231	9.4
1424	-0.776933	123.037669	0.005551	8.5
1425	-1.900722	122.989286	0.029001	8.4
1426	-1.816460	122.940954	0.008520	9.1
1427	-1.241127	122.892672	0.003605	12.7
1428	-1.386055	122.844441	0.002590	8.9
1429	-1.782020	122.796261	0.010160	8.6
1430	-0.000012	122.748130	0.000003	9.2
1431	-0.288556	122.700050	0.002501	9.8
1432	-1.027113	122.652021	0.009632	9.3
1433	-1.493538	122.604041	0.019005	8.2
1434	-0.000000	122.556111	0.000000	8.5
1435	-1.851348	122.508232	0.015994	9.2
1436	-1.696970	122.460402	0.009468	9.0
1437	-0.043987	122.412622	0.001030	8.5
1438	-0.535153	122.364891	0.002640	8.0
1439	-1.590873	122.317210	0.016897	8.7
1440	-0.342011	122.269579	0.004153	11.4
1441	-1.635959	122.221997	0.015070	18.8
1442	-0.720859	122.174465	0.005149	7.8
1443	-0.012542	122.126981	0.000655	8.6
1444	-1.670137	122.079547	0.013603	9.1
1445	-1.781381	122.032162	0.042640	13.0
1446	-1.227872	121.984826	0.031328	10.3
1447	-0.737290	121.937539	0.007047	9.0
1448	-0.849930	121.890301	0.010751	9.8
1449	-1.024371	121.843112	0.009108	8.5
1450	-0.514053	121.795971	0.002801	13.9
1451	-1.202121	121.748879	0.006359	9.5
1452	-0.107322	121.701835	0.002315	10.7
1453	-0.450061	121.654840	0.003201	8.2
1454	-1.517405	121.607893	0.008980	9.0
1455	-1.520711	121.560994	0.012688	8.4
1456	-1.309410	121.514144	0.024948	8.0
1457	-0.415811	121.467342	0.005702	7.0
1458	-1.493472	121.420588	0.013575	7.2
1459	-1.034076	121.373882	0.007088	8.2
1460	-1.610800	121.327223	0.024884	8.4
1461	-0.000073	121.280613	0.000016	8.3
1462	-1.514385	121.234050	0.019715	15.0
1463	-1.377171	121.187535	0.022651	9.2
1464	-0.312134	121.141067	0.005598	9.4
1465	-1.419825	121.094647	0.014377	8.4
1466	-0.378049	121.048274	0.005837	9.5
1467	-0.202936	121.001949	0.002991	9.2
1468	-1.600126	120.955671	0.016899	9.5
1469	-0.776973	120.909440	0.012601	19.6
1470	-0.455015	120.863256	0.002956	7.1
1471	-0.078229	120.817119	0.001604	9.0
1472	-0.576248	120.771029	0.007230	8.6
1473	-1.641433	120.724986	0.008937	9.4
1474	-0.237825	120.678990	0.003029	7.7
1475	-0.516614	120.633040	0.004984	8.8
1476	-0.805648	120.587137	0.006567	10.1
1477	-1.897956	120.541281	0.009825	8.1
1478	-1.723650	120.495471	0.023407	8.1
1479	-1.897240	120.449707	0.011852	10.2
1480	-1.144513	120.403990	0.010852	12.9
1481	-1.840689	120.358319	0.018880	9.0
1482	-0.000001	120.312694	0.000000	8.0
1483	-1.918090	120.267115	0.008396	8.3
1484	-0.046941	120.221582	0.001030	11.7
1485	-1.019972	120.176096	0.006371	9.8
1486	-1.727811	120.130655	0.009598	9.1
1487	-1.685639	120.085260	0.015101	8.3
1488	-0.744733	120.039910	0.006099	9.0
1489	-1.070969	119.994606	0.012602	9.9
1490	-0.778628	119.949348	0.008416	15.0
1491	-1.372742	119.904135	0.007693	7.1
1492	-0.779459	119.858968	0.006315	8.7
1493	-0.424797	119.813846	0.002839	8.9
1494	-1.406509	119.768769	0.012585	8.7
1495	-1.832150	119.723738	0.016718	9.2
1496	-1.853779	119.678752	0.008038	9.3
1497	-1.282689	119.633810	0.007509	9.2
1498	-0.552981	119.588914	0.006249	9.7
1499	-1.864287	119.544062	0.013133	8.4
1500	-1.343234	119.499256	0.013172	9.3
1501	-0.017745	119.454494	0.000998	9.8
1502	-0.663355	119.409777	0.007948	12.8
1503	-0.940215	119.365104	0.008520	7.6
1504	-1.224274	119.320476	0.010106	10.2
1505	-0.834585	119.275893	0.006298	9.4
1506	-0.118198	119.231353	0.001449	9.7
1507	-0.950984	119.186859	0.008844	12.0
1508	-0.739246	119.142408	0.007068	9.9
1509	-0.260854	119.098002	0.001547	9.0
1510	-0.905952	119.053639	0.006386	8.3
1511	-1.319540	119.009321	0.009404	9.3
1512	-1.279355	118.965047	0.007620	7.6
1513	-1.246351	118.920816	0.012640	9.4
1514	-0.579065	118.876630	0.004071	8.9
1515	-1.370708	118.832487	0.004585	8.8
1516	-0.775343	118.788388	0.009501	7.9
1517	-0.973174	118.744332	0.006792	11.3
1518	-1.254903	118.700320	0.006103	9.1
1519	-1.767192	118.656352	0.021493	8.1
1520	-1.626730	118.612427	0.011591	9.0
1521	-1.257692	118.568545	0.024147	8.6
1522	-0.465144	118.524706	0.004405	9.9
1523	-1.723928	118.480911	0.043299	10.8
1524	-1.726394	118.437159	0.014894	8.8
1525	-1.885484	118.393450	0.016063	11.1
1526	-0.562697	118.349784	0.004793	9.0
1527	-1.948686	118.306160	0.008705	8.4
1528	-1.797734	118.262580	0.025566	9.1
1529	-1.568163	118.219042	0.020322	8.1
1530	-1.558184	118.175548	0.013396	8.4
1531	-1.340324	118.132095	0.015164	12.2
1532	-1.811606	118.088686	0.009943	13.7
1533	-1.362819	118.045319	0.017106	11.7
1534	-1.664721	118.001994	0.017402	17.2
1535	-0.801098	117.958712	0.007493	19.9
1536	-0.781188	117.915472	0.007357	10.1
1537	-0.792551	117.872274	0.009696	9.3
1538	-1.363925	117.829118	0.009507	8.7
1539	-1.816664	117.786005	0.033558	8.5
1540	-1.363850	117.742933	0.017054	11.0
1541	-1.865669	117.699904	0.014577	8.7
1542	-1.816147	117.656916	0.019988	8.7
1543	-1.649098	117.613971	0.007127	9.1
1544	-1.114252	117.571067	0.006497	9.9
1545	-1.903604	117.528205	0.013447	9.2
1546	-1.835608	117.485384	0.016613	7.7
1547	-1.644619	117.442605	0.016392	8.5
1548	-0.127898	117.399867	0.002580	8.6
1549	-1.543182	117.357171	0.014156	12.4
1550	-1.418897	117.314517	0.023591	10.7
1551	-0.924260	117.271903	0.012368	7.7
1552	-0.701398	117.229331	0.006530	9.2
1553	-0.733412	117.186800	0.007098	7.4
1554	-1.892649	117.144311	0.012806	9.5
1555	-0.780758	117.101862	0.005140	8.5
1556	-0.769710	117.059454	0.020619	8.3
1557	-1.178103	117.017087	0.006565	8.3
1558	-0.011282	116.974762	0.000403	8.7
1559	-0.638348	116.932476	0.007097	8.8
1560	-1.145455	116.890232	0.008968	8.7
1561	-1.900906	116.848028	0.020656	8.2
1562	-1.192304	116.805865	0.013489	8.5
1563	-0.168531	116.763743	0.002334	8.3
1564	-0.375079	116.721661	0.005384	8.1
1565	-0.144607	116.679619	0.002058	9.1
1566	-0.419566	116.637618	0.004595	8.9
1567	-0.594684	116.595657	0.008639	9.7
1568	-1.436973	116.553736	0.008224	8.2
1569	-0.354198	116.511855	0.001910	10.4
1570	-1.379911	116.470015	0.015084	8.3
1571	-0.021859	116.428214	0.000982	8.8
1572	-1.573059	116.386454	0.016369	7.8
1573	-0.458407	116.344733	0.004992	8.5
1574	-0.000625	116.303052	0.000071	7.9
1575	-1.100973	116.261412	0.005308	7.9
1576	-0.055247	116.219810	0.001323	8.9
1577	-1.881718	116.178249	0.015085	9.6
1578	-1.053039	116.136727	0.007789	10.0
1579	-0.560687	116.095245	0.005790	10.3
1580	-0.000000	116.053802	0.000000	8.4
1581	-1.883441	116.012398	0.007251	9.1
1582	-1.396611	115.971034	0.024273	8.4
1583	-1.001409	115.929710	0.005699	10.0
1584	-1.305175	115.888424	0.011567	9.9
1585	-1.968156	115.847178	0.011436	23.0
1586	-1.673999	115.805970	0.010591	9.3
1587	-0.000000	115.764802	0.000000	6.8
1588	-0.710796	115.723673	0.005962	7.9
1589	-1.213979	115.682583	0.011431	8.9
1590	-1.542293	115.641532	0.005671	7.7
1591	-0.599772	115.600519	0.005575	8.5
1592	-1.154721	115.559546	0.010199	9.3
1593	-0.026310	115.518610	0.000650	9.7
1594	-0.624036	115.477714	0.011258	16.4
1595	-2.013773	115.436856	0.020091	7.9
1596	-0.547083	115.396037	0.005318	7.6
1597	-0.201375	115.355256	0.002159	8.7
1598	-1.483749	115.314514	0.003800	11.1
1599	-1.451416	115.273810	0.014054	10.8
1600	-0.095293	115.233144	0.001999	9.4
1601	-0.322102	115.192517	0.003649	8.5
1602	-1.791354	115.151927	0.024851	11.0
1603	-0.001291	115.111376	0.000126	8.3
1604	-1.863734	115.070863	0.018615	8.6
1605	-1.346173	115.030388	0.009148	7.5
1606	-0.029617	114.989951	0.001181	9.6
1607	-1.460182	114.949551	0.009857	10.0
1608	-1.911797	114.909190	0.019755	8.5
1609	-1.842811	114.868866	0.020318	10.5
1610	-1.825998	114.828580	0.010842	8.6
1611	-1.432332	114.788332	0.011386	14.0
1612	-1.487266	114.748121	0.006481	15.1
1613	-1.938070	114.707948	0.020470	16.1
1614	-1.084056	114.667812	0.019240	12.7
1615	-0.245813	114.627714	0.002304	13.7
1616	-1.877041	114.587653	0.011917	10.8
1617	-1.633246	114.547629	0.014260	10.2
1618	-0.326180	114.507643	0.006211	13.2
1619	-1.595617	114.467693	0.013590	15.0
1620	-0.013196	114.427781	0.000716	14.3
1621	-0.162408	114.387907	0.002897	13.3
1622	-1.477167	114.348069	0.004201	10.3
1623	-1.140278	114.308268	0.006843	10.4
1624	-1.240024	114.268504	0.010767	14.3
1625	-0.581422	114.228777	0.004472	10.7
1626	-1.046775	114.189086	0.017476	11.4
1627	-0.266617	114.149433	0.003842	8.6
1628	-1.856719	114.109816	0.017134	14.0
1629	-0.995075	114.070235	0.007159	13.7
1630	-1.891633	114.030692	0.009715	10.1
1631	-0.000000	113.991185	0.000000	13.7
1632	-1.648984	113.951714	0.013045	9.4
1633	-1.579987	113.912280	0.014819	9.5
1634	-1.445881	113.872882	0.014715	8.3
1635	-0.988389	113.833521	0.006847	10.7
1636	-0.658885	113.794195	0.005228	9.4
1637	-1.574006	113.754906	0.015264	8.7
1638	-0.657258	113.715653	0.006121	9.2
1639	-0.652269	113.676437	0.006702	9.0
1640	-1.633195	113.637256	0.023377	10.1
1641	-1.814698	113.598111	0.008661	10.1
1642	-0.037809	113.559002	0.001222	8.1
1643	-0.794536	113.519929	0.006741	8.5
1644	-0.538796	113.480892	0.006893	9.4
1645	-0.956184	113.441891	0.020100	13.8
1646	-0.998253	113.402925	0.009442	8.7
1647	-0.051181	113.363995	0.001654	8.8
1648	-0.787398	113.325101	0.006390	12.2
1649	-1.905759	113.286242	0.009228	8.1
1650	-1.742372	113.247419	0.038968	12.1
1651	-0.937718	113.208631	0.005701	9.1
1652	-1.750347	113.169879	0.024342	12.5
1653	-0.412702	113.131162	0.004889	10.5
1654	-1.761601	113.092480	0.023392	7.6
1655	-0.938147	113.053833	0.025279	9.4
1656	-1.188426	113.015222	0.012803	8.7
1657	-1.347768	112.976646	0.015767	8.9
1658	-0.735026	112.938105	0.005515	10.5
1659	-0.547777	112.899599	0.004220	8.8
1660	-1.881671	112.861128	0.036595	9.9
1661	-1.194049	112.822692	0.004441	7.5
1662	-1.672965	112.784291	0.003807	8.9
1663	-0.000000	112.745924	0.000000	8.2
1664	-1.861771	112.707593	0.015464	8.3
1665	-0.920868	112.669296	0.006387	8.6
1666	-1.716784	112.631034	0.015701	8.3
1667	-1.950878	112.592806	0.008378	9.7
1668	-1.837016	112.554613	0.015192	9.3
1669	-0.749685	112.516455	0.007228	9.2
1670	-1.818649	112.478331	0.015581	8.6
1671	-0.310707	112.440241	0.004113	11.1
1672	-0.269538	112.402186	0.003485	8.3
1673	-0.138667	112.364165	0.001898	17.7
1674	-0.471903	112.326179	0.004673	15.4
1675	-1.549258	112.288227	0.020894	13.5
1676	-1.791830	112.250309	0.021270	31.4
1677	-0.004715	112.212425	0.000248	13.7
1678	-1.634621	112.174575	0.019121	17.0
1679	-0.588271	112.136759	0.007148	15.5
1680	-1.687125	112.098977	0.019915	14.0
1681	-1.436828	112.061229	0.014961	13.0
1682	-1.753306	112.023515	0.018098	14.9
1683	-0.198968	111.985834	0.003494	7.2
1684	-0.532041	111.948188	0.005857	9.7
1685	-1.079508	111.910575	0.011493	10.6
1686	-1.125791	111.872996	0.007880	14.8
1687	-1.732104	111.835450	0.013772	9.3
1688	-1.836357	111.797939	0.018646	12.0
1689	-1.911791	111.760460	0.009926	10.1
1690	-0.000000	111.723015	0.000000	9.1
1691	-1.938834	111.685604	0.038259	8.5
1692	-0.250384	111.648226	0.003495	8.3
1693	-0.004398	111.610881	0.000218	8.3
1694	-0.615553	111.573570	0.006784	9.1
1695	-1.703457	111.536292	0.006950	19.5
1696	-1.582962	111.499047	0.027429	6.9
1697	-1.166351	111.461835	0.035519	8.6
1698	-0.526051	111.424656	0.007291	8.4
1699	-1.342609	111.387510	0.007724	8.4
1700	-0.093389	111.350398	0.002041	9.6
1701	-1.013534	111.313318	0.009196	12.1
1702	-1.917815	111.276271	0.036007	8.3
1703	-0.045720	111.239257	0.000942	10.1
1704	-0.217922	111.202276	0.004338	10.2
1705	-0.060690	111.165328	0.001141	9.2
1706	-1.934056	111.128412	0.025595	9.4
1707	-1.862414	111.091529	0.012566	8.5
1708	-1.607344	111.054679	0.015147	8.5
1709	-1.653682	111.017861	0.014890	10.0
1710	-1.634529	110.981076	0.012955	9.7
1711	-1.779692	110.944323	0.009132	7.9
1712	-0.304693	110.907603	0.005539	12.5
1713	-0.509028	110.870915	0.006330	17.4
1714	-0.309228	110.834259	0.003824	8.7
1715	-1.166087	110.797636	0.007244	8.6
1716	-0.292172	110.761045	0.002808	9.1
1717	-1.733892	110.724486	0.021032	8.6
1718	-1.929101	110.687959	0.018210	8.2
1719	-1.827550	110.651465	0.008478	9.2
1720	-1.206336	110.615002	0.005974	9.0
1721	-1.038564	110.578572	0.009461	9.0
1722	-2.006218	110.542173	0.016330	10.3
1723	-0.506853	110.505807	0.004873	15.6
1724	-1.443099	110.469472	0.012507	8.5
1725	-0.000073	110.433169	0.000016	8.0
1726	-0.963032	110.396898	0.003669	8.9
1727	-0.639196	110.360659	0.013577	8.7
1728	-0.030554	110.324451	0.001454	9.4
1729	-1.525309	110.288276	0.030580	8.5
1730	-0.812804	110.252131	0.006559	8.9
1731	-0.727291	110.216019	0.007957	9.2
1732	-0.616732	110.179937	0.010456	10.4
1733	-1.155509	110.143888	0.012439	14.9
1734	-0.596720	110.107869	0.005609	7.5
1735	-0.448272	110.071882	0.005941	8.4
1736	-1.159089	110.035927	0.013172	10.4
1737	-0.847355	110.000003	0.008476	7.7
1738	-0.990073	109.964110	0.005870	8.7
1739	-1.819624	109.928248	0.029782	10.4
1740	-1.954734	109.892417	0.019213	8.9
1741	-0.011612	109.856618	0.000392	9.1
1742	-1.995552	109.820850	0.006582	8.4
1743	-1.167976	109.785112	0.005988	9.3
1744	-1.921027	109.749406	0.014137	8.6
1745	-1.668365	109.713730	0.014938	9.8
1746	-1.027495	109.678086	0.012230	9.9
1747	-1.156943	109.642472	0.008135	11.4
1748	-1.597197	109.606890	0.005735	11.3
1749	-0.794295	109.571337	0.005599	10.0
1750	-1.666410	109.535816	0.009437	9.4
1751	-0.678631	109.500326	0.005647	13.7
1752	-1.570493	109.464866	0.007909	9.8
1753	-0.414018	109.429436	0.004065	7.3
1754	-0.542839	109.394038	0.005782	8.5
1755	-0.748048	109.358669	0.005477	8.7
1756	-1.043649	109.323331	0.007630	7.7
1757	-1.133609	109.288024	0.018016	10.2
1758	-0.758950	109.252747	0.007882	10.7
1759	-0.698784	109.217501	0.003848	8.0
1760	-1.205716	109.182284	0.024007	9.0
1761	-1.843444	109.147098	0.009649	8.9
1762	-1.834285	109.111942	0.012582	9.5
1763	-0.085518	109.076817	0.001553	8.8
1764	-1.579793	109.041721	0.016264	8.1
1765	-1.720501	109.006656	0.015091	8.7
1766	-1.357472	108.971620	0.013070	8.6
1767	-0.894993	108.936615	0.012644	7.4
1768	-1.742911	108.901640	0.017211	7.4
1769	-1.833890	108.866694	0.018462	7.9
1770	-1.645597	108.831779	0.024381	8.2
1771	-0.751757	108.796893	0.007126	9.3
1772	-1.453099	108.762037	0.004977	9.6
1773	-0.888017	108.727211	0.005850	7.9
1774	-0.296232	108.692415	0.003409	9.5
1775	-0.000000	108.657648	0.000000	13.9
1776	-0.532687	108.622911	0.004366	7.4
1777	-1.855936	108.588203	0.018601	9.3
1778	-1.526938	108.553525	0.015413	8.8
1779	-1.607862	108.518877	0.006244	9.3
1780	-0.573804	108.484258	0.005875	12.0
1781	-0.799050	108.449668	0.007685	8.9
1782	-1.463131	108.415108	0.007593	8.8
1783	-1.876223	108.380578	0.008435	9.4
1784	-2.068417	108.346076	0.017368	10.1
1785	-0.446703	108.311604	0.005988	10.8
1786	-1.716292	108.277161	0.010136	7.9
1787	-0.990829	108.242747	0.009746	10.8
1788	-1.709881	108.208363	0.008271	7.1
1789	-1.175220	108.174007	0.026646	8.9
1790	-1.047273	108.139681	0.005266	9.9
1791	-1.404397	108.105383	0.010205	11.0
1792	-0.500905	108.071115	0.009548	8.4
1793	-1.605255	108.036875	0.004813	8.8
1794	-0.000002	108.002665	0.000000	9.0
1795	-1.361437	107.968483	0.014419	9.2
1796	-0.030933	107.934330	0.001106	8.8
1797	-0.354668	107.900206	0.004426	8.4
1798	-1.365268	107.866111	0.011650	8.7
1799	-0.877596	107.832044	0.012797	9.2
1800	-1.816783	107.798007	0.017072	11.9
1801	-1.256656	107.763997	0.014125	9.7
1802	-0.921810	107.730017	0.006415	8.9
1803	-0.163893	107.696065	0.002654	8.6
1804	-0.473761	107.662141	0.005264	7.8
1805	-1.984992	107.628246	0.022440	9.6
1806	-1.636243	107.594379	0.023149	9.0
1807	-1.901422	107.560541	0.021717	8.0
1808	-1.703098	107.526731	0.028316	8.0
1809	-1.710337	107.492949	0.031702	8.5
1810	-1.050115	107.459196	0.004116	8.4
1811	-0.013776	107.425471	0.000903	19.2
1812	-0.845214	107.391774	0.005795	7.7
1813	-1.431758	107.358106	0.029441	9.2
1814	-1.694574	107.324465	0.027698	8.1
1815	-1.724509	107.290853	0.011575	9.2
1816	-0.356772	107.257268	0.005245	9.0
1817	-0.179674	107.223712	0.001949	7.5
1818	-1.161666	107.190184	0.011605	10.7
1819	-0.849158	107.156683	0.007131	7.9
1820	-1.223626	107.123211	0.004346	9.9
1821	-1.506348	107.089766	0.007783	10.3
1822	-1.653834	107.056349	0.022716	8.4
1823	-0.866931	107.022960	0.011571	8.5
1824	-0.960942	106.989599	0.009383	8.9
1825	-2.046344	106.956265	0.008850	8.2
1826	-1.783500	106.922960	0.010858	8.5
1827	-0.950308	106.889681	0.008188	7.7
1828	-1.127820	106.856431	0.005162	7.7
1829	-1.426615	106.823208	0.010405	7.2
1830	-1.833758	106.790012	0.006413	8.9
1831	-1.053019	106.756844	0.008241	8.2
1832	-1.743690	106.723703	0.014564	8.2
1833	-1.320898	106.690590	0.009329	9.3
1834	-0.039024	106.657505	0.001683	8.2
1835	-0.712041	106.624446	0.013296	9.6
1836	-1.640060	106.591415	0.027084	12.9
1837	-1.692204	106.558411	0.024547	6.9
1838	-0.325564	106.525435	0.005199	6.5
1839	-1.075432	106.492485	0.027512	8.4
1840	-1.817856	106.459563	0.014265	9.3
1841	-0.670119	106.426668	0.006177	9.0
1842	-0.520472	106.393800	0.010661	8.1
1843	-1.653711	106.360959	0.017904	9.0
1844	-1.355170	106.328145	0.017399	10.5
1845	-0.181072	106.295358	0.001709	10.1
1846	-0.976371	106.262598	0.022792	8.2
1847	-1.095199	106.229865	0.009842	8.8
1848	-0.678183	106.197158	0.018288	8.9
1849	-1.653916	106.164479	0.012599	8.9
1850	-0.467869	106.131826	0.007361	8.7
1851	-1.674334	106.099201	0.012897	9.1
1852	-1.720491	106.066602	0.016565	9.6
1853	-1.952305	106.034029	0.017353	8.1
1854	-1.873235	106.001483	0.005849	9.4
1855	-0.488742	105.968964	0.004042	8.8
1856	-0.315678	105.936472	0.005003	8.6
1857	-1.931952	105.904006	0.005288	9.4
1858	-1.636470	105.871566	0.018707	9.3
1859	-1.183766	105.839153	0.015189	9.6
1860	-0.672630	105.806767	0.009632	9.4
1861	-1.326499	105.774407	0.011909	9.3
1862	-0.833880	105.742073	0.019700	9.6
1863	-0.462509	105.709766	0.004242	8.0
1864	-0.972446	105.677485	0.009039	8.0
1865	-0.718726	105.645230	0.007742	8.9
1866	-1.154027	105.613001	0.006105	9.3
1867	-0.000490	105.580799	0.000091	8.2
1868	-1.632699	105.548623	0.005811	8.6
1869	-0.170507	105.516473	0.002162	9.1
1870	-1.636379	105.484349	0.016968	8.0
1871	-1.450559	105.452251	0.009617	15.6
1872	-1.340481	105.420179	0.005661	7.1
1873	-1.388474	105.388133	0.012793	9.4
1874	-1.738732	105.356113	0.018327	8.1
1875	-0.730764	105.324119	0.008921	9.0
1876	-1.295757	105.292151	0.009942	8.4
1877	-1.745644	105.260209	0.005459	8.5
1878	-0.142190	105.228293	0.003076	11.4
1879	-1.584079	105.196402	0.013846	7.1
1880	-0.000049	105.164537	0.000011	11.1
1881	-1.788473	105.132698	0.014544	12.4
1882	-1.553598	105.100885	0.011534	8.9
1883	-1.506722	105.069097	0.013108	9.8
1884	-1.269792	105.037335	0.004545	8.2
1885	-1.028881	105.005598	0.006258	14.4
1886	-0.559219	104.973887	0.008630	9.4
1887	-2.042302	104.942202	0.015722	8.5
1888	-0.070340	104.910542	0.003720	9.5
1889	-1.798245	104.878907	0.013810	8.7
1890	-1.316881	104.847298	0.021334	8.5
1891	-0.952471	104.815715	0.007289	8.6
1892	-0.453607	104.784156	0.006422	8.3
1893	-1.417173	104.752623	0.007215	8.7
1894	-1.756293	104.721116	0.016549	9.7
1895	-1.542519	104.689633	0.015980	8.4
1896	-1.162240	104.658176	0.006574	9.9
1897	-0.489389	104.626744	0.005430	7.9
1898	-0.566206	104.595337	0.004683	9.1
1899	-1.653546	104.563955	0.012963	7.9
1900	-1.691436	104.532599	0.013548	8.6
1901	-1.744751	104.501267	0.015336	8.3
1902	-1.673754	104.469960	0.004657	7.6
1903	-0.237496	104.438679	0.003590	8.1
1904	-0.996657	104.407422	0.014565	7.0
1905	-0.451958	104.376191	0.006361	8.8
1906	-0.957142	104.344984	0.007770	8.4
1907	-0.381119	104.313802	0.003103	8.1
1908	-1.055473	104.282645	0.015119	9.4
1909	-1.828166	104.251513	0.010702	9.2
1910	-1.018244	104.220405	0.020598	10.3
1911	-1.443801	104.189323	0.016468	9.7
1912	-1.495660	104.158265	0.009285	10.8
1913	-0.060511	104.127231	0.001591	9.1
1914	-1.210953	104.096222	0.032273	8.1
1915	-1.819179	104.065238	0.015973	8.2
1916	-1.691866	104.034279	0.015374	7.3
1917	-0.784001	104.003344	0.005315	8.5
1918	-1.806980	103.972433	0.013716	8.3
1919	-0.170509	103.941547	0.002832	9.5
1920	-1.222916	103.910686	0.013420	8.3
1921	-0.995935	103.879849	0.009215	14.9
1922	-1.932687	103.849036	0.027572	8.5
1923	-0.000117	103.818248	0.000023	6.8
1924	-1.312269	103.787484	0.015299	7.2
1925	-0.434762	103.756744	0.005014	10.0
1926	-1.581215	103.726029	0.011040	7.9
1927	-1.693208	103.695338	0.009462	8.4
1928	-0.627191	103.664671	0.006492	8.9
1929	-0.365907	103.634028	0.003607	8.7
1930	-1.579907	103.603409	0.004272	10.2
1931	-1.694654	103.572814	0.015395	8.7
1932	-0.000000	103.542244	0.000000	8.3
1933	-1.687906	103.511698	0.009740	8.4
1934	-0.476254	103.481175	0.002595	8.2
1935	-0.760454	103.450677	0.008173	9.2
1936	-0.728143	103.420202	0.005633	8.2
1937	-1.046847	103.389752	0.009576	8.5
1938	-1.689090	103.359325	0.005398	8.7
1939	-0.582466	103.328922	0.005089	10.8
1940	-0.000000	103.298543	0.000000	8.6
1941	-1.700274	103.268188	0.012331	8.9
1942	-1.415901	103.237857	0.014749	7.2
1943	-1.587647	103.207549	0.011425	8.9
1944	-0.875322	103.177265	0.007688	9.6
1945	-1.724484	103.147005	0.012444	7.0
1946	-1.909981	103.116768	0.013892	9.1
1947	-1.782427	103.086556	0.004872	7.7
1948	-0.006010	103.056366	0.000593	8.1
1949	-0.187849	103.026200	0.003113	8.6
1950	-1.326303	102.996058	0.012556	8.4
1951	-1.577530	102.965939	0.024960	10.0
1952	-0.000000	102.935844	0.000000	8.6
1953	-1.972805	102.905772	0.013875	9.7
1954	-0.772475	102.875724	0.005440	9.8
1955	-1.927383	102.845699	0.011003	8.0
1956	-1.363043	102.815697	0.017229	9.3
1957	-1.394940	102.785719	0.005897	7.9
1958	-1.956294	102.755764	0.021093	8.9
1959	-1.730168	102.725832	0.013307	8.7
1960	-1.685237	102.695924	0.011471	8.5
1961	-1.056531	102.666038	0.003331	8.8
1962	-1.649911	102.636176	0.016380	15.8
1963	-0.985631	102.606337	0.009421	7.3
1964	-1.727500	102.576521	0.022060	6.8
1965	-1.820513	102.546728	0.013023	9.6
1966	-1.628596	102.516959	0.015392	9.6
1967	-1.081985	102.487212	0.008696	8.4
1968	-1.896501	102.457488	0.021534	9.1
1969	-0.059862	102.427788	0.001091	8.4
1970	-1.896738	102.398110	0.016348	10.0
1971	-1.987884	102.368455	0.011284	10.5
1972	-0.052445	102.338823	0.000769	10.2
1973	-0.507257	102.309214	0.005707	8.3
1974	-1.371613	102.279628	0.010881	9.0
1975	-1.292076	102.250064	0.010897	8.1
1976	-1.397635	102.220524	0.014605	8.8
1977	-0.397511	102.191006	0.005169	8.5
1978	-1.937096	102.161511	0.008015	9.2
1979	-0.000013	102.132038	0.000002	8.5
1980	-1.566392	102.102588	0.009306	8.2
1981	-1.813530	102.073161	0.020863	11.5
1982	-1.679172	102.043757	0.008976	10.9
1983	-1.947476	102.014375	0.018762	8.9
1984	-0.000001	101.985015	0.000000	7.7
1985	-0.951344	101.955678	0.008463	7.7
1986	-0.433024	101.926364	0.004785	19.3
1987	-1.849918	101.897072	0.017188	8.9
1988	-0.472945	101.867802	0.005142	8.4
1989	-0.873354	101.838555	0.005476	8.5
1990	-1.546053	101.809330	0.020429	8.5
1991	-1.200700	101.780128	0.006218	8.9
1992	-1.603090	101.750948	0.014258	9.7
1993	-1.795276	101.721790	0.026754	9.0
1994	-0.006988	101.692654	0.000434	9.5
1995	-1.518581	101.663541	0.009154	8.6
1996	-1.666953	101.634450	0.021102	8.8
1997	-1.220799	101.605381	0.005347	9.8
1998	-1.546670	101.576335	0.014036	8.7
1999	-1.593871	101.547310	0.009189	10.2
