1:ItNr	2:Metric	3:StepSize	4:||Gradient||	Time[ms]
0	-0.803173	627.201626	0.004447	619.3
1	-0.611647	623.504937	0.004598	12.8
2	-0.353358	619.865785	0.004004	10.5
3	-0.919029	616.282728	0.004265	10.8
4	-0.606194	612.754375	0.005126	12.0
5	-0.361209	609.279381	0.005058	11.8
6	-0.197762	605.856447	0.003136	10.9
7	-0.098714	602.484317	0.005491	15.2
8	-0.000000	599.161779	0.000000	10.9
9	-0.730077	595.887656	0.005208	11.9
10	-0.648043	592.660813	0.005818	11.7
11	-0.116726	589.480151	0.001800	10.4
12	-0.482312	586.344606	0.003645	11.0
13	-0.004298	583.253145	0.000931	12.9
14	-0.935961	580.204771	0.005461	14.9
15	-0.473875	577.198517	0.003310	10.7
16	-0.729463	574.233444	0.004174	10.4
17	-0.909683	571.308645	0.005461	11.1
18	-0.497277	568.423237	0.003909	13.9
19	-0.407832	565.576365	0.002514	11.0
20	-0.008997	562.767201	0.000395	10.7
21	-0.887783	559.994938	0.006166	12.1
22	-0.924108	557.258797	0.004977	10.5
23	-0.940137	554.558018	0.005991	11.1
24	-0.704824	551.891865	0.004634	11.9
25	-0.925508	549.259621	0.005094	11.3
26	-1.023596	546.660592	0.005857	10.6
27	-0.000000	544.094102	0.000000	9.8
28	-0.692045	541.559494	0.006135	11.7
29	-0.424788	539.056129	0.003663	12.5
30	-0.335750	536.583387	0.003593	9.9
31	-0.946778	534.140663	0.005863	9.5
32	-0.034674	531.727370	0.001960	11.8
33	-0.145213	529.342935	0.002016	12.6
34	-0.899296	526.986802	0.006458	12.4
35	-0.051267	524.658430	0.001698	10.3
36	-0.807393	522.357290	0.004780	11.6
37	-0.402397	520.082868	0.003941	14.0
38	-0.970337	517.834665	0.004363	11.7
39	-0.801377	515.612193	0.004674	10.9
40	-0.930240	513.414976	0.004463	11.9
41	-1.059656	511.242551	0.006492	12.7
42	-0.870584	509.094468	0.009614	9.8
43	-0.434274	506.970285	0.003889	10.4
44	-0.804682	504.869574	0.005530	11.4
45	-0.656153	502.791916	0.005104	13.6
46	-0.228300	500.736903	0.004044	10.7
47	-0.086470	498.704137	0.002180	10.4
48	-0.993060	496.693228	0.008390	13.5
49	-0.957466	494.703798	0.005277	10.6
50	-0.000000	492.735476	0.000000	11.1
51	-0.701333	490.787900	0.004428	12.3
52	-0.226282	488.860718	0.002901	10.8
53	-0.966683	486.953585	0.005957	11.7
54	-1.058158	485.066164	0.005623	11.4
55	-0.397081	483.198126	0.003580	11.1
56	-0.000000	481.349149	0.000000	10.9
57	-0.409918	479.518920	0.003360	10.8
58	-0.008427	477.707132	0.000350	10.7
59	-0.887687	475.913485	0.009526	11.3
60	-0.556067	474.137684	0.003741	11.6
61	-0.000000	472.379445	0.000000	16.8
62	-0.725216	470.638485	0.005477	10.0
63	-0.295832	468.914531	0.003010	10.7
64	-0.862489	467.207315	0.006360	25.3
65	-1.013963	465.516573	0.004449	10.7
66	-0.964471	463.842050	0.004550	11.1
67	-0.700193	462.183494	0.005387	12.0
68	-0.826768	460.540658	0.004634	11.5
69	-0.229990	458.913303	0.004600	10.4
70	-0.456087	457.301192	0.003887	11.0
71	-0.476769	455.704096	0.004320	10.1
72	-0.789613	454.121787	0.003763	10.0
73	-0.279502	452.554045	0.002838	11.3
74	-0.989912	451.000653	0.007212	13.1
75	-0.562656	449.461399	0.005116	12.7
76	-0.998465	447.936075	0.004723	10.7
77	-0.597827	446.424477	0.004114	11.3
78	-0.000000	444.926406	0.000000	10.5
79	-0.000001	443.441666	0.000001	10.2
80	-0.000000	441.970065	0.000000	12.8
81	-0.298802	440.511415	0.003629	13.6
82	-0.828125	439.065533	0.005106	10.8
83	-0.751867	437.632238	0.005661	10.6
84	-0.446793	436.211351	0.004966	14.1
85	-0.335241	434.802701	0.003177	10.4
86	-0.000000	433.406117	0.000000	11.9
87	-0.868262	432.021430	0.004179	11.5
88	-0.000001	430.648479	0.000002	10.1
89	-0.000000	429.287101	0.000000	10.1
90	-1.052694	427.937140	0.005812	11.9
91	-0.924559	426.598440	0.004278	11.3
92	-0.043504	425.270849	0.001935	10.2
93	-0.291872	423.954220	0.003211	10.6
94	-0.049497	422.648404	0.001674	15.8
95	-0.882199	421.353259	0.005912	10.4
96	-0.121505	420.068643	0.003777	14.9
97	-0.024108	418.794419	0.001356	18.6
98	-0.965322	417.530451	0.009225	17.3
99	-0.746676	416.276604	0.004163	11.9
100	-0.699239	415.032748	0.003892	11.6
101	-0.851522	413.798754	0.006738	12.9
102	-1.061539	412.574495	0.007401	12.8
103	-0.859691	411.359849	0.006195	10.5
104	-0.225867	410.154691	0.002999	11.3
105	-0.458371	408.958904	0.004401	11.0
106	-0.794265	407.772368	0.004216	12.0
107	-0.921729	406.594968	0.005146	12.5
108	-0.921946	405.426590	0.004304	10.4
109	-0.217669	404.267122	0.002615	12.2
110	-0.225769	403.116456	0.002608	11.7
111	-1.014831	401.974481	0.007106	10.8
112	-0.694552	400.841093	0.004869	11.7
113	-0.084724	399.716187	0.001735	11.4
114	-0.890948	398.599660	0.004745	11.0
115	-0.940645	397.491411	0.004611	10.7
116	-0.019511	396.391342	0.002249	10.4
117	-0.173628	395.299353	0.003114	15.3
118	-0.277106	394.215350	0.003597	10.7
119	-0.000000	393.139238	0.000000	10.4
120	-0.099256	392.070924	0.001472	12.0
121	-0.864702	391.010316	0.004232	14.1
122	-0.877098	389.957325	0.006046	10.1
123	-0.007229	388.911862	0.000932	10.7
124	-0.211126	387.873839	0.002459	12.1
125	-0.463246	386.843173	0.002952	11.7
126	-0.000000	385.819777	0.000000	11.7
127	-0.616044	384.803569	0.003035	11.5
128	-0.882662	383.794468	0.006804	13.4
129	-0.432746	382.792393	0.003983	10.9
130	-0.704585	381.797264	0.003402	12.8
131	-0.120712	380.809005	0.001849	10.4
132	-0.303078	379.827537	0.003214	12.5
133	-0.305679	378.852786	0.003211	13.7
134	-0.910933	377.884678	0.004739	12.3
135	-0.381658	376.923138	0.002660	15.9
136	-0.867254	375.968095	0.004199	19.1
137	-1.091049	375.019479	0.007196	18.8
138	-0.994487	374.077218	0.006941	13.9
139	-0.612203	373.141244	0.005072	11.3
140	-0.817558	372.211489	0.006441	21.2
141	-0.000000	371.287887	0.000000	20.0
142	-1.024370	370.370370	0.006050	17.5
143	-0.222654	369.458876	0.002569	19.1
144	-0.066003	368.553338	0.001532	17.0
145	-0.953742	367.653696	0.006103	21.2
146	-1.034474	366.759885	0.005360	15.1
147	-0.692518	365.871846	0.003619	18.6
148	-0.777940	364.989518	0.005923	19.1
149	-0.890659	364.112841	0.006835	20.3
150	-0.756066	363.241757	0.006513	21.5
151	-0.240897	362.376208	0.002941	10.5
152	-1.002196	361.516137	0.008489	20.7
153	-0.539299	360.661488	0.004159	16.9
154	-0.102561	359.812206	0.002730	17.5
155	-0.447455	358.968236	0.002439	17.8
156	-1.009042	358.129524	0.005013	13.8
157	-0.060690	357.296018	0.002372	17.1
158	-0.169063	356.467665	0.005652	12.4
159	-1.057579	355.644414	0.005786	15.1
160	-0.767949	354.826213	0.003884	15.8
161	-0.000000	354.013012	0.000000	18.0
162	-0.579908	353.204763	0.003247	14.4
163	-0.172964	352.401415	0.002323	18.8
164	-0.000000	351.602922	0.000000	17.6
165	-0.265539	350.809235	0.003282	17.6
166	-1.006413	350.020308	0.005322	18.0
167	-0.004339	349.236095	0.001295	17.5
168	-0.325779	348.456550	0.002626	16.3
169	-0.931138	347.681627	0.005153	15.4
170	-1.004788	346.911283	0.004663	17.7
171	-0.000000	346.145474	0.000000	18.3
172	-0.600071	345.384157	0.004199	19.5
173	-0.000000	344.627288	0.000000	13.8
174	-1.006597	343.874826	0.007209	16.7
175	-0.187718	343.126729	0.003507	15.9
176	-0.388564	342.382957	0.002582	20.9
177	-0.173264	341.643469	0.003958	21.0
178	-0.842136	340.908224	0.004078	21.0
179	-0.315302	340.177184	0.003407	17.0
180	-0.791761	339.450309	0.003596	10.3
181	-1.110835	338.727561	0.007287	16.4
182	-1.008341	338.008902	0.006179	17.4
183	-0.024295	337.294295	0.001601	10.6
184	-0.896506	336.583703	0.005037	19.8
185	-0.350723	335.877089	0.003062	20.1
186	-0.025259	335.174416	0.002095	12.7
187	-0.969546	334.475651	0.008577	13.7
188	-0.722036	333.780756	0.004454	14.8
189	-0.862054	333.089698	0.005225	14.3
190	-0.043261	332.402443	0.001119	17.4
191	-0.882414	331.718955	0.004840	13.0
192	-0.496855	331.039203	0.002973	17.3
193	-0.402377	330.363153	0.003770	12.8
194	-0.365283	329.690771	0.003399	15.8
195	-0.726517	329.022027	0.005624	15.2
196	-0.066086	328.356888	0.002050	15.0
197	-0.377403	327.695322	0.003066	16.7
198	-1.071391	327.037299	0.005389	16.3
199	-0.895160	326.382787	0.007045	15.9
200	-0.806811	325.731758	0.004343	14.2
201	-0.001628	325.084179	0.000929	16.4
202	-0.210311	324.440023	0.002811	13.9
203	-0.836643	323.799258	0.007483	16.5
204	-0.602497	323.161858	0.003669	15.6
205	-0.887351	322.527792	0.004566	15.0
206	-1.057784	321.897034	0.005377	11.7
207	-0.803407	321.269554	0.003728	11.0
208	-0.536909	320.645325	0.006268	12.2
209	-0.936361	320.024320	0.006641	12.9
210	-1.008964	319.406512	0.006419	10.9
211	-0.302452	318.791875	0.003671	10.7
212	-0.725295	318.180381	0.004791	10.4
213	-0.222543	317.572005	0.003125	16.5
214	-0.441349	316.966721	0.002610	10.5
215	-0.492995	316.364504	0.003910	11.3
216	-0.818877	315.765329	0.003455	13.5
217	-0.506938	315.169170	0.004662	12.1
218	-1.023320	314.576003	0.005013	11.9
219	-0.986261	313.985804	0.005656	10.6
220	-0.993161	313.398548	0.005510	10.6
221	-0.814548	312.814213	0.004824	12.7
222	-0.813709	312.232773	0.004127	9.9
223	-0.563412	311.654207	0.002957	11.0
224	-0.626393	311.078491	0.004339	15.2
225	-0.182110	310.505602	0.002280	11.3
226	-0.244723	309.935518	0.004022	12.0
227	-0.011684	309.368217	0.000281	11.0
228	-0.053495	308.803676	0.001181	19.1
229	-0.332110	308.241874	0.003098	17.9
230	-0.918133	307.682789	0.004494	17.4
231	-0.785538	307.126400	0.005469	17.1
232	-0.797290	306.572687	0.005574	17.6
233	-0.985732	306.021627	0.004804	20.6
234	-0.759395	305.473201	0.007391	17.6
235	-1.024837	304.927388	0.004792	10.8
236	-0.902724	304.384168	0.005048	16.5
237	-0.253177	303.843521	0.003811	16.6
238	-0.880779	303.305427	0.004838	17.2
239	-0.934804	302.769867	0.006109	14.6
240	-0.958816	302.236821	0.004414	15.0
241	-0.740646	301.706270	0.006315	10.5
242	-0.722543	301.178196	0.004859	13.4
243	-0.974307	300.652580	0.004905	12.6
244	-0.011009	300.129402	0.001220	17.8
245	-0.365498	299.608645	0.005038	17.0
246	-0.316761	299.090291	0.004058	16.6
247	-0.974289	298.574321	0.006869	16.6
248	-1.066255	298.060718	0.005687	17.5
249	-0.806958	297.549465	0.004051	16.2
250	-0.815363	297.040543	0.004942	16.7
251	-0.966700	296.533936	0.004917	15.9
252	-0.707135	296.029626	0.003273	17.1
253	-0.870215	295.527597	0.004450	16.4
254	-1.057667	295.027832	0.006893	16.6
255	-0.093095	294.530315	0.000861	16.4
256	-0.659091	294.035028	0.003912	16.7
257	-0.000000	293.541956	0.000000	16.4
258	-0.395583	293.051083	0.002581	16.0
259	-0.970631	292.562393	0.004600	18.8
260	-1.052254	292.075870	0.004952	16.9
261	-0.824210	291.591498	0.006021	16.7
262	-0.962553	291.109263	0.004244	11.3
263	-1.031642	290.629149	0.004350	10.8
264	-1.028621	290.151140	0.004584	10.9
265	-0.109369	289.675222	0.001421	13.1
266	-0.272329	289.201380	0.003222	11.1
267	-1.015251	288.729600	0.005154	10.4
268	-0.976053	288.259866	0.006501	10.0
269	-0.294307	287.792165	0.002857	12.6
270	-0.000001	287.326481	0.000002	10.6
271	-0.000000	286.862802	0.000000	11.3
272	-0.998767	286.401113	0.005155	12.2
273	-0.952824	285.941400	0.004494	10.0
274	-0.067532	285.483649	0.001675	10.6
275	-0.211020	285.027847	0.003591	11.9
276	-0.000000	284.573981	0.000000	13.0
277	-0.000000	284.122037	0.000000	15.1
278	-0.119623	283.672002	0.002061	10.8
279	-1.001307	283.223863	0.004543	16.8
280	-0.663943	282.777607	0.004215	10.9
281	-0.024892	282.333221	0.002752	14.7
282	-0.756952	281.890692	0.004695	15.8
283	-0.939815	281.450008	0.004997	10.9
284	-0.075029	281.011157	0.002667	15.0
285	-1.020259	280.574125	0.006169	17.0
286	-0.788710	280.138901	0.004070	18.0
287	-0.000000	279.705473	0.000000	18.4
288	-0.147347	279.273829	0.003374	14.7
289	-0.112985	278.843956	0.002354	20.6
290	-0.387394	278.415844	0.002753	19.5
291	-1.014476	277.989479	0.007951	16.9
292	-0.617616	277.564851	0.004936	16.8
293	-1.021483	277.141949	0.004656	21.1
294	-0.289836	276.720761	0.003024	16.4
295	-0.001509	276.301275	0.000820	17.4
296	-0.302524	275.883480	0.002120	15.6
297	-0.144807	275.467366	0.003651	12.7
298	-0.345016	275.052922	0.003909	12.7
299	-0.879202	274.640136	0.005234	20.1
300	-0.010244	274.228998	0.001256	19.9
301	-0.198465	273.819497	0.001655	17.1
302	-0.152952	273.411623	0.002556	21.6
303	-0.783135	273.005365	0.003285	19.9
304	-0.978826	272.600712	0.009151	18.5
305	-1.008970	272.197655	0.005151	21.0
306	-1.137727	271.796184	0.006607	20.3
307	-0.776049	271.396287	0.004846	17.0
308	-1.053106	270.997956	0.005065	18.3
309	-0.915223	270.601180	0.004067	14.3
310	-0.964642	270.205949	0.004321	13.9
311	-0.766142	269.812254	0.004268	13.5
312	-0.417811	269.420085	0.003116	13.6
313	-0.063130	269.029432	0.005178	10.5
314	-0.579807	268.640287	0.002805	14.7
315	-1.009395	268.252638	0.004825	12.0
316	-0.955622	267.866478	0.004281	16.0
317	-0.000000	267.481796	0.000000	12.8
318	-0.815940	267.098584	0.003160	10.8
319	-0.553752	266.716833	0.003640	13.9
320	-0.864615	266.336533	0.005614	21.3
321	-0.975443	265.957676	0.005038	15.2
322	-1.020913	265.580253	0.005564	19.6
323	-0.935400	265.204254	0.005866	27.1
324	-0.468892	264.829672	0.003386	18.6
325	-0.068450	264.456497	0.001139	24.4
326	-0.790342	264.084721	0.004649	23.8
327	-0.275939	263.714335	0.002684	22.7
328	-0.921159	263.345332	0.004648	31.8
329	-0.695257	262.977702	0.004073	18.8
330	-1.067472	262.611438	0.006548	21.5
331	-0.468808	262.246531	0.004626	29.5
332	-0.243574	261.882973	0.002541	23.3
333	-0.161750	261.520756	0.003549	24.5
334	-0.776982	261.159871	0.005180	16.1
335	-0.424573	260.800312	0.003385	22.1
336	-0.915690	260.442070	0.005951	13.8
337	-0.462851	260.085137	0.004602	16.0
338	-0.934717	259.729505	0.004656	13.3
339	-0.541764	259.375167	0.004710	12.1
340	-0.004314	259.022116	0.000013	15.6
341	-0.382257	258.670343	0.002330	15.6
342	-0.227914	258.319841	0.004292	14.8
343	-1.045765	257.970602	0.005796	20.2
344	-0.982188	257.622620	0.003863	17.4
345	-0.204768	257.275887	0.003383	23.6
346	-0.900208	256.930396	0.003654	19.0
347	-0.171762	256.586139	0.001961	18.2
348	-1.064012	256.243109	0.005291	22.1
349	-1.012472	255.901300	0.006550	20.3
350	-0.896464	255.560703	0.005587	22.6
351	-0.258897	255.221313	0.002403	17.3
352	-0.402716	254.883122	0.003189	17.5
353	-0.327435	254.546124	0.002534	16.4
354	-0.986482	254.210311	0.004983	13.6
355	-0.801978	253.875677	0.004168	12.6
356	-1.021256	253.542215	0.005669	10.9
357	-1.124143	253.209918	0.005453	11.8
358	-0.925486	252.878781	0.005859	10.4
359	-0.802936	252.548795	0.003332	15.1
360	-1.037631	252.219956	0.005160	12.1
361	-0.577852	251.892255	0.003037	19.5
362	-0.336716	251.565688	0.002255	19.8
363	-0.000000	251.240247	0.000000	17.2
364	-0.895996	250.915926	0.003858	10.8
365	-0.734821	250.592720	0.005202	14.6
366	-0.411550	250.270621	0.003094	11.4
367	-1.104830	249.949624	0.005822	10.0
368	-0.972813	249.629723	0.004852	10.8
369	-0.235007	249.310911	0.004186	11.7
370	-1.066125	248.993182	0.005561	11.3
371	-0.000000	248.676531	0.000000	11.6
372	-0.647036	248.360952	0.005527	11.1
373	-0.862709	248.046438	0.006223	12.7
374	-0.873638	247.732984	0.003408	11.4
375	-1.041475	247.420584	0.005407	13.5
376	-1.122774	247.109233	0.006151	12.8
377	-0.618758	246.798924	0.003638	10.4
378	-1.123460	246.489652	0.005472	13.1
379	-0.205621	246.181412	0.003469	11.7
380	-1.107596	245.874197	0.004997	14.5
381	-0.101580	245.568002	0.004121	10.7
382	-0.018872	245.262822	0.001016	12.0
383	-0.885232	244.958652	0.006283	9.9
384	-0.000000	244.655485	0.000000	10.1
385	-0.102420	244.353317	0.003744	20.8
386	-0.163402	244.052142	0.002127	9.7
387	-0.832884	243.751955	0.005891	11.5
388	-0.990166	243.452750	0.005681	10.9
389	-0.475184	243.154523	0.002591	12.2
390	-0.897662	242.857268	0.004712	10.7
391	-0.322628	242.560980	0.001989	13.1
392	-0.634662	242.265654	0.003407	10.5
393	-1.009826	241.971285	0.004730	14.2
394	-0.961471	241.677868	0.004870	17.7
395	-1.068688	241.385397	0.005044	11.1
396	-0.349703	241.093869	0.003638	11.9
397	-0.617764	240.803278	0.004025	14.9
398	-0.913531	240.513619	0.006775	11.3
399	-0.997900	240.224887	0.006003	12.9
400	-0.876393	239.937077	0.004411	10.9
401	-1.014201	239.650186	0.006241	12.0
402	-0.809980	239.364207	0.005400	13.5
403	-0.174204	239.079136	0.001810	11.1
404	-0.000000	238.794969	0.000000	12.3
405	-0.231042	238.511701	0.003077	10.8
406	-0.483067	238.229327	0.003822	11.3
407	-0.898594	237.947843	0.004538	10.8
408	-0.600086	237.667244	0.003086	11.6
409	-0.000006	237.387526	0.000010	10.8
410	-0.000000	237.108684	0.000000	9.4
411	-0.806837	236.830714	0.003953	11.1
412	-0.000000	236.553610	0.000000	17.3
413	-0.933478	236.277370	0.005424	12.1
414	-0.103275	236.001989	0.000856	11.6
415	-0.804530	235.727461	0.003354	10.0
416	-1.040817	235.453784	0.005468	10.7
417	-0.457375	235.180952	0.003514	12.1
418	-0.874595	234.908962	0.005339	11.6
419	-0.716447	234.637809	0.005809	11.1
420	-0.516728	234.367488	0.003368	10.5
421	-0.711427	234.097997	0.003887	12.1
422	-0.462722	233.829331	0.003478	11.1
423	-0.000000	233.561485	0.000000	11.3
424	-0.956262	233.294456	0.004307	12.2
425	-0.951254	233.028239	0.006428	11.5
426	-1.009788	232.762831	0.005272	12.7
427	-0.921945	232.498228	0.006888	13.3
428	-0.059411	232.234425	0.001032	10.8
429	-0.729807	231.971419	0.004711	18.2
430	-0.910303	231.709205	0.004405	13.0
431	-1.053539	231.447781	0.005432	11.7
432	-0.000000	231.187141	0.000000	11.4
433	-0.061860	230.927283	0.001321	12.1
434	-0.766481	230.668202	0.003861	12.7
435	-0.861803	230.409895	0.003840	9.8
436	-1.041131	230.152358	0.005687	14.4
437	-0.885713	229.895587	0.003800	10.2
438	-0.466982	229.639578	0.003012	11.3
439	-0.954589	229.384329	0.004903	11.2
440	-0.863523	229.129834	0.004111	11.5
441	-0.110669	228.876091	0.004499	11.2
442	-0.699120	228.623096	0.004240	10.4
443	-0.811204	228.370846	0.003155	11.4
444	-0.985723	228.119336	0.005324	11.2
445	-0.000000	227.868563	0.000000	11.0
446	-1.098798	227.618525	0.005687	10.9
447	-0.663575	227.369216	0.003895	10.4
448	-1.085043	227.120635	0.005762	10.0
449	-0.132568	226.872777	0.003378	11.5
450	-0.778347	226.625638	0.003502	12.4
451	-0.036044	226.379217	0.001514	12.5
452	-0.845342	226.133509	0.004698	10.8
453	-0.206958	225.888510	0.003301	10.1
454	-1.060310	225.644218	0.004963	10.9
455	-0.955804	225.400630	0.004048	11.3
456	-1.066066	225.157741	0.007111	11.8
457	-0.975810	224.915549	0.004201	9.6
458	-0.000000	224.674051	0.000000	10.4
459	-0.357827	224.433242	0.003538	10.5
460	-0.527031	224.193121	0.005175	11.7
461	-0.835178	223.953684	0.003463	12.9
462	-0.495416	223.714927	0.003064	10.6
463	-0.180212	223.476848	0.002000	10.5
464	-0.968452	223.239444	0.004270	15.1
465	-1.020941	223.002710	0.004116	11.0
466	-1.014717	222.766645	0.006473	13.0
467	-0.882145	222.531245	0.005767	16.1
468	-0.395529	222.296508	0.004123	11.2
469	-1.018124	222.062429	0.006510	11.1
470	-0.626840	221.829007	0.003965	11.4
471	-1.037679	221.596238	0.006024	13.8
472	-0.691978	221.364119	0.005106	10.5
473	-1.039350	221.132647	0.007348	11.1
474	-0.511739	220.901820	0.003828	11.4
475	-0.675497	220.671634	0.003826	14.0
476	-0.860809	220.442086	0.006644	15.8
477	-1.069768	220.213174	0.004682	10.7
478	-0.767217	219.984895	0.005408	11.0
479	-0.064870	219.757246	0.003274	10.7
480	-0.976589	219.530224	0.006799	12.6
481	-0.942227	219.303826	0.005263	11.2
482	-0.008416	219.078050	0.001450	11.0
483	-0.000000	218.852893	0.000000	11.1
484	-0.742309	218.628352	0.004336	9.7
485	-0.525364	218.404424	0.003269	11.4
486	-0.919087	218.181106	0.004503	11.5
487	-0.000000	217.958397	0.000000	11.4
488	-0.928543	217.736292	0.006233	11.6
489	-1.030978	217.514790	0.004624	12.2
490	-0.907694	217.293888	0.003914	11.0
491	-0.820446	217.073584	0.003577	13.8
492	-0.000000	216.853873	0.000000	11.4
493	-0.122485	216.634755	0.003289	10.1
494	-0.844674	216.416227	0.004100	13.3
495	-0.202538	216.198285	0.002773	11.1
496	-1.057348	215.980927	0.004689	10.7
497	-0.827381	215.764151	0.004972	10.5
498	-0.419064	215.547955	0.004167	12.2
499	-0.922589	215.332335	0.005342	11.6
500	-0.855680	215.117289	0.006423	10.8
501	-0.909391	214.902815	0.004944	11.2
502	-0.261408	214.688911	0.002902	12.6
503	-0.278887	214.475573	0.003349	12.9
504	-1.086784	214.262800	0.006467	10.0
505	-0.004126	214.050588	0.000203	12.2
506	-0.781090	213.838936	0.003052	11.2
507	-0.871026	213.627842	0.004615	13.4
508	-0.166397	213.417302	0.002751	11.6
509	-0.803621	213.207314	0.005808	10.6
510	-0.834280	212.997877	0.005403	11.8
511	-0.851315	212.788987	0.005815	13.0
512	-1.004696	212.580642	0.004911	10.8
513	-0.112896	212.372841	0.001943	12.1
514	-0.639119	212.165581	0.004361	11.3
515	-0.643529	211.958859	0.004443	9.9
516	-0.984731	211.752673	0.004457	11.9
517	-1.002066	211.547021	0.003608	11.5
518	-0.038367	211.341902	0.002447	12.5
519	-0.466209	211.137311	0.003110	13.0
520	-0.381897	210.933248	0.003087	14.2
521	-0.774847	210.729710	0.004868	11.1
522	-1.067712	210.526695	0.005305	11.4
523	-0.857020	210.324200	0.006995	14.5
524	-0.450508	210.122224	0.004523	10.3
525	-0.053510	209.920765	0.002570	10.3
526	-0.933815	209.719820	0.004336	11.8
527	-0.033427	209.519387	0.002424	11.5
528	-0.000000	209.319463	0.000000	11.5
529	-0.961252	209.120048	0.004343	9.9
530	-0.004295	208.921139	0.000089	10.8
531	-0.369916	208.722733	0.002993	11.9
532	-0.921904	208.524829	0.003940	10.3
533	-0.227888	208.327425	0.002979	10.7
534	-0.518418	208.130518	0.002953	12.4
535	-0.869040	207.934107	0.005419	19.5
536	-0.348281	207.738189	0.003765	10.2
537	-0.051068	207.542762	0.002473	10.9
538	-0.815214	207.347825	0.004542	11.3
539	-0.000000	207.153376	0.000000	11.5
540	-1.163747	206.959412	0.006955	12.2
541	-0.494699	206.765932	0.003987	10.5
542	-0.100813	206.572933	0.002837	11.0
543	-1.083733	206.380414	0.005383	13.4
544	-0.020838	206.188373	0.001950	13.5
545	-1.032601	205.996807	0.004200	10.6
546	-1.093185	205.805716	0.006105	11.2
547	-0.951724	205.615096	0.003470	11.9
548	-0.348882	205.424946	0.003157	11.3
549	-0.835474	205.235265	0.006998	11.2
550	-0.961172	205.046050	0.005681	13.5
551	-0.760363	204.857299	0.005644	10.7
552	-0.581530	204.669011	0.005769	13.3
553	-1.022663	204.481184	0.004508	11.5
554	-0.696081	204.293816	0.004721	11.7
555	-1.065144	204.106905	0.006753	13.3
556	-0.597353	203.920449	0.004047	13.1
557	-1.034994	203.734447	0.004937	14.0
558	-0.205367	203.548896	0.003040	12.3
559	-1.091782	203.363795	0.004776	10.6
560	-0.490724	203.179143	0.003114	13.5
561	-1.023179	202.994937	0.005195	11.3
562	-0.268632	202.811176	0.003119	13.5
563	-1.097199	202.627857	0.005602	12.2
564	-0.689660	202.444980	0.003933	10.8
565	-0.883386	202.262543	0.005210	10.8
566	-0.740742	202.080543	0.003871	11.3
567	-0.999341	201.898979	0.004367	10.2
568	-1.116524	201.717849	0.005183	11.6
569	-0.000000	201.537153	0.000000	11.1
570	-0.937202	201.356887	0.006565	13.8
571	-0.653282	201.177050	0.002642	16.6
572	-0.000000	200.997642	0.000000	10.3
573	-0.877785	200.818659	0.004210	10.4
574	-0.803089	200.640100	0.005246	11.5
575	-0.902492	200.461965	0.005173	12.9
576	-0.000000	200.284250	0.000000	10.3
577	-1.077980	200.106955	0.006143	11.5
578	-0.970858	199.930078	0.005672	10.9
579	-0.622310	199.753617	0.003446	12.7
580	-0.727893	199.577571	0.004035	13.0
581	-0.524553	199.401938	0.003156	10.2
582	-0.391145	199.226717	0.002823	14.6
583	-0.797346	199.051905	0.005158	10.7
584	-0.851198	198.877502	0.004380	13.3
585	-0.000000	198.703506	0.000000	12.0
586	-1.023314	198.529916	0.005001	11.5
587	-0.963642	198.356729	0.005138	11.3
588	-0.869532	198.183944	0.006211	13.6
589	-0.113053	198.011560	0.003298	14.5
590	-0.620248	197.839576	0.003606	10.1
591	-0.118232	197.667989	0.002382	10.5
592	-0.080267	197.496798	0.002423	11.0
593	-0.988233	197.326002	0.005994	13.9
594	-0.000021	197.155600	0.000028	10.3
595	-0.890025	196.985589	0.005899	10.8
596	-0.991523	196.815969	0.003992	12.1
597	-1.042945	196.646738	0.005532	10.6
598	-0.236323	196.477894	0.003698	11.1
599	-0.021952	196.309436	0.000488	11.6
600	-0.686150	196.141363	0.003674	12.0
601	-0.706932	195.973673	0.004888	11.2
602	-0.982510	195.806365	0.004584	11.3
603	-0.279472	195.639437	0.002277	11.8
604	-0.016870	195.472888	0.002073	12.1
605	-0.563063	195.306717	0.003175	10.8
606	-0.000000	195.140922	0.000000	11.0
607	-0.161201	194.975501	0.002087	11.1
608	-0.405253	194.810454	0.003561	10.5
609	-0.779991	194.645779	0.003986	10.8
610	-0.742333	194.481475	0.004750	11.4
611	-1.113002	194.317540	0.006757	11.1
612	-1.030690	194.153973	0.004649	10.6
613	-0.323987	193.990773	0.002877	15.0
614	-0.001853	193.827938	0.001346	10.6
615	-0.078596	193.665467	0.002338	12.6
616	-0.188658	193.503358	0.002954	10.6
617	-1.063615	193.341611	0.005364	10.7
618	-0.251524	193.180224	0.002688	13.0
619	-0.243705	193.019196	0.003656	18.8
620	-0.540833	192.858525	0.004408	11.0
621	-1.056442	192.698210	0.004628	13.2
622	-1.080783	192.538251	0.004524	11.2
623	-0.573811	192.378644	0.003270	10.9
624	-0.915992	192.219391	0.008065	12.6
625	-1.012504	192.060488	0.006648	20.9
626	-0.897253	191.901935	0.004513	15.9
627	-0.818325	191.743730	0.005956	13.6
628	-0.373569	191.585873	0.003897	14.4
629	-0.996024	191.428362	0.004227	13.7
630	-1.097723	191.271196	0.006985	15.8
631	-0.114591	191.114374	0.002163	14.6
632	-0.926216	190.957893	0.005513	16.3
633	-0.993604	190.801755	0.004788	15.9
634	-0.140810	190.645956	0.002790	15.9
635	-1.005982	190.490495	0.004860	15.0
636	-0.649529	190.335373	0.003760	15.6
637	-1.051733	190.180587	0.004376	15.3
638	-0.886044	190.026136	0.003792	15.1
639	-0.450629	189.872019	0.002991	11.1
640	-0.000000	189.718235	0.000000	14.5
641	-0.432537	189.564782	0.003971	11.3
642	-1.026083	189.411661	0.004290	12.0
643	-1.080784	189.258868	0.007177	15.0
644	-0.233689	189.106404	0.003268	13.8
645	-0.954858	188.954267	0.003193	16.4
646	-0.031349	188.802456	0.001169	15.3
647	-0.629772	188.650969	0.003465	17.1
648	-0.900871	188.499807	0.005286	13.7
649	-0.000000	188.348967	0.000000	12.6
650	-0.832309	188.198448	0.004153	10.9
651	-0.385041	188.048250	0.002543	10.3
652	-0.189070	187.898371	0.004654	13.9
653	-0.758426	187.748810	0.003615	10.3
654	-0.808982	187.599566	0.005422	10.0
655	-0.146756	187.450638	0.001979	12.5
656	-0.146926	187.302025	0.003392	12.9
657	-0.000000	187.153725	0.000000	11.1
658	-0.801032	187.005739	0.005176	11.2
659	-0.651837	186.858064	0.003861	18.0
660	-0.975525	186.710699	0.005098	18.7
661	-0.000000	186.563645	0.000000	14.8
662	-0.000000	186.416898	0.000000	12.1
663	-0.000000	186.270459	0.000000	11.9
664	-0.198221	186.124326	0.004245	13.1
665	-0.918113	185.978499	0.007036	11.1
666	-0.575580	185.832976	0.003841	11.4
667	-1.003573	185.687756	0.005059	12.3
668	-1.078446	185.542838	0.004628	10.8
669	-0.895967	185.398222	0.006066	11.3
670	-0.860991	185.253906	0.004271	12.9
671	-0.195565	185.109889	0.002287	10.4
672	-1.009821	184.966170	0.004878	13.7
673	-0.000000	184.822748	0.000000	10.9
674	-0.144482	184.679623	0.002068	11.6
675	-0.905646	184.536792	0.006065	10.0
676	-1.121592	184.394256	0.006563	13.4
677	-0.000000	184.252013	0.000000	10.8
678	-0.000000	184.110062	0.000000	12.3
679	-0.063784	183.968403	0.002588	11.5
680	-0.879607	183.827034	0.004335	10.5
681	-0.368547	183.685954	0.002939	11.0
682	-0.285766	183.545163	0.002382	12.3
683	-0.641030	183.404658	0.003170	10.4
684	-0.250704	183.264441	0.002638	12.6
685	-0.906676	183.124509	0.006041	10.7
686	-0.843597	182.984861	0.004522	11.2
687	-0.913993	182.845497	0.005787	12.6
688	-0.000000	182.706416	0.000000	15.3
689	-0.000000	182.567616	0.000000	19.1
690	-0.000000	182.429098	0.000000	13.7
691	-0.665948	182.290859	0.003239	11.8
692	-0.995813	182.152899	0.003957	11.0
693	-1.046138	182.015217	0.005222	12.4
694	-1.009647	181.877813	0.004183	12.0
695	-0.000000	181.740684	0.000000	10.4
696	-1.049812	181.603832	0.005451	10.8
697	-0.000111	181.467253	0.000113	11.8
698	-0.694548	181.330948	0.003906	10.8
699	-0.009801	181.194916	0.001039	13.2
700	-0.400660	181.059155	0.002342	11.4
701	-0.048373	180.923666	0.002900	11.6
702	-0.692727	180.788446	0.003862	11.2
703	-0.616756	180.653496	0.003027	12.6
704	-1.043576	180.518814	0.005299	10.7
705	-0.680836	180.384399	0.004020	14.9
706	-0.522702	180.250251	0.003170	11.0
707	-1.034092	180.116369	0.004399	12.8
708	-0.674547	179.982752	0.003985	13.1
709	-1.095943	179.849398	0.005150	10.9
710	-0.583676	179.716308	0.004233	10.6
711	-0.870498	179.583480	0.004651	11.5
712	-0.868970	179.450913	0.005195	13.2
713	-1.091236	179.318607	0.005719	10.5
714	-0.877178	179.186561	0.004523	10.8
715	-0.191945	179.054774	0.003807	11.3
716	-0.168103	178.923245	0.002938	11.4
717	-1.038087	178.791973	0.004282	12.3
718	-1.035957	178.660958	0.004874	12.1
719	-0.299042	178.530199	0.002510	11.0
720	-0.960168	178.399694	0.005299	14.3
721	-0.564666	178.269444	0.004315	12.6
722	-0.951188	178.139447	0.003934	10.5
723	-0.594325	178.009702	0.004098	10.7
724	-0.962346	177.880209	0.004394	11.6
725	-0.963936	177.750967	0.005971	11.6
726	-0.956214	177.621975	0.006468	12.9
727	-0.020412	177.493232	0.001365	11.5
728	-0.921173	177.364738	0.004545	11.7
729	-0.883296	177.236492	0.005856	26.7
730	-1.056597	177.108492	0.005800	10.5
731	-0.945499	176.980739	0.004607	15.3
732	-0.891650	176.853231	0.003824	11.0
733	-0.999619	176.725968	0.007335	15.6
734	-1.001504	176.598949	0.007444	18.9
735	-0.706212	176.472173	0.003333	18.9
736	-0.189626	176.345639	0.003466	18.3
737	-0.000000	176.219348	0.000000	20.6
738	-0.812252	176.093296	0.004939	19.3
739	-1.066536	175.967486	0.007402	19.6
740	-0.972999	175.841914	0.004970	22.4
741	-0.990627	175.716581	0.004587	21.1
742	-0.035278	175.591486	0.002407	22.6
743	-1.036234	175.466629	0.006039	23.6
744	-0.949264	175.342008	0.004446	22.8
745	-0.431389	175.217622	0.003610	21.1
746	-0.725996	175.093472	0.006040	30.4
747	-1.041661	174.969556	0.004270	29.8
748	-1.092637	174.845873	0.005087	21.7
749	-0.863800	174.722423	0.004367	26.1
750	-0.869725	174.599206	0.003970	19.6
751	-0.266506	174.476220	0.002335	19.2
752	-0.966145	174.353464	0.004442	20.4
753	-0.644929	174.230939	0.003889	20.1
754	-0.418547	174.108643	0.003139	22.0
755	-0.856274	173.986576	0.004617	11.5
756	-1.080234	173.864737	0.004644	10.3
757	-0.151011	173.743124	0.001866	16.0
758	-1.041883	173.621739	0.007921	13.9
759	-0.185721	173.500579	0.004072	12.6
760	-0.602796	173.379645	0.003882	12.0
761	-0.358973	173.258935	0.002680	10.5
762	-0.809201	173.138449	0.005616	12.9
763	-0.641158	173.018186	0.003920	11.9
764	-1.087643	172.898146	0.006598	17.2
765	-0.546848	172.778327	0.003130	14.4
766	-0.995760	172.658730	0.005129	13.6
767	-0.033137	172.539353	0.000570	13.1
768	-0.292710	172.420196	0.002482	11.9
769	-0.000000	172.301258	0.000000	12.3
770	-0.706862	172.182539	0.004478	14.6
771	-0.079465	172.064037	0.001853	15.6
772	-1.027022	171.945753	0.004773	11.5
773	-0.241650	171.827686	0.002513	11.3
774	-0.664896	171.709834	0.003648	11.0
775	-0.041576	171.592198	0.000806	13.2
776	-0.063740	171.474776	0.002287	13.5
777	-0.768098	171.357568	0.004185	14.7
778	-0.872527	171.240574	0.006130	11.1
779	-0.187435	171.123793	0.002124	15.5
780	-1.055065	171.007223	0.005918	11.1
781	-0.933989	170.890865	0.004932	13.4
782	-0.000000	170.774718	0.000000	13.3
783	-0.737938	170.658782	0.003707	13.3
784	-1.097585	170.543055	0.004885	11.3
785	-0.892983	170.427537	0.003729	14.8
786	-0.161664	170.312227	0.002205	12.4
787	-1.025797	170.197125	0.006038	18.9
788	-0.833943	170.082231	0.004094	17.1
789	-0.971219	169.967543	0.004105	17.1
790	-1.036507	169.853061	0.004419	20.9
791	-0.086976	169.738784	0.002892	15.0
792	-0.845065	169.624713	0.004880	20.2
793	-0.258324	169.510845	0.003236	21.3
794	-0.855035	169.397181	0.004919	24.2
795	-0.340609	169.283720	0.002032	14.1
796	-0.075211	169.170462	0.002118	21.9
797	-0.483274	169.057405	0.003524	18.0
798	-0.424421	168.944549	0.003302	18.6
799	-0.265906	168.831895	0.002906	21.4
800	-0.775394	168.719440	0.005096	14.2
801	-0.000000	168.607185	0.000000	14.8
802	-0.847906	168.495129	0.003529	13.6
803	-0.962627	168.383271	0.006121	13.9
804	-0.208085	168.271611	0.001994	13.0
805	-0.790337	168.160148	0.004153	11.8
806	-0.726251	168.048882	0.005161	21.6
807	-0.564847	167.937812	0.003014	18.4
808	-0.898013	167.826938	0.005373	15.6
809	-1.100276	167.716258	0.004954	13.2
810	-0.188996	167.605773	0.003037	11.7
811	-0.958972	167.495482	0.005431	11.4
812	-0.911880	167.385384	0.005551	16.9
813	-0.032671	167.275479	0.002913	11.7
814	-0.238975	167.165766	0.003321	22.7
815	-0.928336	167.056245	0.005152	15.5
816	-0.008031	166.946915	0.000510	19.6
817	-0.029806	166.837776	0.001309	18.5
818	-1.008305	166.728826	0.005584	20.8
819	-0.269327	166.620067	0.002954	22.6
820	-1.054229	166.511496	0.004312	19.8
821	-0.243782	166.403113	0.002592	21.0
822	-0.000000	166.294919	0.000000	16.4
823	-0.475297	166.186912	0.002769	12.5
824	-0.973387	166.079091	0.005961	23.2
825	-0.318912	165.971458	0.002770	21.6
826	-0.000000	165.864009	0.000000	22.6
827	-0.591681	165.756747	0.003881	17.7
828	-0.938905	165.649669	0.005973	14.6
829	-0.419526	165.542775	0.002629	11.3
830	-0.022816	165.436065	0.000744	12.2
831	-0.941368	165.329538	0.006524	12.6
832	-0.642038	165.223194	0.004558	13.7
833	-0.362483	165.117032	0.002808	11.3
834	-1.148919	165.011052	0.005906	10.5
835	-1.020622	164.905253	0.003815	10.6
836	-0.110711	164.799635	0.001767	12.0
837	-0.705657	164.694197	0.004899	11.1
838	-1.098891	164.588939	0.004982	11.0
839	-0.537128	164.483859	0.004560	12.1
840	-0.000118	164.378959	0.000150	10.6
841	-0.820154	164.274237	0.005579	10.6
842	-0.680763	164.169692	0.004444	10.8
843	-0.721818	164.065325	0.005419	12.1
844	-1.005838	163.961135	0.005601	11.1
845	-0.715213	163.857120	0.005095	10.5
846	-0.679287	163.753282	0.004736	12.1
847	-1.040970	163.649619	0.004111	11.3
848	-0.669241	163.546130	0.003348	11.7
849	-1.144176	163.442816	0.004969	10.1
850	-1.035694	163.339676	0.004751	12.6
851	-0.140012	163.236709	0.002199	11.6
852	-1.051934	163.133915	0.005702	12.9
853	-0.000000	163.031294	0.000000	12.8
854	-0.201164	162.928844	0.002738	11.3
855	-0.089094	162.826566	0.002203	16.7
856	-0.000000	162.724459	0.000001	10.8
857	-0.000000	162.622523	0.000000	12.2
858	-0.240272	162.520757	0.003941	12.8
859	-0.438212	162.419160	0.003198	11.5
860	-0.838664	162.317733	0.003976	13.2
861	-0.939585	162.216474	0.005210	14.0
862	-0.041943	162.115383	0.001908	19.9
863	-0.397577	162.014461	0.002824	10.4
864	-0.454332	161.913705	0.003363	10.9
865	-0.144709	161.813117	0.001823	13.0
866	-0.000000	161.712695	0.000000	10.5
867	-1.055235	161.612439	0.004229	11.4
868	-1.057442	161.512349	0.004809	11.0
869	-1.058476	161.412424	0.004826	10.3
870	-0.054969	161.312663	0.000524	11.4
871	-0.000000	161.213067	0.000000	10.1
872	-0.868644	161.113635	0.005867	11.3
873	-1.076975	161.014366	0.005089	11.3
874	-1.032310	160.915260	0.004604	11.3
875	-0.000000	160.816316	0.000000	11.3
876	-0.767628	160.717535	0.002895	10.0
877	-0.413154	160.618915	0.004496	10.9
878	-0.530503	160.520456	0.003812	11.3
879	-0.011312	160.422158	0.001288	11.4
880	-1.050762	160.324021	0.004253	11.1
881	-0.563034	160.226043	0.003257	11.0
882	-0.722901	160.128225	0.004939	10.8
883	-0.050861	160.030566	0.002452	11.1
884	-0.727719	159.933066	0.003049	11.1
885	-0.000000	159.835723	0.000000	10.9
886	-0.451925	159.738539	0.004162	12.7
887	-1.016379	159.641512	0.004416	10.5
888	-0.829295	159.544642	0.005171	13.5
889	-0.388813	159.447929	0.002896	10.3
890	-0.625502	159.351372	0.003640	10.4
891	-0.204153	159.254971	0.001980	11.5
892	-0.407953	159.158725	0.002924	11.3
893	-0.349309	159.062634	0.002804	11.5
894	-1.071148	158.966697	0.004930	11.2
895	-0.000000	158.870915	0.000000	11.9
896	-0.820304	158.775286	0.004325	11.4
897	-0.211781	158.679811	0.005238	12.4
898	-0.060213	158.584489	0.001490	11.1
899	-0.036608	158.489319	0.001935	10.9
900	-0.748386	158.394302	0.005659	17.4
901	-0.345513	158.299436	0.002903	13.3
902	-0.972293	158.204721	0.006009	10.7
903	-1.052128	158.110158	0.004639	11.4
904	-0.652877	158.015745	0.003592	10.7
905	-0.821951	157.921482	0.005048	11.1
906	-0.243758	157.827369	0.002275	10.6
907	-0.322531	157.733406	0.003826	11.2
908	-0.019031	157.639591	0.000426	12.3
909	-1.020437	157.545925	0.005890	12.3
910	-0.751687	157.452408	0.005238	11.1
911	-0.906117	157.359038	0.005558	11.1
912	-0.304119	157.265816	0.003417	11.3
913	-1.043655	157.172741	0.005019	10.9
914	-0.969594	157.079813	0.006512	13.7
915	-0.582488	156.987031	0.003328	12.1
916	-1.033506	156.894395	0.008613	11.3
917	-0.848267	156.801904	0.005370	10.7
918	-0.869784	156.709559	0.005287	10.1
919	-0.040488	156.617359	0.000302	10.9
920	-0.066089	156.525304	0.002893	13.7
921	-0.987612	156.433392	0.005542	12.0
922	-1.077521	156.341624	0.005441	11.3
923	-0.398367	156.250000	0.003221	12.4
924	-0.242212	156.158519	0.002658	10.9
925	-0.472417	156.067180	0.003588	11.7
926	-0.133376	155.975984	0.003258	11.8
927	-0.506086	155.884930	0.003190	10.5
928	-0.188100	155.794017	0.002575	12.3
929	-0.903098	155.703246	0.003856	12.8
930	-1.051320	155.612615	0.004940	10.4
931	-0.896124	155.522125	0.005642	11.1
932	-0.598368	155.431775	0.002408	13.0
933	-1.012970	155.341565	0.006183	12.4
934	-0.153128	155.251495	0.003585	11.3
935	-0.843617	155.161563	0.005638	10.8
936	-1.048657	155.071771	0.003997	10.9
937	-0.886077	154.982117	0.004694	10.7
938	-0.888356	154.892601	0.005993	11.8
939	-1.090472	154.803222	0.004416	11.1
940	-0.869024	154.713981	0.005716	11.7
941	-0.255140	154.624878	0.002304	11.5
942	-0.306647	154.535910	0.003020	11.8
943	-0.028589	154.447080	0.002344	10.3
944	-0.229390	154.358385	0.002491	12.3
945	-1.052984	154.269826	0.004569	10.3
946	-0.045059	154.181402	0.003482	10.9
947	-0.474509	154.093114	0.003125	11.0
948	-0.293060	154.004960	0.002762	10.9
949	-0.930165	153.916940	0.004088	12.8
950	-0.018800	153.829054	0.000894	13.4
951	-0.000000	153.741303	0.000000	12.0
952	-0.732568	153.653684	0.004518	11.4
953	-0.903653	153.566198	0.004117	9.7
954	-0.248957	153.478846	0.002942	11.0
955	-0.835721	153.391625	0.006112	11.4
956	-0.000000	153.304537	0.000000	10.6
957	-0.296962	153.217580	0.003089	12.5
958	-0.145473	153.130755	0.002038	11.2
959	-1.088977	153.044061	0.004324	10.6
960	-0.000000	152.957498	0.000000	10.8
961	-1.059037	152.871065	0.005234	12.3
962	-0.635681	152.784762	0.005131	10.4
963	-0.152494	152.698589	0.001727	11.2
964	-1.012814	152.612545	0.004839	12.3
965	-0.939685	152.526631	0.004286	11.4
966	-0.971757	152.440845	0.004382	11.0
967	-0.281229	152.355188	0.002723	10.7
968	-1.079339	152.269660	0.004763	11.9
969	-0.722401	152.184259	0.005420	11.9
970	-0.683522	152.098986	0.004858	11.6
971	-0.000000	152.013840	0.000000	13.1
972	-0.920196	151.928821	0.005169	10.8
973	-1.075174	151.843928	0.004021	12.1
974	-1.119005	151.759163	0.004789	12.7
975	-0.496032	151.674523	0.003449	12.0
976	-0.874632	151.590009	0.006393	11.0
977	-0.759837	151.505620	0.004890	10.9
978	-0.878394	151.421357	0.003908	9.7
979	-1.009571	151.337218	0.005254	10.7
980	-0.761151	151.253204	0.003273	13.0
981	-0.309605	151.169314	0.001830	17.8
982	-0.037674	151.085549	0.001593	11.7
983	-0.726567	151.001907	0.003773	12.5
984	-0.963818	150.918388	0.005371	9.6
985	-0.845668	150.834992	0.005944	10.4
986	-0.166818	150.751719	0.002069	10.7
987	-0.870538	150.668569	0.005405	10.4
988	-0.952022	150.585541	0.005618	11.6
989	-0.504552	150.502634	0.003790	11.1
990	-0.963012	150.419849	0.006923	11.2
991	-0.144742	150.337186	0.002775	10.0
992	-0.508848	150.254644	0.003276	11.0
993	-0.413185	150.172222	0.003798	12.8
994	-0.920349	150.089921	0.005000	11.2
995	-0.000000	150.007740	0.000000	11.7
996	-1.035176	149.925679	0.004218	12.1
997	-0.511222	149.843737	0.002890	14.1
998	-0.000000	149.761915	0.000000	13.0
999	-0.895348	149.680212	0.003824	11.3
1000	-1.054716	149.598627	0.005859	11.6
1001	-0.415621	149.517161	0.003674	10.7
1002	-0.421089	149.435814	0.002871	8.9
1003	-0.008766	149.354584	0.000336	10.4
1004	-0.467427	149.273472	0.003448	12.7
1005	-0.204869	149.192477	0.002762	10.7
1006	-0.965212	149.111599	0.005581	10.1
1007	-1.090608	149.030838	0.004781	11.5
1008	-1.071825	148.950194	0.004505	9.7
1009	-1.032848	148.869666	0.003675	10.1
1010	-0.325712	148.789253	0.003466	11.5
1011	-0.866244	148.708957	0.005177	11.8
1012	-0.165306	148.628776	0.002162	10.4
1013	-0.539679	148.548710	0.003929	11.2
1014	-0.937218	148.468759	0.006759	11.9
1015	-0.909156	148.388923	0.004314	10.9
1016	-0.003728	148.309201	0.000761	12.4
1017	-1.193290	148.229594	0.006556	11.9
1018	-0.827203	148.150100	0.004009	10.3
1019	-0.000000	148.070719	0.000000	12.1
1020	-0.593641	147.991452	0.004170	10.8
1021	-0.917092	147.912298	0.003980	12.5
1022	-0.334488	147.833257	0.003892	11.0
1023	-0.516103	147.754329	0.005044	11.5
1024	-0.580876	147.675512	0.003509	11.7
1025	-0.457730	147.596808	0.002497	12.8
1026	-1.160538	147.518216	0.007594	10.5
1027	-1.068561	147.439735	0.007280	12.6
1028	-0.055008	147.361365	0.001445	10.7
1029	-0.952137	147.283106	0.004626	11.2
1030	-0.956176	147.204958	0.004836	11.2
1031	-0.363235	147.126920	0.003327	10.3
1032	-0.133564	147.048993	0.001528	10.4
1033	-0.538057	146.971175	0.003644	11.9
1034	-1.050372	146.893468	0.004745	10.6
1035	-0.284742	146.815869	0.003350	12.3
1036	-0.011876	146.738380	0.000703	11.5
1037	-0.600256	146.661000	0.002542	11.0
1038	-0.046471	146.583729	0.000943	11.0
1039	-0.903549	146.506566	0.006340	10.8
1040	-0.000000	146.429511	0.000000	11.2
1041	-1.145728	146.352565	0.006789	11.8
1042	-0.740255	146.275726	0.004882	11.2
1043	-0.957564	146.198994	0.005368	11.7
1044	-1.029628	146.122370	0.004515	11.9
1045	-0.052532	146.045853	0.000871	11.2
1046	-0.930137	145.969442	0.004449	13.3
1047	-0.761407	145.893139	0.003297	11.3
1048	-0.000000	145.816941	0.000000	13.2
1049	-0.213323	145.740849	0.003581	10.9
1050	-0.621147	145.664863	0.003978	11.0
1051	-0.267586	145.588983	0.002020	10.7
1052	-1.081782	145.513208	0.006293	11.5
1053	-0.502390	145.437538	0.003794	11.5
1054	-0.046047	145.361973	0.001836	10.5
1055	-0.020708	145.286513	0.002170	11.1
1056	-0.492103	145.211157	0.003106	11.6
1057	-0.923067	145.135905	0.004495	10.6
1058	-1.055542	145.060757	0.007719	9.8
1059	-0.416310	144.985712	0.003345	12.0
1060	-0.646398	144.910771	0.004425	12.0
1061	-0.825805	144.835934	0.005711	10.9
1062	-0.001449	144.761199	0.001060	17.6
1063	-0.219516	144.686567	0.005160	12.6
1064	-1.040824	144.612037	0.004818	13.4
1065	-1.015981	144.537610	0.004509	11.0
1066	-0.019934	144.463285	0.000958	11.8
1067	-1.014084	144.389062	0.004708	12.2
1068	-0.000000	144.314940	0.000000	11.0
1069	-1.120359	144.240920	0.006889	10.9
1070	-0.543344	144.167001	0.003536	16.3
1071	-0.000000	144.093182	0.000000	10.9
1072	-1.145998	144.019465	0.005738	14.5
1073	-0.755015	143.945848	0.005340	11.3
1074	-0.111408	143.872331	0.001499	11.0
1075	-0.406935	143.798914	0.002356	11.7
1076	-0.067632	143.725597	0.002746	11.8
1077	-0.973346	143.652380	0.004460	10.2
1078	-0.053807	143.579262	0.003890	12.8
1079	-1.109181	143.506243	0.007021	11.3
1080	-0.891122	143.433323	0.005627	19.8
1081	-0.436468	143.360502	0.002464	15.7
1082	-0.947761	143.287780	0.004637	18.1
1083	-0.266737	143.215155	0.002289	15.6
1084	-1.102773	143.142629	0.004866	16.7
1085	-0.362942	143.070201	0.003403	17.5
1086	-0.841874	142.997870	0.005450	19.0
1087	-0.412586	142.925637	0.002189	21.7
1088	-0.908939	142.853501	0.004039	17.3
1089	-1.161102	142.781462	0.005698	21.5
1090	-0.208849	142.709519	0.002327	27.6
1091	-0.718406	142.637674	0.004066	16.8
1092	-0.305902	142.565924	0.002752	19.1
1093	-0.489383	142.494271	0.002730	18.4
1094	-0.000000	142.422714	0.000000	14.2
1095	-0.721491	142.351252	0.004563	15.9
1096	-0.585116	142.279886	0.002861	12.7
1097	-0.616795	142.208616	0.003100	17.1
1098	-0.925358	142.137440	0.003176	10.7
1099	-0.688500	142.066360	0.004863	15.1
1100	-0.735048	141.995374	0.004644	14.6
1101	-0.000000	141.924483	0.000000	22.8
1102	-0.792315	141.853685	0.005146	17.0
1103	-0.761418	141.782983	0.004313	16.1
1104	-0.944213	141.712373	0.004800	24.6
1105	-0.000000	141.641858	0.000000	14.6
1106	-1.062846	141.571436	0.007627	20.1
1107	-0.043899	141.501108	0.001220	19.9
1108	-0.011468	141.430872	0.001856	13.0
1109	-0.389353	141.360730	0.002882	25.0
1110	-0.762975	141.290680	0.003699	16.4
1111	-1.054264	141.220722	0.005387	17.6
1112	-0.065701	141.150857	0.002322	17.4
1113	-0.019402	141.081084	0.000805	18.3
1114	-0.924557	141.011403	0.006767	19.1
1115	-0.261447	140.941813	0.002725	15.7
1116	-0.000000	140.872315	0.000000	20.4
1117	-0.738829	140.802909	0.005008	19.8
1118	-0.831486	140.733593	0.005004	22.7
1119	-0.562390	140.664369	0.004812	22.6
1120	-0.169907	140.595235	0.003409	24.2
1121	-0.000000	140.526192	0.000000	16.8
1122	-0.544608	140.457239	0.002773	19.9
1123	-0.211403	140.388376	0.002225	11.2
1124	-0.757086	140.319603	0.004688	19.9
1125	-0.972430	140.250920	0.006145	9.5
1126	-0.876013	140.182326	0.003975	14.3
1127	-0.000000	140.113822	0.000000	12.3
1128	-0.317735	140.045407	0.003066	12.0
1129	-1.059465	139.977081	0.006960	10.8
1130	-0.000000	139.908844	0.000000	13.1
1131	-0.082614	139.840696	0.004102	16.0
1132	-0.000000	139.772635	0.000000	13.9
1133	-1.132091	139.704664	0.005483	12.7
1134	-0.235042	139.636780	0.001983	11.5
1135	-0.340540	139.568984	0.002930	9.7
1136	-1.124787	139.501276	0.005331	14.6
1137	-0.818227	139.433655	0.003690	14.1
1138	-0.675218	139.366122	0.004665	20.1
1139	-0.329167	139.298676	0.003158	13.3
1140	-0.873032	139.231317	0.005801	14.0
1141	-0.956683	139.164045	0.004371	11.2
1142	-1.015420	139.096859	0.004176	11.0
1143	-1.116919	139.029760	0.005614	11.8
1144	-0.383283	138.962747	0.002633	10.9
1145	-0.063748	138.895820	0.003230	11.5
1146	-1.081215	138.828978	0.006127	11.1
1147	-0.079166	138.762223	0.001832	14.1
1148	-0.092948	138.695553	0.002646	11.0
1149	-0.737284	138.628969	0.003301	11.6
1150	-0.721336	138.562469	0.004444	13.5
1151	-0.469762	138.496055	0.002953	11.3
1152	-1.177119	138.429725	0.006460	10.5
1153	-0.944367	138.363481	0.004553	13.5
1154	-0.807636	138.297320	0.004191	11.9
1155	-0.893350	138.231244	0.006075	10.6
1156	-0.890086	138.165252	0.006003	11.8
1157	-0.916042	138.099344	0.004112	10.8
1158	-0.594667	138.033520	0.003800	10.5
1159	-0.921911	137.967779	0.006729	10.5
1160	-0.146022	137.902122	0.001774	11.3
1161	-0.000000	137.836548	0.000000	10.7
1162	-1.043749	137.771057	0.005692	10.4
1163	-0.273517	137.705649	0.005135	11.5
1164	-0.726668	137.640324	0.005284	12.5
1165	-0.694755	137.575081	0.004768	11.3
1166	-0.394025	137.509921	0.002701	11.6
1167	-0.299540	137.444842	0.003365	10.3
1168	-0.873835	137.379846	0.003704	11.4
1169	-0.694870	137.314932	0.003520	10.9
1170	-0.858098	137.250100	0.006208	13.7
1171	-0.000000	137.185349	0.000000	10.1
1172	-0.135289	137.120680	0.002894	13.2
1173	-0.000000	137.056092	0.000000	11.2
1174	-0.238644	136.991585	0.002393	10.6
1175	-0.115763	136.927158	0.001670	11.1
1176	-0.766344	136.862813	0.005127	13.0
1177	-1.088916	136.798548	0.004594	11.3
1178	-0.233142	136.734363	0.003190	11.1
1179	-0.784000	136.670259	0.004208	10.8
1180	-0.962648	136.606235	0.003822	10.5
1181	-0.994024	136.542291	0.004345	13.4
1182	-0.925039	136.478426	0.003882	11.2
1183	-0.392206	136.414641	0.003813	14.7
1184	-0.070062	136.350936	0.003652	17.7
1185	-0.266840	136.287310	0.002154	17.3
1186	-0.000000	136.223763	0.000000	17.9
1187	-1.062999	136.160295	0.007051	16.0
1188	-1.030206	136.096905	0.005011	16.0
1189	-0.727829	136.033594	0.004115	15.2
1190	-0.508311	135.970362	0.002603	23.2
1191	-0.848156	135.907208	0.003832	17.3
1192	-0.031093	135.844133	0.002499	17.9
1193	-0.820921	135.781135	0.004429	21.6
1194	-0.703764	135.718215	0.004325	16.9
1195	-0.019229	135.655373	0.002019	20.7
1196	-0.832860	135.592608	0.003933	16.2
1197	-0.004074	135.529921	0.000182	10.6
1198	-0.196043	135.467311	0.002342	23.1
1199	-0.772696	135.404778	0.004615	13.9
1200	-1.038199	135.342322	0.004310	15.5
1201	-0.701746	135.279942	0.003274	17.9
1202	-0.185908	135.217640	0.001986	24.7
1203	-0.268101	135.155413	0.001735	20.8
1204	-0.012372	135.093263	0.003807	13.9
1205	-0.014080	135.031190	0.001877	18.0
1206	-0.930613	134.969192	0.004511	13.3
1207	-1.070092	134.907270	0.005192	11.8
1208	-0.890049	134.845424	0.003794	11.6
1209	-0.012855	134.783653	0.000639	12.1
1210	-1.062700	134.721958	0.005119	11.2
1211	-0.539794	134.660338	0.003494	12.5
1212	-0.937767	134.598793	0.005922	10.9
1213	-0.975073	134.537323	0.004192	13.2
1214	-0.585373	134.475927	0.003711	22.2
1215	-0.907628	134.414607	0.006884	23.5
1216	-0.893989	134.353361	0.006547	18.6
1217	-0.721252	134.292189	0.004736	22.3
1218	-0.566251	134.231092	0.003142	17.8
1219	-0.027913	134.170068	0.002327	21.0
1220	-0.865789	134.109119	0.004332	20.0
1221	-0.000047	134.048243	0.000070	17.5
1222	-1.069658	133.987441	0.004610	20.0
1223	-0.890234	133.926713	0.004141	20.7
1224	-1.073943	133.866057	0.004513	22.0
1225	-0.590220	133.805475	0.002685	20.7
1226	-0.567045	133.744966	0.002530	24.9
1227	-0.038349	133.684530	0.001623	17.1
1228	-0.278986	133.624167	0.002799	16.0
1229	-0.447384	133.563877	0.002295	19.5
1230	-1.109420	133.503658	0.004432	22.5
1231	-0.386638	133.443513	0.003094	19.0
1232	-0.732253	133.383439	0.004070	18.1
1233	-1.058143	133.323437	0.007528	19.2
1234	-0.991794	133.263508	0.003982	20.7
1235	-0.363998	133.203650	0.002404	14.2
1236	-0.000000	133.143864	0.000000	14.2
1237	-0.716956	133.084149	0.004412	18.2
1238	-0.485638	133.024506	0.002472	18.7
1239	-1.016903	132.964934	0.004458	18.0
1240	-1.032464	132.905433	0.004623	16.1
1241	-0.956257	132.846003	0.003833	18.2
1242	-0.015678	132.786643	0.000480	15.9
1243	-0.663297	132.727355	0.003059	38.2
1244	-0.538747	132.668137	0.003427	18.7
1245	-0.980154	132.608989	0.004046	14.3
1246	-0.941450	132.549912	0.006082	16.0
1247	-0.668497	132.490904	0.003039	16.7
1248	-0.996655	132.431967	0.005008	19.1
1249	-0.504095	132.373100	0.003587	14.8
1250	-0.955576	132.314302	0.004693	17.4
1251	-0.935957	132.255574	0.004704	10.7
1252	-0.240011	132.196916	0.002984	18.4
1253	-1.093392	132.138326	0.004474	13.3
1254	-0.946293	132.079806	0.006242	30.8
1255	-0.485887	132.021355	0.003296	19.8
1256	-0.529466	131.962973	0.003547	11.5
1257	-0.634976	131.904660	0.002807	16.6
1258	-0.918805	131.846415	0.003949	17.2
1259	-1.050176	131.788239	0.004365	15.2
1260	-0.980827	131.730131	0.005671	11.5
1261	-0.450749	131.672092	0.003022	18.8
1262	-0.939201	131.614121	0.004853	17.0
1263	-0.811816	131.556217	0.005101	18.2
1264	-0.411604	131.498382	0.002385	20.0
1265	-0.189509	131.440614	0.002728	27.2
1266	-0.753963	131.382914	0.005854	30.8
1267	-0.294880	131.325282	0.002802	52.1
1268	-0.546633	131.267717	0.002887	20.1
1269	-1.115885	131.210219	0.005743	20.8
1270	-1.069642	131.152788	0.004120	17.5
1271	-0.727558	131.095424	0.003832	21.2
1272	-0.270807	131.038127	0.002184	29.6
1273	-0.128191	130.980897	0.001479	27.2
1274	-0.867092	130.923733	0.003333	23.7
1275	-1.029727	130.866636	0.004199	23.6
1276	-0.317288	130.809605	0.002988	26.0
1277	-0.737511	130.752641	0.003737	23.6
1278	-0.894697	130.695742	0.003109	25.1
1279	-0.087559	130.638910	0.002328	21.4
1280	-1.099013	130.582143	0.006627	26.6
1281	-1.123139	130.525442	0.005378	26.4
1282	-0.678214	130.468807	0.004776	28.9
1283	-0.815198	130.412237	0.004588	51.1
1284	-0.378364	130.355733	0.003265	45.0
1285	-0.000000	130.299294	0.000000	18.8
1286	-0.764208	130.242920	0.005102	26.8
1287	-0.909592	130.186611	0.004477	17.8
1288	-0.068703	130.130366	0.000529	83.8
1289	-0.814412	130.074187	0.004232	18.4
1290	-0.460843	130.018072	0.003052	16.8
1291	-0.873237	129.962022	0.003798	14.5
1292	-0.460451	129.906036	0.002603	16.8
1293	-0.000000	129.850114	0.000000	14.7
1294	-0.707073	129.794257	0.003878	13.8
1295	-0.484229	129.738463	0.003596	12.7
1296	-1.027895	129.682734	0.006027	12.2
1297	-0.070253	129.627068	0.002203	14.4
1298	-0.949957	129.571466	0.004036	11.6
1299	-1.021129	129.515927	0.004794	11.3
1300	-0.017415	129.460452	0.000992	12.8
1301	-0.477945	129.405040	0.002694	12.7
1302	-0.867264	129.349692	0.005708	11.5
1303	-0.714322	129.294406	0.003016	16.1
1304	-0.786731	129.239183	0.005557	11.1
1305	-0.574901	129.184024	0.003155	13.7
1306	-0.056352	129.128927	0.001969	12.3
1307	-0.094105	129.073892	0.002272	12.2
1308	-1.046470	129.018921	0.006474	11.8
1309	-1.032417	128.964011	0.005178	11.2
1310	-0.006541	128.909164	0.000696	15.2
1311	-0.943988	128.854379	0.003701	12.7
1312	-0.259337	128.799656	0.001888	13.9
1313	-0.011650	128.744995	0.001255	16.3
1314	-0.200228	128.690396	0.002393	12.6
1315	-0.990845	128.635858	0.004832	10.2
1316	-0.572279	128.581382	0.002598	10.6
1317	-1.083286	128.526968	0.006798	11.7
1318	-1.000072	128.472615	0.004498	13.3
1319	-0.000000	128.418323	0.000000	18.0
1320	-0.753354	128.364092	0.005480	16.8
1321	-1.077872	128.309922	0.005393	16.7
1322	-0.008542	128.255814	0.000943	16.8
1323	-1.016223	128.201766	0.004065	13.6
1324	-0.040420	128.147778	0.001740	11.9
1325	-1.030202	128.093852	0.004343	10.9
1326	-1.005123	128.039985	0.006604	11.8
1327	-0.471503	127.986180	0.002696	13.9
1328	-0.717753	127.932434	0.005139	12.7
1329	-0.978011	127.878749	0.005261	12.2
1330	-0.499880	127.825123	0.002836	11.3
1331	-0.212338	127.771558	0.002877	12.0
1332	-0.000000	127.718052	0.000000	14.2
1333	-0.325346	127.664606	0.002135	15.4
1334	-0.687603	127.611220	0.003330	11.3
1335	-1.078490	127.557893	0.004290	10.9
1336	-1.014776	127.504625	0.005428	11.4
1337	-0.000000	127.451417	0.000000	13.1
1338	-0.648247	127.398268	0.003042	12.5
1339	-1.040990	127.345178	0.004099	11.5
1340	-0.334735	127.292147	0.002772	14.7
1341	-1.038043	127.239175	0.005709	18.1
1342	-0.978872	127.186261	0.004387	16.2
1343	-1.080367	127.133407	0.006421	20.0
1344	-0.303154	127.080610	0.003449	23.3
1345	-0.952353	127.027872	0.005672	15.1
1346	-0.564951	126.975193	0.002637	13.6
1347	-1.153382	126.922572	0.006722	19.5
1348	-0.979454	126.870008	0.004393	17.9
1349	-0.782311	126.817503	0.003666	18.5
1350	-1.066335	126.765056	0.004940	14.8
1351	-0.711246	126.712667	0.004716	13.4
1352	-0.937434	126.660335	0.006076	15.1
1353	-1.079578	126.608061	0.005266	22.1
1354	-0.924983	126.555844	0.003766	13.5
1355	-0.000000	126.503685	0.000000	20.8
1356	-0.213281	126.451583	0.001704	21.1
1357	-1.019866	126.399538	0.005104	26.7
1358	-0.000000	126.347550	0.000000	17.3
1359	-0.726876	126.295619	0.005115	15.5
1360	-1.065271	126.243745	0.007157	16.7
1361	-0.007877	126.191928	0.000059	14.4
1362	-0.046996	126.140168	0.002346	19.2
1363	-1.155821	126.088464	0.006270	14.0
1364	-1.086081	126.036817	0.006874	19.0
1365	-0.025680	125.985226	0.000960	17.7
1366	-0.571321	125.933691	0.003436	15.2
1367	-0.587075	125.882212	0.003438	24.4
1368	-0.078266	125.830790	0.002010	16.5
1369	-1.042748	125.779423	0.005634	36.0
1370	-0.022810	125.728113	0.001449	19.4
1371	-0.540992	125.676858	0.003504	21.1
1372	-1.088297	125.625659	0.004690	20.0
1373	-0.544269	125.574515	0.003309	125.2
1374	-1.064979	125.523427	0.003764	91.2
1375	-0.574954	125.472394	0.003876	101.4
1376	-1.089302	125.421417	0.004497	22.2
1377	-0.738155	125.370495	0.005626	16.5
1378	-0.857388	125.319628	0.004990	16.8
1379	-0.315623	125.268815	0.003601	14.8
1380	-1.060333	125.218058	0.004275	16.1
1381	-0.805676	125.167356	0.003371	17.1
1382	-0.874054	125.116708	0.004103	16.4
1383	-1.026137	125.066115	0.004922	15.7
1384	-0.139771	125.015576	0.004384	14.5
1385	-0.213669	124.965092	0.002893	17.9
1386	-1.050409	124.914662	0.005105	16.6
1387	-0.745498	124.864287	0.004241	12.9
1388	-0.807131	124.813965	0.004258	14.8
1389	-0.581166	124.763698	0.003466	14.0
1390	-0.377655	124.713485	0.003295	17.4
1391	-1.023055	124.663325	0.004975	15.8
1392	-0.153077	124.613219	0.002042	16.7
1393	-0.944141	124.563167	0.004420	16.4
1394	-0.162255	124.513168	0.003226	16.8
1395	-1.039751	124.463223	0.006268	16.5
1396	-0.704186	124.413332	0.003587	15.0
1397	-0.070440	124.363493	0.000804	14.7
1398	-0.972444	124.313708	0.005809	13.5
1399	-0.559220	124.263976	0.002838	17.4
1400	-0.000268	124.214297	0.000256	14.1
1401	-0.496447	124.164671	0.002166	15.4
1402	-1.122260	124.115097	0.005756	18.5
1403	-0.327257	124.065577	0.004794	16.4
1404	-0.000000	124.016109	0.000000	13.2
1405	-0.232778	123.966693	0.003526	38.3
1406	-0.705692	123.917330	0.004080	16.7
1407	-1.002632	123.868020	0.004769	17.6
1408	-0.493462	123.818762	0.002349	15.0
1409	-1.164916	123.769556	0.004723	11.6
1410	-0.405444	123.720402	0.002339	13.5
1411	-0.872636	123.671300	0.005554	17.7
1412	-0.793828	123.622250	0.004980	15.9
1413	-0.000000	123.573252	0.000000	17.5
1414	-0.054534	123.524305	0.001356	16.0
1415	-0.000000	123.475411	0.000000	17.4
1416	-0.200088	123.426568	0.003779	16.5
1417	-1.041041	123.377776	0.006397	14.9
1418	-0.337592	123.329036	0.002184	18.0
1419	-0.660183	123.280347	0.004664	20.6
1420	-0.694159	123.231709	0.004146	16.4
1421	-0.294656	123.183122	0.003061	16.4
1422	-0.008529	123.134587	0.001272	17.5
1423	-0.044118	123.086102	0.001361	17.5
1424	-0.000000	123.037669	0.000000	13.7
1425	-0.962690	122.989286	0.004078	17.6
1426	-1.135370	122.940954	0.006212	16.5
1427	-0.887360	122.892672	0.003354	16.9
1428	-0.450566	122.844441	0.002809	16.5
1429	-0.430021	122.796261	0.002903	15.3
1430	-0.369152	122.748130	0.002739	13.2
1431	-0.430184	122.700050	0.003550	13.0
1432	-0.846895	122.652021	0.004596	17.1
1433	-0.000000	122.604041	0.000000	17.6
1434	-0.228718	122.556111	0.003102	16.3
1435	-1.016665	122.508232	0.004733	15.9
1436	-0.281335	122.460402	0.002902	14.1
1437	-0.654940	122.412622	0.003524	14.4
1438	-0.007829	122.364891	0.000126	13.0
1439	-0.959057	122.317210	0.006408	9.9
1440	-0.213626	122.269579	0.002066	13.2
1441	-0.495979	122.221997	0.003098	16.6
1442	-0.810289	122.174465	0.003787	16.7
1443	-0.141891	122.126981	0.002208	16.9
1444	-1.005784	122.079547	0.005519	17.1
1445	-0.725225	122.032162	0.006006	16.2
1446	-0.926293	121.984826	0.003387	15.8
1447	-0.682959	121.937539	0.005245	16.2
1448	-0.111470	121.890301	0.001951	15.8
1449	-0.000000	121.843112	0.000000	14.0
1450	-0.696845	121.795971	0.003169	17.7
1451	-1.012012	121.748879	0.004458	14.5
1452	-0.226772	121.701835	0.004888	14.9
1453	-0.901468	121.654840	0.004159	13.3
1454	-0.602429	121.607893	0.004367	12.1
1455	-0.111515	121.560994	0.001882	15.5
1456	-0.002839	121.514144	0.000787	17.8
1457	-0.746703	121.467342	0.003716	20.6
1458	-0.883038	121.420588	0.003221	17.4
1459	-0.686505	121.373882	0.005201	11.0
1460	-0.996218	121.327223	0.004581	15.1
1461	-1.040355	121.280613	0.004806	15.7
1462	-0.384102	121.234050	0.002834	17.8
1463	-1.092251	121.187535	0.004815	14.4
1464	-0.000000	121.141067	0.000000	16.5
1465	-1.118606	121.094647	0.005847	13.5
1466	-0.555796	121.048274	0.004470	18.1
1467	-0.866877	121.001949	0.004496	15.9
1468	-1.022485	120.955671	0.003579	15.5
1469	-1.084017	120.909440	0.004916	19.8
1470	-0.000000	120.863256	0.000000	15.1
1471	-0.050812	120.817119	0.001265	16.2
1472	-0.751065	120.771029	0.004679	14.0
1473	-1.120031	120.724986	0.004632	13.0
1474	-0.653138	120.678990	0.003688	18.1
1475	-0.065193	120.633040	0.001630	13.6
1476	-1.067335	120.587137	0.004535	14.3
1477	-0.807849	120.541281	0.004134	14.6
1478	-0.718464	120.495471	0.004629	80.7
1479	-0.953554	120.449707	0.004423	25.5
1480	-0.122356	120.403990	0.002167	19.6
1481	-0.775341	120.358319	0.004435	16.4
1482	-0.755098	120.312694	0.005855	16.1
1483	-0.000000	120.267115	0.000000	14.0
1484	-0.670534	120.221582	0.004173	16.9
1485	-0.498188	120.176096	0.002905	13.3
1486	-0.000000	120.130655	0.000000	22.8
1487	-0.875201	120.085260	0.004319	24.4
1488	-0.001855	120.039910	0.000912	13.8
1489	-1.088968	119.994606	0.004982	17.0
1490	-0.964797	119.949348	0.006763	20.5
1491	-0.004267	119.904135	0.000055	13.3
1492	-1.014009	119.858968	0.003947	11.6
1493	-0.451601	119.813846	0.002588	17.6
1494	-0.841570	119.768769	0.003922	14.3
1495	-1.056639	119.723738	0.004697	17.0
1496	-0.139360	119.678752	0.001435	11.0
1497	-0.826561	119.633810	0.005428	13.0
1498	-0.345729	119.588914	0.003253	17.3
1499	-1.103726	119.544062	0.004655	16.5
1500	-1.027765	119.499256	0.006253	19.6
1501	-0.819471	119.454494	0.003622	13.1
1502	-0.067624	119.409777	0.001260	11.0
1503	-0.858050	119.365104	0.005324	28.5
1504	-0.991879	119.320476	0.004203	22.0
1505	-0.888049	119.275893	0.004242	13.3
1506	-0.526033	119.231353	0.004275	21.0
1507	-0.938533	119.186859	0.003096	17.1
1508	-0.282518	119.142408	0.002489	24.9
1509	-0.000000	119.098002	0.000000	18.4
1510	-0.000000	119.053639	0.000000	14.2
1511	-0.076513	119.009321	0.001474	24.2
1512	-0.861293	118.965047	0.003769	20.2
1513	-0.379587	118.920816	0.002594	16.6
1514	-0.644585	118.876630	0.003759	17.2
1515	-1.097219	118.832487	0.004771	13.4
1516	-0.393740	118.788388	0.002939	19.2
1517	-0.220050	118.744332	0.001881	18.5
1518	-0.933718	118.700320	0.004356	17.2
1519	-0.554889	118.656352	0.003072	18.6
1520	-0.280218	118.612427	0.002592	11.4
1521	-0.086764	118.568545	0.000792	17.9
1522	-0.700623	118.524706	0.003443	20.1
1523	-0.602982	118.480911	0.003434	18.1
1524	-0.990151	118.437159	0.004535	24.0
1525	-0.569032	118.393450	0.003348	21.6
1526	-0.030217	118.349784	0.000901	24.0
1527	-0.693773	118.306160	0.005012	16.2
1528	-0.693763	118.262580	0.003336	15.6
1529	-1.085699	118.219042	0.004527	23.0
1530	-0.000000	118.175548	0.000000	18.3
1531	-1.132970	118.132095	0.004961	18.7
1532	-0.670583	118.088686	0.004256	25.1
1533	-0.926571	118.045319	0.004171	15.4
1534	-0.829087	118.001994	0.004980	29.8
1535	-0.062848	117.958712	0.001382	23.7
1536	-1.058148	117.915472	0.004910	14.5
1537	-0.926120	117.872274	0.004377	16.0
1538	-1.001394	117.829118	0.007517	24.9
1539	-0.923837	117.786005	0.003997	20.6
1540	-1.048324	117.742933	0.004948	21.9
1541	-0.000000	117.699904	0.000000	18.1
1542	-0.908334	117.656916	0.004573	12.0
1543	-1.051780	117.613971	0.004988	16.0
1544	-0.756581	117.571067	0.003858	13.4
1545	-0.007143	117.528205	0.000711	15.3
1546	-1.057737	117.485384	0.004306	14.0
1547	-1.178239	117.442605	0.006054	17.0
1548	-0.041244	117.399867	0.002582	13.1
1549	-1.038678	117.357171	0.005640	16.7
1550	-0.496717	117.314517	0.002989	13.1
1551	-0.582292	117.271903	0.003154	13.3
1552	-1.030679	117.229331	0.004310	13.6
1553	-0.676225	117.186800	0.003521	12.6
1554	-0.910127	117.144311	0.006163	13.2
1555	-0.414615	117.101862	0.002722	11.8
1556	-0.000000	117.059454	0.000000	11.0
1557	-0.367760	117.017087	0.002622	13.1
1558	-0.460709	116.974762	0.003221	14.1
1559	-0.896127	116.932476	0.005465	14.7
1560	-0.802957	116.890232	0.004049	14.6
1561	-0.068090	116.848028	0.001556	12.1
1562	-0.474631	116.805865	0.002458	11.1
1563	-0.614006	116.763743	0.003702	17.3
1564	-0.962298	116.721661	0.005495	11.0
1565	-0.183332	116.679619	0.002605	12.7
1566	-1.159118	116.637618	0.006507	12.7
1567	-0.737983	116.595657	0.003089	12.7
1568	-0.529671	116.553736	0.003453	16.3
1569	-0.463732	116.511855	0.003678	13.7
1570	-0.936966	116.470015	0.006073	10.6
1571	-0.986788	116.428214	0.004422	15.9
1572	-0.752215	116.386454	0.003419	24.1
1573	-1.075945	116.344733	0.004480	18.2
1574	-0.000650	116.303052	0.000355	16.0
1575	-0.000000	116.261412	0.000000	12.8
1576	-0.257405	116.219810	0.003038	12.0
1577	-0.811017	116.178249	0.003705	11.5
1578	-0.811345	116.136727	0.004184	12.3
1579	-0.841624	116.095245	0.003100	13.3
1580	-0.999254	116.053802	0.004886	14.4
1581	-1.088684	116.012398	0.004423	12.8
1582	-1.067125	115.971034	0.004686	10.2
1583	-0.139087	115.929710	0.002470	12.2
1584	-0.000000	115.888424	0.000000	12.3
1585	-0.496367	115.847178	0.002469	13.1
1586	-0.984301	115.805970	0.005240	11.3
1587	-0.034900	115.764802	0.002301	11.0
1588	-0.983366	115.723673	0.006235	12.9
1589	-0.793405	115.682583	0.003268	12.7
1590	-0.000000	115.641532	0.000000	11.4
1591	-0.002591	115.600519	0.001387	12.1
1592	-0.757304	115.559546	0.003115	10.2
1593	-0.835288	115.518610	0.005337	11.4
1594	-0.614827	115.477714	0.003416	12.8
1595	-0.685536	115.436856	0.003503	11.6
1596	-0.600684	115.396037	0.003223	13.4
1597	-0.939903	115.355256	0.004343	13.0
1598	-1.065579	115.314514	0.006703	10.7
1599	-0.365875	115.273810	0.002850	11.8
1600	-1.061797	115.233144	0.004816	11.4
1601	-1.041831	115.192517	0.004184	12.3
1602	-0.984629	115.151927	0.004885	13.0
1603	-0.365932	115.111376	0.004453	12.6
1604	-0.000000	115.070863	0.000000	10.3
1605	-0.994938	115.030388	0.004131	12.5
1606	-0.952467	114.989951	0.005046	18.6
1607	-0.475380	114.949551	0.003951	10.7
1608	-0.016637	114.909190	0.002463	10.4
1609	-0.718244	114.868866	0.004745	12.2
1610	-0.912174	114.828580	0.005335	10.9
1611	-0.104009	114.788332	0.001126	15.3
1612	-0.067165	114.748121	0.002887	14.7
1613	-0.954792	114.707948	0.004558	11.5
1614	-0.941306	114.667812	0.005921	12.4
1615	-0.942981	114.627714	0.004627	10.9
1616	-0.601942	114.587653	0.003467	12.8
1617	-1.031257	114.547629	0.004705	12.9
1618	-1.022226	114.507643	0.004524	10.8
1619	-0.941814	114.467693	0.006023	11.0
1620	-0.843461	114.427781	0.004662	10.8
1621	-0.857846	114.387907	0.003658	13.9
1622	-0.773492	114.348069	0.004466	23.4
1623	-1.050159	114.308268	0.005637	17.9
1624	-0.721736	114.268504	0.003081	13.5
1625	-0.957569	114.228777	0.004144	12.0
1626	-1.091698	114.189086	0.004919	12.7
1627	-1.132651	114.149433	0.005799	10.6
1628	-0.676469	114.109816	0.002905	13.8
1629	-0.768649	114.070235	0.005168	11.4
1630	-0.895883	114.030692	0.003651	11.5
1631	-1.000322	113.991185	0.004181	13.8
1632	-1.141347	113.951714	0.005511	11.3
1633	-1.036374	113.912280	0.004569	11.6
1634	-0.000080	113.872882	0.000092	11.0
1635	-0.473257	113.833521	0.002712	12.9
1636	-1.045145	113.794195	0.005741	11.7
1637	-0.590630	113.754906	0.005362	12.3
1638	-0.539512	113.715653	0.003271	10.2
1639	-0.889098	113.676437	0.004188	13.6
1640	-0.918570	113.637256	0.005173	15.9
1641	-1.132527	113.598111	0.006248	14.0
1642	-0.822507	113.559002	0.004650	10.9
1643	-0.575442	113.519929	0.003714	12.2
1644	-0.886210	113.480892	0.004064	12.4
1645	-0.795828	113.441891	0.003329	12.3
1646	-0.000000	113.402925	0.000000	12.9
1647	-0.567361	113.363995	0.003765	11.1
1648	-0.956510	113.325101	0.003877	13.1
1649	-0.913030	113.286242	0.003515	11.8
1650	-0.972091	113.247419	0.006961	14.2
1651	-0.000000	113.208631	0.000000	17.5
1652	-1.033347	113.169879	0.004522	10.1
1653	-0.375269	113.131162	0.003714	14.4
1654	-0.030144	113.092480	0.002524	13.5
1655	-1.050240	113.053833	0.005705	14.0
1656	-0.817368	113.015222	0.003501	11.0
1657	-0.000000	112.976646	0.000000	12.9
1658	-1.094988	112.938105	0.005366	11.3
1659	-0.548380	112.899599	0.003514	12.9
1660	-0.418859	112.861128	0.003485	12.7
1661	-0.939667	112.822692	0.003961	10.6
1662	-0.042769	112.784291	0.001193	11.1
1663	-1.149667	112.745924	0.006371	11.4
1664	-0.265705	112.707593	0.001688	11.6
1665	-1.066394	112.669296	0.005809	12.3
1666	-1.071519	112.631034	0.005515	10.8
1667	-0.172690	112.592806	0.002633	11.8
1668	-1.003229	112.554613	0.004841	14.0
1669	-0.486168	112.516455	0.003928	12.4
1670	-0.037247	112.478331	0.002684	12.3
1671	-1.148270	112.440241	0.005844	11.4
1672	-0.738591	112.402186	0.005711	10.3
1673	-0.782831	112.364165	0.005069	10.3
1674	-1.022034	112.326179	0.005715	11.3
1675	-0.931473	112.288227	0.004195	12.4
1676	-0.771938	112.250309	0.004583	12.6
1677	-0.965771	112.212425	0.004591	11.9
1678	-0.198785	112.174575	0.002835	10.8
1679	-0.246388	112.136759	0.003482	12.3
1680	-0.702690	112.098977	0.003611	18.0
1681	-0.861753	112.061229	0.003561	11.4
1682	-0.417376	112.023515	0.002730	11.4
1683	-1.056163	111.985834	0.006653	16.8
1684	-0.722023	111.948188	0.004972	11.6
1685	-1.033895	111.910575	0.004380	10.6
1686	-0.000000	111.872996	0.000000	12.1
1687	-0.526378	111.835450	0.003702	10.8
1688	-1.022082	111.797939	0.006633	11.1
1689	-1.065921	111.760460	0.004558	11.0
1690	-1.123078	111.723015	0.006325	11.3
1691	-1.019949	111.685604	0.004098	14.1
1692	-0.013381	111.648226	0.001606	11.2
1693	-0.241614	111.610881	0.003550	11.0
1694	-1.077871	111.573570	0.004237	13.5
1695	-0.991356	111.536292	0.005627	19.1
1696	-0.183483	111.499047	0.001571	13.5
1697	-0.594453	111.461835	0.002660	12.5
1698	-0.095716	111.424656	0.001586	17.9
1699	-1.077355	111.387510	0.005608	15.5
1700	-1.011568	111.350398	0.004859	16.8
1701	-1.091332	111.313318	0.007716	11.1
1702	-0.420800	111.276271	0.002784	11.9
1703	-0.823856	111.239257	0.003668	11.0
1704	-0.261960	111.202276	0.002215	11.3
1705	-0.801773	111.165328	0.005784	13.3
1706	-0.000000	111.128412	0.000000	13.0
1707	-0.000000	111.091529	0.000000	11.9
1708	-0.000000	111.054679	0.000000	11.1
1709	-0.870433	111.017861	0.006150	13.2
1710	-1.176096	110.981076	0.006414	12.1
1711	-0.004258	110.944323	0.000106	11.6
1712	-0.000000	110.907603	0.000000	10.4
1713	-0.884876	110.870915	0.004302	13.8
1714	-0.748828	110.834259	0.004721	11.9
1715	-0.054079	110.797636	0.002030	12.4
1716	-0.999178	110.761045	0.004363	11.2
1717	-0.991127	110.724486	0.003556	13.0
1718	-0.967387	110.687959	0.006423	15.5
1719	-1.044322	110.651465	0.004187	10.8
1720	-0.097169	110.615002	0.000918	11.6
1721	-0.938746	110.578572	0.004092	11.7
1722	-0.058948	110.542173	0.001913	12.6
1723	-0.000000	110.505807	0.000000	12.1
1724	-0.967188	110.469472	0.004462	13.5
1725	-0.402574	110.433169	0.003205	11.9
1726	-0.455897	110.396898	0.004140	11.9
1727	-0.805312	110.360659	0.005135	10.9
1728	-0.964194	110.324451	0.004319	14.3
1729	-1.067803	110.288276	0.004739	14.0
1730	-0.861778	110.252131	0.005847	13.0
1731	-1.115508	110.216019	0.004752	11.5
1732	-0.959053	110.179937	0.004301	11.6
1733	-1.058352	110.143888	0.005947	12.8
1734	-0.932266	110.107869	0.004275	11.4
1735	-0.224779	110.071882	0.003083	11.4
1736	-1.031925	110.035927	0.006595	12.9
1737	-1.059875	110.000003	0.005094	10.7
1738	-0.741846	109.964110	0.003568	12.7
1739	-0.620879	109.928248	0.004112	12.5
1740	-1.112975	109.892417	0.005807	11.4
1741	-0.979355	109.856618	0.004186	12.3
1742	-0.954696	109.820850	0.004589	10.6
1743	-0.887930	109.785112	0.006383	13.8
1744	-0.786667	109.749406	0.003503	12.8
1745	-0.220907	109.713730	0.002924	11.9
1746	-0.000000	109.678086	0.000000	12.5
1747	-0.418581	109.642472	0.002667	12.6
1748	-0.531359	109.606890	0.003071	12.7
1749	-0.924015	109.571337	0.004701	11.6
1750	-0.743092	109.535816	0.003500	12.2
1751	-0.767672	109.500326	0.003797	11.1
1752	-0.853718	109.464866	0.007120	12.6
1753	-0.651417	109.429436	0.003305	12.5
1754	-0.412324	109.394038	0.002554	16.0
1755	-0.888113	109.358669	0.004579	12.6
1756	-0.551854	109.323331	0.002970	10.4
1757	-0.764802	109.288024	0.004125	11.0
1758	-1.102041	109.252747	0.004692	11.0
1759	-0.203136	109.217501	0.002654	12.3
1760	-1.084309	109.182284	0.006292	10.5
1761	-0.165588	109.147098	0.002882	14.3
1762	-0.823241	109.111942	0.005291	11.8
1763	-1.122270	109.076817	0.005580	12.2
1764	-0.000000	109.041721	0.000000	13.8
1765	-0.900504	109.006656	0.004510	11.0
1766	-0.689707	108.971620	0.004345	13.3
1767	-0.000000	108.936615	0.000000	11.3
1768	-0.373606	108.901640	0.003559	14.2
1769	-0.854575	108.866694	0.005869	11.4
1770	-0.247995	108.831779	0.003867	14.4
1771	-0.961153	108.796893	0.004680	10.3
1772	-0.756543	108.762037	0.003988	17.3
1773	-0.483154	108.727211	0.002517	14.1
1774	-0.737181	108.692415	0.003212	11.2
1775	-0.004390	108.657648	0.000213	12.1
1776	-0.962243	108.622911	0.005517	11.7
1777	-0.613157	108.588203	0.003692	13.6
1778	-0.555267	108.553525	0.003749	12.2
1779	-0.062347	108.518877	0.003043	12.8
1780	-0.624277	108.484258	0.002793	12.5
1781	-0.677815	108.449668	0.003483	10.4
1782	-1.036712	108.415108	0.007142	11.8
1783	-0.515686	108.380578	0.003757	12.2
1784	-1.089664	108.346076	0.006777	11.9
1785	-0.000000	108.311604	0.000000	10.7
1786	-0.835446	108.277161	0.004346	10.3
1787	-0.993371	108.242747	0.004742	11.3
1788	-0.059939	108.208363	0.003413	12.7
1789	-1.035063	108.174007	0.004295	10.9
1790	-0.005672	108.139681	0.002035	14.6
1791	-0.983462	108.105383	0.007517	13.3
1792	-0.000000	108.071115	0.000000	12.0
1793	-0.977314	108.036875	0.004396	12.9
1794	-0.873486	108.002665	0.004604	10.6
1795	-0.816576	107.968483	0.003194	11.5
1796	-0.048275	107.934330	0.001889	15.0
1797	-0.041249	107.900206	0.001536	13.5
1798	-1.081989	107.866111	0.006260	12.5
1799	-1.007800	107.832044	0.004964	10.6
1800	-0.952753	107.798007	0.003267	13.1
1801	-0.000000	107.763997	0.000000	12.2
1802	-0.100015	107.730017	0.001750	11.1
1803	-0.929895	107.696065	0.003537	16.3
1804	-0.422692	107.662141	0.004621	12.9
1805	-0.721480	107.628246	0.004286	10.7
1806	-0.698577	107.594379	0.004844	12.9
1807	-0.815263	107.560541	0.003986	11.6
1808	-1.025603	107.526731	0.004866	12.0
1809	-0.000000	107.492949	0.000000	12.0
1810	-0.546272	107.459196	0.003327	10.9
1811	-0.022678	107.425471	0.000852	13.3
1812	-0.000000	107.391774	0.000000	11.2
1813	-0.225141	107.358106	0.002249	11.3
1814	-0.789543	107.324465	0.005250	11.7
1815	-0.550069	107.290853	0.003375	13.7
1816	-1.164850	107.257268	0.004574	12.8
1817	-0.525429	107.223712	0.002747	11.0
1818	-0.875003	107.190184	0.004614	12.7
1819	-0.655921	107.156683	0.003686	12.2
1820	-1.046506	107.123211	0.006316	12.6
1821	-1.012246	107.089766	0.004408	13.1
1822	-0.966864	107.056349	0.004335	11.9
1823	-0.738701	107.022960	0.004217	11.2
1824	-0.511351	106.989599	0.003427	12.7
1825	-0.351339	106.956265	0.002374	12.6
1826	-0.745719	106.922960	0.005783	13.1
1827	-0.865262	106.889681	0.005051	13.0
1828	-0.703243	106.856431	0.005163	11.5
1829	-0.766853	106.823208	0.003912	12.2
1830	-1.068044	106.790012	0.006833	15.9
1831	-0.989650	106.756844	0.006747	12.5
1832	-1.090979	106.723703	0.005235	12.2
1833	-1.104706	106.690590	0.004612	19.4
1834	-0.593643	106.657505	0.003746	12.3
1835	-0.737410	106.624446	0.004271	12.9
1836	-0.302847	106.591415	0.002304	10.7
1837	-0.974210	106.558411	0.006224	12.4
1838	-0.000000	106.525435	0.000000	13.3
1839	-0.000032	106.492485	0.000043	12.6
1840	-0.749621	106.459563	0.003595	12.7
1841	-1.087490	106.426668	0.007184	11.8
1842	-0.781619	106.393800	0.005336	10.9
1843	-0.982177	106.360959	0.004003	13.5
1844	-0.978949	106.328145	0.006022	14.3
1845	-1.009819	106.295358	0.004400	15.2
1846	-0.890139	106.262598	0.003815	10.9
1847	-0.960365	106.229865	0.005036	11.2
1848	-0.119808	106.197158	0.001393	11.6
1849	-0.256460	106.164479	0.001954	11.8
1850	-0.725915	106.131826	0.003745	11.8
1851	-0.767557	106.099201	0.003842	12.5
1852	-1.143074	106.066602	0.006248	14.5
1853	-1.029068	106.034029	0.004459	11.4
1854	-0.981480	106.001483	0.006292	11.5
1855	-1.020963	105.968964	0.005470	16.4
1856	-0.622487	105.936472	0.004615	11.6
1857	-0.176004	105.904006	0.003483	11.7
1858	-0.908286	105.871566	0.004668	10.2
1859	-0.459171	105.839153	0.003417	16.2
1860	-0.766195	105.806767	0.004145	12.3
1861	-0.264523	105.774407	0.003329	11.8
1862	-0.824745	105.742073	0.005173	12.0
1863	-0.022610	105.709766	0.000251	11.4
1864	-0.210934	105.677485	0.001744	11.0
1865	-0.673122	105.645230	0.003552	13.1
1866	-0.363399	105.613001	0.002341	12.5
1867	-0.396834	105.580799	0.002561	14.9
1868	-0.295129	105.548623	0.003005	11.8
1869	-0.000000	105.516473	0.000000	10.0
1870	-0.827377	105.484349	0.004526	13.0
1871	-0.564456	105.452251	0.004473	12.6
1872	-0.586630	105.420179	0.002948	10.9
1873	-0.860680	105.388133	0.003828	13.2
1874	-1.083177	105.356113	0.006505	12.7
1875	-0.122697	105.324119	0.001392	11.4
1876	-0.021984	105.292151	0.001011	11.8
1877	-0.000000	105.260209	0.000000	11.0
1878	-0.404404	105.228293	0.003416	14.2
1879	-0.410106	105.196402	0.003258	13.8
1880	-0.808610	105.164537	0.004520	13.2
1881	-0.833187	105.132698	0.004337	13.4
1882	-0.876289	105.100885	0.005458	12.5
1883	-0.928477	105.069097	0.004040	10.8
1884	-0.838736	105.037335	0.003894	14.0
1885	-1.040725	105.005598	0.005182	12.5
1886	-0.893519	104.973887	0.003984	11.8
1887	-1.148845	104.942202	0.004262	10.7
1888	-0.088591	104.910542	0.001946	12.6
1889	-0.829036	104.878907	0.005283	12.8
1890	-0.248375	104.847298	0.002624	12.0
1891	-0.671717	104.815715	0.003702	11.8
1892	-0.000000	104.784156	0.000000	10.4
1893	-0.697877	104.752623	0.004432	13.0
1894	-0.000000	104.721116	0.000000	11.6
1895	-0.000000	104.689633	0.000000	12.6
1896	-0.812907	104.658176	0.005013	11.2
1897	-1.039935	104.626744	0.005032	12.7
1898	-0.528870	104.595337	0.002912	11.8
1899	-0.873186	104.563955	0.004883	11.9
1900	-1.023455	104.532599	0.005444	13.0
1901	-1.047612	104.501267	0.004748	11.3
1902	-1.033743	104.469960	0.004578	12.4
1903	-0.767107	104.438679	0.004153	14.1
1904	-1.088332	104.407422	0.005499	13.2
1905	-1.048819	104.376191	0.004612	17.2
1906	-0.928485	104.344984	0.003834	12.8
1907	-0.167503	104.313802	0.004249	11.2
1908	-0.928621	104.282645	0.003759	11.1
1909	-0.550660	104.251513	0.002343	15.1
1910	-0.000000	104.220405	0.000000	11.5
1911	-0.000000	104.189323	0.000000	12.0
1912	-0.388668	104.158265	0.003035	11.5
1913	-0.044358	104.127231	0.000731	10.4
1914	-0.052861	104.096222	0.001085	12.4
1915	-0.007306	104.065238	0.001829	11.9
1916	-0.948983	104.034279	0.005380	11.0
1917	-1.060944	104.003344	0.004580	11.3
1918	-0.286105	103.972433	0.002351	12.9
1919	-0.793815	103.941547	0.003000	14.7
1920	-0.345399	103.910686	0.002720	13.8
1921	-0.168808	103.879849	0.002118	12.4
1922	-0.834809	103.849036	0.004999	12.3
1923	-0.946905	103.818248	0.006297	11.3
1924	-0.908272	103.787484	0.004641	11.0
1925	-1.089941	103.756744	0.006636	11.8
1926	-0.460100	103.726029	0.002481	11.0
1927	-0.000000	103.695338	0.000000	13.3
1928	-0.441005	103.664671	0.002810	12.9
1929	-0.573606	103.634028	0.002730	12.7
1930	-0.931705	103.603409	0.004411	12.5
1931	-0.903494	103.572814	0.004591	11.1
1932	-0.702002	103.542244	0.003443	12.2
1933	-0.014028	103.511698	0.001686	13.8
1934	-0.038485	103.481175	0.001504	12.3
1935	-0.399112	103.450677	0.003329	11.4
1936	-1.079977	103.420202	0.004026	11.6
1937	-0.242360	103.389752	0.003197	10.6
1938	-1.003233	103.359325	0.006288	12.9
1939	-0.000000	103.328922	0.000000	12.5
1940	-0.735511	103.298543	0.003637	10.6
1941	-1.113579	103.268188	0.004931	13.8
1942	-1.099672	103.237857	0.005912	14.6
1943	-0.224957	103.207549	0.002670	12.1
1944	-0.976663	103.177265	0.004784	12.7
1945	-0.027824	103.147005	0.002355	10.2
1946	-0.985973	103.116768	0.003803	13.2
1947	-0.000000	103.086556	0.000000	12.2
1948	-0.000000	103.056366	0.000000	12.0
1949	-0.000000	103.026200	0.000000	12.6
1950	-0.000000	102.996058	0.000000	15.4
1951	-1.016757	102.965939	0.003826	12.9
1952	-0.895267	102.935844	0.004256	11.9
1953	-0.164782	102.905772	0.003182	16.4
1954	-0.149859	102.875724	0.001662	12.5
1955	-1.026002	102.845699	0.003962	17.9
1956	-0.000000	102.815697	0.000000	13.4
1957	-0.849819	102.785719	0.005791	12.3
1958	-1.122091	102.755764	0.004852	12.0
1959	-0.401119	102.725832	0.003720	13.0
1960	-0.764403	102.695924	0.004882	11.0
1961	-0.000000	102.666038	0.000000	10.6
1962	-0.941366	102.636176	0.004657	12.3
1963	-0.832429	102.606337	0.003777	10.4
1964	-0.982444	102.576521	0.004406	12.1
1965	-0.045306	102.546728	0.001215	12.2
1966	-0.980997	102.516959	0.004250	11.9
1967	-0.965845	102.487212	0.005564	11.2
1968	-0.186064	102.457488	0.002423	12.3
1969	-0.653567	102.427788	0.003086	11.1
1970	-0.610483	102.398110	0.003265	14.5
1971	-0.043897	102.368455	0.001310	11.5
1972	-1.028797	102.338823	0.004701	13.1
1973	-0.996024	102.309214	0.006458	11.8
1974	-1.053978	102.279628	0.004891	12.2
1975	-0.780937	102.250064	0.003822	11.5
1976	-1.137501	102.220524	0.005797	10.9
1977	-0.099396	102.191006	0.001888	11.3
1978	-0.390700	102.161511	0.002896	14.6
1979	-0.543485	102.132038	0.002848	12.5
1980	-0.000015	102.102588	0.000017	11.1
1981	-1.011550	102.073161	0.005293	10.6
1982	-0.484724	102.043757	0.003404	15.3
1983	-0.779161	102.014375	0.004805	11.2
1984	-0.000000	101.985015	0.000000	13.1
1985	-0.729692	101.955678	0.003762	12.0
1986	-0.867965	101.926364	0.006063	11.0
1987	-0.585047	101.897072	0.003173	17.5
1988	-0.066257	101.867802	0.001871	10.8
1989	-0.016668	101.838555	0.001611	12.7
1990	-0.508162	101.809330	0.002884	13.0
1991	-0.702298	101.780128	0.002775	11.0
1992	-0.981395	101.750948	0.005018	10.9
1993	-0.834725	101.721790	0.003724	13.5
1994	-0.299541	101.692654	0.002442	12.7
1995	-0.118294	101.663541	0.005363	10.9
1996	-1.151789	101.634450	0.007089	11.3
1997	-0.000000	101.605381	0.000000	11.3
1998	-0.231043	101.576335	0.002653	13.2
1999	-0.487923	101.547310	0.002906	11.9
