1:ItNr	2:Metric	3:StepSize	4:||Gradient||	Time[ms]
0	-0.428994	627.201626	0.007309	603.9
1	-1.262153	623.504937	0.028259	9.8
2	-0.427876	619.865785	0.003776	10.2
3	-1.161241	616.282728	0.012799	9.7
4	-0.290266	612.754375	0.002492	8.7
5	-0.965557	609.279381	0.011547	8.8
6	-1.312266	605.856447	0.027864	9.1
7	-0.717892	602.484317	0.018482	9.3
8	-1.332678	599.161779	0.018393	9.4
9	-0.000000	595.887656	0.000000	8.5
10	-1.248770	592.660813	0.018901	9.0
11	-1.046939	589.480151	0.013634	8.8
12	-1.239686	586.344606	0.009055	9.4
13	-0.699196	583.253145	0.014822	10.0
14	-0.695888	580.204771	0.007557	9.5
15	-0.242138	577.198517	0.003030	8.3
16	-1.306009	574.233444	0.024712	9.7
17	-1.319689	571.308645	0.007782	8.2
18	-0.948603	568.423237	0.008138	8.8
19	-1.507604	565.576365	0.018835	9.5
20	-0.000000	562.767201	0.000000	8.1
21	-0.643315	559.994938	0.010287	8.8
22	-1.173003	557.258797	0.023160	12.0
23	-1.220529	554.558018	0.012959	8.0
24	-0.691693	551.891865	0.011429	9.1
25	-0.953494	549.259621	0.032879	8.9
26	-0.006420	546.660592	0.000238	9.0
27	-0.903931	544.094102	0.023167	12.3
28	-1.249546	541.559494	0.009561	11.7
29	-0.729871	539.056129	0.006549	9.5
30	-1.366655	536.583387	0.028347	8.8
31	-1.204487	534.140663	0.018632	16.5
32	-1.494333	531.727370	0.023323	9.5
33	-1.434362	529.342935	0.036487	8.1
34	-0.996249	526.986802	0.009396	8.3
35	-1.040060	524.658430	0.015803	9.3
36	-0.619402	522.357290	0.016736	9.0
37	-0.778594	520.082868	0.015699	8.3
38	-0.571979	517.834665	0.008889	9.3
39	-0.000028	515.612193	0.000014	11.0
40	-1.128803	513.414976	0.008705	9.2
41	-0.854029	511.242551	0.006921	10.2
42	-1.311224	509.094468	0.026209	8.2
43	-0.661588	506.970285	0.018588	10.2
44	-1.407475	504.869574	0.010023	8.7
45	-0.780466	502.791916	0.018343	10.0
46	-0.000072	500.736903	0.000026	9.7
47	-1.300212	498.704137	0.010569	8.9
48	-0.453725	496.693228	0.005513	9.2
49	-0.434873	494.703798	0.008461	9.4
50	-1.018809	492.735476	0.009791	8.8
51	-0.108383	490.787900	0.003920	9.3
52	-1.257085	488.860718	0.035841	9.6
53	-1.059361	486.953585	0.020924	9.6
54	-1.637253	485.066164	0.014143	8.4
55	-1.350964	483.198126	0.018688	9.4
56	-1.279977	481.349149	0.020470	10.1
57	-0.764112	479.518920	0.033540	9.1
58	-1.290146	477.707132	0.011700	9.8
59	-0.394611	475.913485	0.008149	9.1
60	-1.018420	474.137684	0.007536	19.4
61	-1.472471	472.379445	0.032897	8.7
62	-0.610109	470.638485	0.007884	8.9
63	-0.818759	468.914531	0.022486	9.3
64	-1.500360	467.207315	0.012608	9.4
65	-1.331499	465.516573	0.026699	8.9
66	-0.000000	463.842050	0.000000	8.9
67	-0.445416	462.183494	0.004936	9.2
68	-0.955014	460.540658	0.029012	8.5
69	-0.000000	458.913303	0.000000	12.1
70	-1.398913	457.301192	0.012699	9.7
71	-0.721627	455.704096	0.027015	8.9
72	-0.217321	454.121787	0.002889	11.6
73	-0.489030	452.554045	0.004420	8.4
74	-0.000000	451.000653	0.000000	8.4
75	-1.374487	449.461399	0.021439	9.2
76	-0.111051	447.936075	0.002892	9.2
77	-1.017657	446.424477	0.016450	8.3
78	-0.667309	444.926406	0.006460	9.4
79	-1.455504	443.441666	0.010368	8.5
80	-1.326612	441.970065	0.017672	9.6
81	-0.000000	440.511415	0.000000	9.7
82	-1.357612	439.065533	0.021205	8.7
83	-1.038899	437.632238	0.015003	9.1
84	-1.294057	436.211351	0.019552	10.6
85	-1.365304	434.802701	0.013414	10.7
86	-0.071041	433.406117	0.003578	9.4
87	-1.009370	432.021430	0.027958	8.8
88	-1.341142	430.648479	0.025261	8.1
89	-0.326324	429.287101	0.006070	13.7
90	-1.271300	427.937140	0.021802	10.0
91	-1.093322	426.598440	0.009059	10.5
92	-0.627244	425.270849	0.006768	9.4
93	-1.465462	423.954220	0.010399	10.4
94	-0.086451	422.648404	0.006249	9.7
95	-1.293934	421.353259	0.010676	8.5
96	-1.114594	420.068643	0.022013	12.6
97	-1.309524	418.794419	0.011630	9.3
98	-1.302929	417.530451	0.012340	8.4
99	-0.238751	416.276604	0.007517	9.4
100	-1.310024	415.032748	0.018069	9.0
101	-0.051150	413.798754	0.002625	11.1
102	-1.479003	412.574495	0.020934	9.3
103	-0.781332	411.359849	0.007653	9.7
104	-0.523526	410.154691	0.005889	8.0
105	-1.652299	408.958904	0.017218	8.8
106	-1.027170	407.772368	0.017298	9.0
107	-0.852574	406.594968	0.020003	10.4
108	-0.500693	405.426590	0.009047	9.5
109	-0.638575	404.267122	0.006882	8.2
110	-0.073029	403.116456	0.000889	8.8
111	-0.055394	401.974481	0.002628	8.5
112	-0.000000	400.841093	0.000000	10.9
113	-0.020891	399.716187	0.000720	9.8
114	-1.291455	398.599660	0.012952	8.1
115	-1.623922	397.491411	0.016298	9.6
116	-1.233620	396.391342	0.015015	8.5
117	-0.719958	395.299353	0.012719	12.4
118	-1.399765	394.215350	0.012775	8.6
119	-1.379541	393.139238	0.031761	9.0
120	-1.227012	392.070924	0.011896	41.2
121	-0.795895	391.010316	0.010035	27.1
122	-0.971904	389.957325	0.021551	16.0
123	-0.325651	388.911862	0.005672	16.8
124	-1.196596	387.873839	0.007103	8.6
125	-1.297419	386.843173	0.016663	8.4
126	-0.970051	385.819777	0.010828	10.5
127	-1.471709	384.803569	0.024860	8.3
128	-1.493865	383.794468	0.017741	9.2
129	-1.294256	382.792393	0.009199	9.5
130	-0.069693	381.797264	0.002177	8.3
131	-0.753550	380.809005	0.007716	9.6
132	-0.260098	379.827537	0.002869	9.6
133	-0.585771	378.852786	0.005043	10.3
134	-1.424416	377.884678	0.031050	10.6
135	-0.527088	376.923138	0.007226	9.9
136	-0.176112	375.968095	0.004651	11.4
137	-0.000000	375.019479	0.000000	10.5
138	-0.000339	374.077218	0.000026	9.9
139	-1.574463	373.141244	0.019664	11.2
140	-0.708558	372.211489	0.008033	10.1
141	-0.336736	371.287887	0.004720	12.9
142	-0.865144	370.370370	0.007059	9.2
143	-1.403390	369.458876	0.025429	9.2
144	-0.370232	368.553338	0.007082	12.0
145	-0.704162	367.653696	0.013795	8.8
146	-0.017769	366.759885	0.000765	9.8
147	-0.137383	365.871846	0.002354	10.4
148	-0.663680	364.989518	0.008219	9.6
149	-0.928195	364.112841	0.005868	8.8
150	-1.032065	363.241757	0.016248	8.7
151	-1.503526	362.376208	0.026420	9.7
152	-0.878671	361.516137	0.012063	9.4
153	-1.542017	360.661488	0.019441	9.2
154	-1.349939	359.812206	0.013499	10.6
155	-1.442196	358.968236	0.012804	9.8
156	-0.678677	358.129524	0.021903	11.7
157	-1.479609	357.296018	0.016714	8.5
158	-1.313018	356.467665	0.021178	8.9
159	-1.545898	355.644414	0.026336	11.9
160	-1.607904	354.826213	0.008026	12.0
161	-1.325041	354.013012	0.035668	11.7
162	-0.455013	353.204763	0.005026	8.7
163	-0.101372	352.401415	0.000669	21.0
164	-1.351489	351.602922	0.018469	8.7
165	-1.502366	350.809235	0.025609	9.7
166	-1.265026	350.020308	0.013191	9.6
167	-1.451750	349.236095	0.020783	9.3
168	-0.323842	348.456550	0.006605	8.9
169	-1.127451	347.681627	0.009317	8.6
170	-0.373332	346.911283	0.005624	10.3
171	-0.151167	346.145474	0.001863	10.3
172	-1.210787	345.384157	0.008351	9.4
173	-1.383859	344.627288	0.013981	8.6
174	-1.397308	343.874826	0.026476	10.1
175	-1.269251	343.126729	0.020232	9.0
176	-1.202940	342.382957	0.020138	9.7
177	-1.208716	341.643469	0.016153	9.2
178	-1.455837	340.908224	0.019999	9.6
179	-0.297260	340.177184	0.007668	11.9
180	-0.062952	339.450309	0.003155	9.1
181	-0.627620	338.727561	0.010388	13.5
182	-0.869660	338.008902	0.015222	10.8
183	-0.520697	337.294295	0.004639	9.5
184	-1.439841	336.583703	0.024918	8.7
185	-1.443756	335.877089	0.009955	9.5
186	-1.573863	335.174416	0.015154	9.2
187	-1.298975	334.475651	0.015964	10.0
188	-1.252992	333.780756	0.017924	11.7
189	-0.742028	333.089698	0.010078	8.9
190	-1.345387	332.402443	0.015007	11.2
191	-0.000001	331.718955	0.000001	10.7
192	-1.343264	331.039203	0.008533	9.2
193	-0.324409	330.363153	0.003283	10.0
194	-0.182830	329.690771	0.005417	10.2
195	-1.033714	329.022027	0.008455	7.7
196	-1.245512	328.356888	0.031073	9.0
197	-0.000041	327.695322	0.000018	9.2
198	-0.725330	327.037299	0.012504	10.1
199	-1.184038	326.382787	0.012788	11.4
200	-0.987099	325.731758	0.015926	8.7
201	-1.019667	325.084179	0.008873	8.9
202	-1.294327	324.440023	0.004429	8.7
203	-0.930676	323.799258	0.010111	9.4
204	-0.787216	323.161858	0.010143	10.8
205	-0.664235	322.527792	0.008402	11.6
206	-0.660063	321.897034	0.008857	10.4
207	-0.615820	321.269554	0.004210	9.3
208	-1.326272	320.645325	0.009689	8.7
209	-0.827941	320.024320	0.013558	9.4
210	-1.266344	319.406512	0.007895	9.2
211	-1.541443	318.791875	0.014362	7.8
212	-1.190206	318.180381	0.004558	9.6
213	-1.452510	317.572005	0.027862	8.6
214	-0.035968	316.966721	0.001325	7.9
215	-0.000000	316.364504	0.000000	8.9
216	-0.079917	315.765329	0.001409	12.9
217	-0.401516	315.169170	0.006534	8.8
218	-0.028067	314.576003	0.000402	13.5
219	-0.958898	313.985804	0.011387	10.9
220	-1.010786	313.398548	0.013699	8.2
221	-1.165082	312.814213	0.023095	9.5
222	-0.225112	312.232773	0.004684	10.8
223	-1.370287	311.654207	0.012905	9.5
224	-1.347593	311.078491	0.008590	14.7
225	-0.347913	310.505602	0.003687	7.9
226	-0.599180	309.935518	0.004208	7.7
227	-0.205240	309.368217	0.004184	9.1
228	-1.307172	308.803676	0.011232	10.3
229	-1.258048	308.241874	0.014768	9.4
230	-1.620883	307.682789	0.021394	9.3
231	-0.000000	307.126400	0.000000	8.1
232	-1.224144	306.572687	0.015527	8.3
233	-0.841609	306.021627	0.014605	8.3
234	-0.103744	305.473201	0.001608	8.4
235	-0.631816	304.927388	0.010951	8.5
236	-1.352743	304.384168	0.011555	9.4
237	-1.465967	303.843521	0.026348	10.4
238	-0.389973	303.305427	0.004246	13.6
239	-0.433177	302.769867	0.004876	7.0
240	-0.051580	302.236821	0.000872	8.5
241	-0.286518	301.706270	0.002520	9.4
242	-1.610298	301.178196	0.009502	8.5
243	-1.664449	300.652580	0.018890	8.6
244	-1.246554	300.129402	0.009833	12.7
245	-0.899975	299.608645	0.022609	9.7
246	-1.116465	299.090291	0.013052	9.3
247	-1.070775	298.574321	0.013443	12.4
248	-1.060600	298.060718	0.004089	9.3
249	-0.015752	297.549465	0.000545	8.2
250	-1.264133	297.040543	0.012584	9.1
251	-1.059044	296.533936	0.022268	9.8
252	-0.136946	296.029626	0.005154	11.1
253	-1.634722	295.527597	0.018883	8.6
254	-0.000429	295.027832	0.000114	8.2
255	-0.797271	294.530315	0.009708	9.8
256	-1.464046	294.035028	0.013591	9.3
257	-1.528428	293.541956	0.022169	11.1
258	-1.567739	293.051083	0.026139	10.8
259	-1.406846	292.562393	0.027015	8.4
260	-0.000000	292.075870	0.000000	8.7
261	-1.487049	291.591498	0.011138	8.5
262	-0.714202	291.109263	0.011577	8.7
263	-1.404471	290.629149	0.019194	8.8
264	-1.406645	290.151140	0.016592	9.4
265	-0.804911	289.675222	0.008525	9.1
266	-1.234271	289.201380	0.015970	9.1
267	-1.093353	288.729600	0.006674	8.2
268	-0.194087	288.259866	0.005521	9.5
269	-1.427693	287.792165	0.026514	9.4
270	-0.001568	287.326481	0.000098	9.0
271	-0.579783	286.862802	0.009810	8.9
272	-0.369731	286.401113	0.006031	8.5
273	-0.728481	285.941400	0.008295	10.4
274	-0.753461	285.483649	0.010757	9.3
275	-0.843366	285.027847	0.009833	8.4
276	-1.460976	284.573981	0.025531	11.4
277	-1.553043	284.122037	0.010325	9.6
278	-1.320128	283.672002	0.014348	9.5
279	-0.611954	283.223863	0.004701	8.8
280	-1.284078	282.777607	0.017762	7.3
281	-0.233241	282.333221	0.003018	8.6
282	-0.320915	281.890692	0.002965	8.4
283	-0.979298	281.450008	0.008354	9.8
284	-1.207355	281.011157	0.005736	8.6
285	-1.471893	280.574125	0.008046	9.1
286	-1.478439	280.138901	0.033902	10.0
287	-0.664972	279.705473	0.015674	9.8
288	-1.326004	279.273829	0.031418	8.3
289	-1.305571	278.843956	0.015656	8.9
290	-1.578163	278.415844	0.019232	8.4
291	-0.128723	277.989479	0.001535	9.8
292	-1.582372	277.564851	0.016277	9.7
293	-1.486607	277.141949	0.017753	8.7
294	-1.463191	276.720761	0.020723	8.4
295	-1.548157	276.301275	0.023119	7.2
296	-0.380505	275.883480	0.006634	8.9
297	-0.777211	275.467366	0.011703	8.9
298	-0.661938	275.052922	0.008428	8.6
299	-1.267515	274.640136	0.012140	9.1
300	-0.586526	274.228998	0.009290	9.3
301	-1.512296	273.819497	0.010531	9.5
302	-1.403784	273.411623	0.011304	11.8
303	-0.279688	273.005365	0.004470	9.7
304	-0.000008	272.600712	0.000004	8.8
305	-0.031298	272.197655	0.002805	9.1
306	-0.100546	271.796184	0.005291	12.8
307	-0.120269	271.396287	0.002038	9.4
308	-0.003979	270.997956	0.000218	9.3
309	-0.000000	270.601180	0.000000	8.7
310	-0.817767	270.205949	0.009984	9.2
311	-0.664913	269.812254	0.006795	8.0
312	-1.294369	269.420085	0.007516	8.9
313	-1.337827	269.029432	0.007467	7.6
314	-0.027474	268.640287	0.002635	8.0
315	-1.382416	268.252638	0.017293	7.7
316	-0.327223	267.866478	0.002668	12.6
317	-0.084014	267.481796	0.005361	12.3
318	-1.357294	267.098584	0.015008	9.2
319	-1.611589	266.716833	0.017730	11.8
320	-0.052951	266.336533	0.004250	10.2
321	-0.271318	265.957676	0.003232	8.8
322	-0.971738	265.580253	0.025751	9.7
323	-0.441820	265.204254	0.007439	11.3
324	-1.260962	264.829672	0.012663	8.6
325	-1.421053	264.456497	0.014300	9.9
326	-1.384792	264.084721	0.010635	11.8
327	-1.447738	263.714335	0.013614	16.1
328	-0.836485	263.345332	0.007598	14.3
329	-1.001861	262.977702	0.013448	15.8
330	-1.447172	262.611438	0.022087	14.3
331	-1.675144	262.246531	0.011542	11.6
332	-0.991318	261.882973	0.018468	10.4
333	-1.271622	261.520756	0.009664	13.6
334	-1.297013	261.159871	0.034113	13.3
335	-0.226659	260.800312	0.003447	12.1
336	-1.380704	260.442070	0.013956	9.8
337	-1.325173	260.085137	0.013069	15.1
338	-0.213847	259.729505	0.004969	10.8
339	-0.751764	259.375167	0.010925	11.4
340	-0.267964	259.022116	0.001236	9.2
341	-0.923157	258.670343	0.003857	15.5
342	-1.157926	258.319841	0.013073	11.8
343	-1.386802	257.970602	0.012265	11.2
344	-1.559752	257.622620	0.015487	11.8
345	-0.574262	257.275887	0.008557	8.0
346	-1.244419	256.930396	0.013226	9.2
347	-1.042029	256.586139	0.014314	8.7
348	-0.000000	256.243109	0.000000	14.5
349	-1.259096	255.901300	0.007955	7.4
350	-1.412357	255.560703	0.011871	10.7
351	-0.814714	255.221313	0.012214	7.7
352	-1.545545	254.883122	0.013114	10.5
353	-1.175559	254.546124	0.013168	9.5
354	-0.819980	254.210311	0.008877	9.1
355	-1.053305	253.875677	0.007805	9.7
356	-0.000056	253.542215	0.000020	9.4
357	-1.026484	253.209918	0.020576	9.3
358	-0.348950	252.878781	0.004516	9.1
359	-1.336683	252.548795	0.015152	10.0
360	-0.649874	252.219956	0.005109	11.3
361	-0.130288	251.892255	0.007269	10.9
362	-1.284677	251.565688	0.029620	9.1
363	-1.380522	251.240247	0.015157	13.6
364	-1.003302	250.915926	0.007287	10.0
365	-0.975291	250.592720	0.022085	9.5
366	-1.105806	250.270621	0.014153	10.1
367	-1.289194	249.949624	0.010086	14.1
368	-1.408301	249.629723	0.010901	9.0
369	-1.161881	249.310911	0.013657	11.9
370	-1.384272	248.993182	0.009203	10.4
371	-1.165145	248.676531	0.009876	10.0
372	-0.000000	248.360952	0.000000	9.5
373	-0.475563	248.046438	0.010349	10.1
374	-0.945819	247.732984	0.010650	9.3
375	-1.087734	247.420584	0.009000	9.7
376	-1.548702	247.109233	0.024880	10.5
377	-0.073375	246.798924	0.006525	9.5
378	-0.000032	246.489652	0.000014	10.8
379	-0.205135	246.181412	0.002379	11.7
380	-0.542606	245.874197	0.007567	10.6
381	-1.136752	245.568002	0.010331	9.3
382	-1.517028	245.262822	0.019870	9.9
383	-0.781621	244.958652	0.008533	10.4
384	-0.801414	244.655485	0.012837	12.6
385	-0.429892	244.353317	0.005434	9.3
386	-0.005723	244.052142	0.000299	8.1
387	-0.577497	243.751955	0.002856	10.0
388	-0.115840	243.452750	0.003686	9.1
389	-0.405083	243.154523	0.003392	9.6
390	-0.903296	242.857268	0.021179	8.4
391	-1.417249	242.560980	0.012878	9.4
392	-1.036719	242.265654	0.008376	8.4
393	-1.593673	241.971285	0.022351	8.9
394	-1.346010	241.677868	0.010925	9.4
395	-0.949364	241.385397	0.015189	8.9
396	-1.071992	241.093869	0.014078	10.2
397	-0.005989	240.803278	0.001363	7.2
398	-1.237900	240.513619	0.009876	9.2
399	-1.528334	240.224887	0.026722	9.3
400	-1.488808	239.937077	0.010096	11.5
401	-0.632965	239.650186	0.013517	9.8
402	-1.399554	239.364207	0.040562	8.4
403	-1.168882	239.079136	0.006424	18.5
404	-0.818689	238.794969	0.015270	13.8
405	-1.249104	238.511701	0.019065	10.3
406	-0.092416	238.229327	0.003464	10.0
407	-0.104266	237.947843	0.002119	9.2
408	-0.942529	237.667244	0.007658	12.5
409	-0.385319	237.387526	0.006243	25.5
410	-1.462927	237.108684	0.035067	15.8
411	-0.985464	236.830714	0.027326	14.7
412	-0.386007	236.553610	0.007224	15.4
413	-1.411910	236.277370	0.016545	16.6
414	-1.211168	236.001989	0.012721	12.1
415	-0.487352	235.727461	0.008091	14.2
416	-1.164231	235.453784	0.016326	8.2
417	-0.083294	235.180952	0.004768	11.2
418	-0.001915	234.908962	0.000384	9.7
419	-0.453620	234.637809	0.010620	10.4
420	-0.974234	234.367488	0.011224	10.0
421	-1.340970	234.097997	0.009685	7.5
422	-0.000000	233.829331	0.000000	11.4
423	-0.059818	233.561485	0.000990	9.9
424	-0.419687	233.294456	0.005340	8.5
425	-1.538166	233.028239	0.008771	10.7
426	-0.658887	232.762831	0.009044	10.0
427	-1.332544	232.498228	0.017670	8.3
428	-1.325237	232.234425	0.011992	11.3
429	-0.851274	231.971419	0.006063	8.8
430	-0.840056	231.709205	0.010951	7.9
431	-1.310469	231.447781	0.015324	8.5
432	-1.619081	231.187141	0.011306	8.0
433	-0.000000	230.927283	0.000000	10.0
434	-1.356522	230.668202	0.008051	8.8
435	-1.520394	230.409895	0.013649	10.2
436	-1.366128	230.152358	0.011194	9.6
437	-1.268384	229.895587	0.013380	9.1
438	-1.067596	229.639578	0.010201	9.9
439	-0.367512	229.384329	0.004833	9.7
440	-1.478815	229.129834	0.018250	9.4
441	-0.187034	228.876091	0.005152	9.3
442	-1.342259	228.623096	0.013385	9.4
443	-1.384008	228.370846	0.013681	8.4
444	-1.277737	228.119336	0.013941	8.8
445	-0.179418	227.868563	0.006041	9.0
446	-1.502816	227.618525	0.015038	11.0
447	-1.062851	227.369216	0.014124	9.8
448	-0.140726	227.120635	0.002614	8.6
449	-1.006306	226.872777	0.006821	9.3
450	-0.005785	226.625638	0.000435	8.6
451	-1.503376	226.379217	0.019876	10.3
452	-0.593027	226.133509	0.005392	9.5
453	-0.000000	225.888510	0.000000	8.1
454	-0.767426	225.644218	0.010391	10.1
455	-1.013781	225.400630	0.010290	10.6
456	-0.329903	225.157741	0.005692	8.7
457	-1.160132	224.915549	0.014514	8.7
458	-0.076973	224.674051	0.002948	7.9
459	-0.562587	224.433242	0.006943	9.7
460	-0.371649	224.193121	0.005354	8.8
461	-1.064020	223.953684	0.008332	9.0
462	-1.254254	223.714927	0.012317	9.1
463	-0.747915	223.476848	0.006030	8.1
464	-0.524812	223.239444	0.002915	9.4
465	-1.305777	223.002710	0.011380	9.1
466	-0.915024	222.766645	0.010321	8.7
467	-0.916629	222.531245	0.011803	7.9
468	-0.805275	222.296508	0.015449	9.5
469	-1.393019	222.062429	0.008085	9.0
470	-0.979664	221.829007	0.007574	9.4
471	-1.058614	221.596238	0.016089	8.9
472	-1.365916	221.364119	0.019811	8.4
473	-1.012973	221.132647	0.019313	9.6
474	-1.384140	220.901820	0.018122	9.5
475	-1.310717	220.671634	0.011705	9.5
476	-1.560405	220.442086	0.015294	11.0
477	-0.721950	220.213174	0.003896	9.2
478	-0.520919	219.984895	0.008935	9.5
479	-0.133548	219.757246	0.006138	9.4
480	-1.386047	219.530224	0.025817	9.0
481	-0.796632	219.303826	0.006245	9.8
482	-0.912752	219.078050	0.011491	7.6
483	-1.185112	218.852893	0.006955	8.2
484	-0.423886	218.628352	0.003917	9.0
485	-1.404829	218.404424	0.008893	9.2
486	-0.561820	218.181106	0.009039	10.1
487	-1.063494	217.958397	0.017900	9.3
488	-1.465994	217.736292	0.014718	9.4
489	-0.730652	217.514790	0.008803	8.3
490	-0.460382	217.293888	0.006192	7.8
491	-0.806661	217.073584	0.016254	8.0
492	-0.031715	216.853873	0.000987	9.2
493	-1.392820	216.634755	0.010262	8.9
494	-0.172706	216.416227	0.003150	9.3
495	-1.290004	216.198285	0.012315	16.1
496	-1.032856	215.980927	0.026192	7.4
497	-1.311963	215.764151	0.010299	9.0
498	-0.353315	215.547955	0.003985	9.1
499	-1.428433	215.332335	0.016517	8.4
500	-1.382422	215.117289	0.011476	8.6
501	-0.255444	214.902815	0.003775	8.2
502	-0.289212	214.688911	0.004157	9.5
503	-1.342849	214.475573	0.016941	8.7
504	-0.501289	214.262800	0.005363	8.8
505	-1.510964	214.050588	0.009607	8.3
506	-1.313870	213.838936	0.015323	8.3
507	-0.144976	213.627842	0.006286	10.1
508	-0.018395	213.417302	0.001134	7.9
509	-1.516933	213.207314	0.019017	9.1
510	-1.445223	212.997877	0.020289	9.4
511	-1.225066	212.788987	0.009893	9.3
512	-1.372487	212.580642	0.017449	9.3
513	-1.377356	212.372841	0.019459	7.4
514	-0.317444	212.165581	0.003915	7.4
515	-1.050493	211.958859	0.004663	7.7
516	-1.493380	211.752673	0.018819	9.8
517	-0.354475	211.547021	0.005239	9.7
518	-0.757955	211.341902	0.018742	9.1
519	-1.175079	211.137311	0.012886	9.6
520	-0.025355	210.933248	0.001177	8.4
521	-0.843571	210.729710	0.003846	9.8
522	-1.432002	210.526695	0.023104	9.0
523	-1.345361	210.324200	0.009860	9.5
524	-1.096492	210.122224	0.013662	8.1
525	-0.024538	209.920765	0.002159	8.0
526	-0.978117	209.719820	0.007532	8.7
527	-0.674684	209.519387	0.016042	8.6
528	-1.539560	209.319463	0.010354	8.9
529	-1.396922	209.120048	0.011294	8.8
530	-1.549630	208.921139	0.014412	8.5
531	-0.722681	208.722733	0.008868	8.7
532	-0.165216	208.524829	0.001892	8.0
533	-1.446433	208.327425	0.011686	8.0
534	-0.725597	208.130518	0.006629	8.7
535	-0.583007	207.934107	0.008066	9.1
536	-1.594785	207.738189	0.018663	9.3
537	-0.051825	207.542762	0.000810	12.0
538	-1.184887	207.347825	0.008220	8.5
539	-0.724987	207.153376	0.003504	8.7
540	-0.224160	206.959412	0.002706	8.9
541	-1.379169	206.765932	0.016629	9.4
542	-0.760809	206.572933	0.011780	7.1
543	-0.000000	206.380414	0.000000	12.3
544	-0.000000	206.188373	0.000000	7.7
545	-0.364915	205.996807	0.002727	7.6
546	-1.475805	205.805716	0.018605	15.5
547	-0.715893	205.615096	0.012371	8.2
548	-0.352425	205.424946	0.006796	14.8
549	-1.373832	205.235265	0.008673	7.7
550	-0.901129	205.046050	0.013639	7.5
551	-0.391852	204.857299	0.003704	9.1
552	-0.817119	204.669011	0.016132	9.0
553	-1.509886	204.481184	0.014867	9.6
554	-0.632989	204.293816	0.002908	9.8
555	-0.720509	204.106905	0.011025	11.7
556	-1.273789	203.920449	0.013757	9.1
557	-0.811101	203.734447	0.009273	8.6
558	-1.573466	203.548896	0.025137	7.4
559	-0.246157	203.363795	0.004898	8.7
560	-1.363192	203.179143	0.019068	14.3
561	-1.538717	202.994937	0.023565	7.7
562	-1.478149	202.811176	0.022577	9.6
563	-1.491475	202.627857	0.008282	9.0
564	-0.180221	202.444980	0.005398	10.5
565	-1.031939	202.262543	0.015198	9.2
566	-1.294740	202.080543	0.019143	9.5
567	-1.645111	201.898979	0.010531	8.5
568	-0.764573	201.717849	0.009080	10.0
569	-0.324194	201.537153	0.002887	7.7
570	-1.217499	201.356887	0.010896	9.0
571	-0.510297	201.177050	0.006087	9.6
572	-1.498364	200.997642	0.019682	8.8
573	-0.129101	200.818659	0.002662	9.5
574	-1.456977	200.640100	0.011543	10.3
575	-1.116551	200.461965	0.017954	9.3
576	-1.612101	200.284250	0.015827	8.9
577	-0.000128	200.106955	0.000054	8.3
578	-1.394939	199.930078	0.008702	9.5
579	-0.676455	199.753617	0.006913	8.1
580	-1.039712	199.577571	0.009293	9.2
581	-0.002570	199.401938	0.000832	10.3
582	-1.060630	199.226717	0.005352	8.4
583	-0.742022	199.051905	0.009712	9.0
584	-0.633624	198.877502	0.004875	13.5
585	-0.023167	198.703506	0.002238	7.9
586	-1.025765	198.529916	0.013899	8.9
587	-0.419704	198.356729	0.003726	8.1
588	-1.591916	198.183944	0.016897	8.7
589	-1.379618	198.011560	0.011826	8.8
590	-1.508494	197.839576	0.006264	7.6
591	-0.055240	197.667989	0.002245	8.6
592	-0.032678	197.496798	0.000989	9.9
593	-0.888924	197.326002	0.010789	9.0
594	-1.528982	197.155600	0.015536	9.8
595	-0.230356	196.985589	0.004985	8.8
596	-0.962282	196.815969	0.011272	10.0
597	-0.479883	196.646738	0.006963	8.4
598	-1.314944	196.477894	0.010204	9.5
599	-0.850083	196.309436	0.011301	8.4
600	-1.299863	196.141363	0.017988	8.8
601	-0.906667	195.973673	0.010773	10.3
602	-0.490844	195.806365	0.009012	12.5
603	-1.447711	195.639437	0.011019	11.3
604	-1.208049	195.472888	0.018603	7.2
605	-0.858957	195.306717	0.008842	8.4
606	-1.398267	195.140922	0.006684	8.7
607	-1.172049	194.975501	0.034499	8.6
608	-1.458262	194.810454	0.015471	8.9
609	-0.455491	194.645779	0.004565	7.1
610	-1.346327	194.481475	0.013964	8.1
611	-0.167378	194.317540	0.004367	10.0
612	-0.712497	194.153973	0.005344	8.8
613	-0.555972	193.990773	0.008597	9.2
614	-1.044719	193.827938	0.016806	9.2
615	-1.497280	193.665467	0.010538	8.1
616	-0.511724	193.503358	0.005476	8.5
617	-0.708732	193.341611	0.014753	9.0
618	-0.920346	193.180224	0.009234	9.5
619	-0.590620	193.019196	0.006597	9.3
620	-1.524302	192.858525	0.011855	10.0
621	-1.256813	192.698210	0.020040	10.1
622	-1.431411	192.538251	0.012179	7.9
623	-1.454921	192.378644	0.015924	8.1
624	-1.466315	192.219391	0.013438	7.8
625	-0.299858	192.060488	0.004491	9.5
626	-1.354646	191.901935	0.007953	8.6
627	-0.398231	191.743730	0.004154	8.4
628	-0.680606	191.585873	0.011505	8.9
629	-1.138140	191.428362	0.012584	8.4
630	-1.552878	191.271196	0.008752	8.3
631	-0.847397	191.114374	0.005855	8.1
632	-1.128273	190.957893	0.007550	9.1
633	-1.235745	190.801755	0.016818	9.0
634	-1.314918	190.645956	0.020332	8.7
635	-0.585200	190.490495	0.007319	8.3
636	-1.606227	190.335373	0.031078	8.6
637	-1.385882	190.180587	0.015768	8.7
638	-0.740400	190.026136	0.004938	8.1
639	-0.342259	189.872019	0.004533	9.3
640	-1.422084	189.718235	0.024518	9.0
641	-0.134460	189.564782	0.003918	9.9
642	-1.526187	189.411661	0.022854	8.7
643	-1.405794	189.258868	0.014030	10.1
644	-1.533978	189.106404	0.012626	9.0
645	-1.045716	188.954267	0.008195	14.7
646	-0.045120	188.802456	0.001193	8.9
647	-1.271974	188.650969	0.019726	8.5
648	-0.594080	188.499807	0.006121	8.4
649	-0.791203	188.348967	0.007686	8.7
650	-0.051908	188.198448	0.002182	8.4
651	-0.796102	188.048250	0.008613	8.1
652	-1.429666	187.898371	0.009737	8.8
653	-0.903438	187.748810	0.003964	9.2
654	-0.026497	187.599566	0.002369	10.0
655	-0.199231	187.450638	0.003086	15.1
656	-1.115347	187.302025	0.009995	10.1
657	-0.675380	187.153725	0.005691	8.4
658	-0.956786	187.005739	0.009745	9.9
659	-1.340041	186.858064	0.018573	8.0
660	-1.370378	186.710699	0.011198	8.8
661	-1.268305	186.563645	0.011390	8.5
662	-1.058242	186.416898	0.014684	8.7
663	-0.692888	186.270459	0.004481	8.3
664	-0.000000	186.124326	0.000000	9.2
665	-1.636659	185.978499	0.022898	9.0
666	-1.091020	185.832976	0.009899	9.1
667	-0.964819	185.687756	0.005963	8.7
668	-1.479429	185.542838	0.019692	8.4
669	-1.500095	185.398222	0.016952	8.8
670	-1.540198	185.253906	0.016588	9.2
671	-0.556742	185.109889	0.008970	8.7
672	-1.420958	184.966170	0.017452	9.3
673	-0.172589	184.822748	0.003197	8.6
674	-1.145790	184.679623	0.013321	10.4
675	-0.188771	184.536792	0.002902	8.7
676	-0.105554	184.394256	0.001659	7.2
677	-0.644414	184.252013	0.006942	8.8
678	-1.126326	184.110062	0.013659	8.6
679	-1.437990	183.968403	0.014181	8.6
680	-0.277414	183.827034	0.005803	8.9
681	-1.511912	183.685954	0.026021	10.1
682	-0.060273	183.545163	0.001351	9.2
683	-1.328559	183.404658	0.009001	8.6
684	-1.372876	183.264441	0.007339	9.1
685	-1.531353	183.124509	0.023751	15.7
686	-1.288344	182.984861	0.011006	9.0
687	-0.228625	182.845497	0.003326	10.1
688	-1.380692	182.706416	0.032210	9.7
689	-0.804672	182.567616	0.011594	8.4
690	-1.103544	182.429098	0.015828	9.7
691	-1.551048	182.290859	0.014593	9.1
692	-1.452273	182.152899	0.014029	9.4
693	-0.000008	182.015217	0.000005	10.6
694	-1.648587	181.877813	0.016364	14.7
695	-0.246628	181.740684	0.003616	8.7
696	-0.000000	181.603832	0.000000	8.3
697	-0.332755	181.467253	0.003895	8.5
698	-0.101262	181.330948	0.003584	9.7
699	-0.713253	181.194916	0.011379	8.7
700	-0.590637	181.059155	0.004336	10.1
701	-0.050374	180.923666	0.001992	8.5
702	-0.344958	180.788446	0.003367	7.8
703	-1.441317	180.653496	0.014806	9.4
704	-1.388711	180.518814	0.008014	10.2
705	-0.349624	180.384399	0.004064	8.2
706	-1.523906	180.250251	0.018344	8.9
707	-1.006885	180.116369	0.006471	9.1
708	-0.000000	179.982752	0.000000	7.8
709	-1.513181	179.849398	0.013854	11.6
710	-0.706586	179.716308	0.007456	9.0
711	-0.386866	179.583480	0.005468	8.2
712	-1.105477	179.450913	0.012683	8.4
713	-0.086868	179.318607	0.001546	9.1
714	-0.000000	179.186561	0.000000	12.0
715	-1.423017	179.054774	0.013189	8.5
716	-1.193632	178.923245	0.012223	11.1
717	-0.937418	178.791973	0.011175	9.8
718	-1.331297	178.660958	0.009946	8.7
719	-1.280111	178.530199	0.008998	11.1
720	-1.276164	178.399694	0.014098	9.1
721	-1.415813	178.269444	0.012472	8.5
722	-0.783581	178.139447	0.007960	8.5
723	-0.477137	178.009702	0.005337	8.0
724	-0.967431	177.880209	0.007454	8.8
725	-1.105023	177.750967	0.006994	8.3
726	-1.502262	177.621975	0.023698	8.3
727	-0.003967	177.493232	0.000155	8.5
728	-1.534996	177.364738	0.012243	9.0
729	-0.885676	177.236492	0.007520	8.5
730	-1.598055	177.108492	0.025880	8.8
731	-1.256378	176.980739	0.014631	10.6
732	-0.900189	176.853231	0.012153	8.5
733	-0.000000	176.725968	0.000000	8.8
734	-0.988755	176.598949	0.006504	19.3
735	-1.478048	176.472173	0.014504	8.5
736	-1.388141	176.345639	0.006507	8.7
737	-0.440956	176.219348	0.003049	9.1
738	-0.858437	176.093296	0.006351	8.9
739	-0.196588	175.967486	0.001446	10.2
740	-1.573025	175.841914	0.012096	10.4
741	-1.568548	175.716581	0.012938	8.2
742	-1.175866	175.591486	0.016314	8.4
743	-1.255719	175.466629	0.010750	8.4
744	-0.955182	175.342008	0.006725	8.8
745	-1.155866	175.217622	0.012319	13.5
746	-0.474721	175.093472	0.005491	7.8
747	-0.808027	174.969556	0.007782	8.5
748	-1.380985	174.845873	0.029325	9.4
749	-0.073327	174.722423	0.005855	8.9
750	-1.516931	174.599206	0.015945	9.3
751	-0.353314	174.476220	0.003959	19.0
752	-1.402130	174.353464	0.008553	13.8
753	-1.660869	174.230939	0.013830	9.8
754	-1.485943	174.108643	0.008738	9.8
755	-1.684953	173.986576	0.017472	9.4
756	-0.295859	173.864737	0.002136	8.6
757	-0.986248	173.743124	0.025137	8.9
758	-0.351598	173.621739	0.006978	8.6
759	-0.584571	173.500579	0.007525	8.9
760	-1.281994	173.379645	0.013450	8.6
761	-1.367529	173.258935	0.014513	9.3
762	-1.061462	173.138449	0.028559	8.3
763	-0.887886	173.018186	0.005026	8.7
764	-0.818860	172.898146	0.017045	8.3
765	-0.177137	172.778327	0.004523	9.2
766	-0.845722	172.658730	0.005309	8.2
767	-1.512228	172.539353	0.013244	9.0
768	-0.190338	172.420196	0.005803	9.2
769	-0.771228	172.301258	0.015238	9.8
770	-0.614244	172.182539	0.015745	8.2
771	-1.190953	172.064037	0.013879	9.0
772	-0.317129	171.945753	0.004079	10.2
773	-0.895950	171.827686	0.007613	9.2
774	-1.480323	171.709834	0.011606	10.3
775	-1.240950	171.592198	0.011377	12.1
776	-1.312331	171.474776	0.009173	8.0
777	-1.213197	171.357568	0.010215	8.6
778	-0.884382	171.240574	0.007053	9.0
779	-0.000000	171.123793	0.000000	9.2
780	-1.440085	171.007223	0.014040	8.1
781	-1.260444	170.890865	0.008989	12.1
782	-1.299618	170.774718	0.012168	9.8
783	-1.081026	170.658782	0.004637	9.3
784	-1.121902	170.543055	0.007544	8.8
785	-0.989000	170.427537	0.005305	8.6
786	-1.112443	170.312227	0.007562	8.3
787	-1.606548	170.197125	0.020099	9.9
788	-0.735587	170.082231	0.009279	9.5
789	-0.981532	169.967543	0.008248	8.3
790	-1.702598	169.853061	0.019220	8.3
791	-1.150429	169.738784	0.008817	9.5
792	-0.008063	169.624713	0.000408	8.8
793	-1.382903	169.510845	0.009211	8.3
794	-1.306418	169.397181	0.008868	8.8
795	-1.190365	169.283720	0.010491	7.6
796	-1.127982	169.170462	0.019798	8.9
797	-0.125770	169.057405	0.002431	9.3
798	-0.690570	168.944549	0.004539	9.8
799	-1.453603	168.831895	0.019707	9.1
800	-1.336783	168.719440	0.019477	11.2
801	-1.611048	168.607185	0.016333	9.1
802	-0.062948	168.495129	0.003879	7.2
803	-0.786295	168.383271	0.014162	8.7
804	-0.536925	168.271611	0.005132	8.5
805	-0.205212	168.160148	0.004988	11.5
806	-1.435357	168.048882	0.021399	8.9
807	-1.088505	167.937812	0.013246	7.3
808	-1.038701	167.826938	0.005666	8.5
809	-1.552864	167.716258	0.013462	9.1
810	-0.058228	167.605773	0.001716	10.3
811	-1.252596	167.495482	0.026817	8.5
812	-0.861563	167.385384	0.006381	9.2
813	-1.386099	167.275479	0.017707	8.8
814	-1.233277	167.165766	0.010392	8.1
815	-0.000000	167.056245	0.000000	12.8
816	-1.341950	166.946915	0.012373	8.2
817	-0.823551	166.837776	0.006247	7.5
818	-0.901848	166.728826	0.013822	8.6
819	-0.758827	166.620067	0.008023	9.7
820	-0.312226	166.511496	0.005394	8.4
821	-0.627252	166.403113	0.003997	9.6
822	-0.014187	166.294919	0.000525	14.6
823	-1.415255	166.186912	0.014874	9.3
824	-1.466886	166.079091	0.004448	8.5
825	-1.416131	165.971458	0.035228	7.8
826	-1.250765	165.864009	0.025082	8.4
827	-0.940558	165.756747	0.017445	8.7
828	-1.121251	165.649669	0.008874	8.0
829	-0.846414	165.542775	0.007175	8.3
830	-0.001395	165.436065	0.000262	8.2
831	-0.000000	165.329538	0.000000	8.5
832	-0.150752	165.223194	0.006681	8.7
833	-1.621357	165.117032	0.015707	10.5
834	-0.790378	165.011052	0.011540	12.7
835	-0.050792	164.905253	0.001434	9.1
836	-1.207659	164.799635	0.011988	8.1
837	-0.740706	164.694197	0.010086	8.6
838	-0.021356	164.588939	0.001161	10.5
839	-1.141946	164.483859	0.012083	8.2
840	-0.146189	164.378959	0.007012	8.7
841	-1.606942	164.274237	0.007952	8.6
842	-0.473959	164.169692	0.006143	15.8
843	-0.081566	164.065325	0.002536	7.4
844	-0.000000	163.961135	0.000000	8.8
845	-1.338852	163.857120	0.010073	8.3
846	-1.556285	163.753282	0.011534	8.4
847	-1.420029	163.649619	0.012708	8.7
848	-0.000216	163.546130	0.000061	8.5
849	-1.041539	163.442816	0.005407	7.8
850	-0.005765	163.339676	0.000536	9.0
851	-1.028405	163.236709	0.011986	11.5
852	-1.454516	163.133915	0.020769	9.3
853	-0.190400	163.031294	0.003609	13.0
854	-1.520369	162.928844	0.018006	7.8
855	-1.417761	162.826566	0.008585	9.3
856	-0.844658	162.724459	0.016887	9.9
857	-1.296432	162.622523	0.006333	9.4
858	-0.246208	162.520757	0.007035	9.9
859	-1.624782	162.419160	0.014114	9.1
860	-1.130693	162.317733	0.008736	8.5
861	-0.874465	162.216474	0.006863	8.5
862	-0.226798	162.115383	0.004578	10.3
863	-1.239093	162.014461	0.024198	9.8
864	-1.367160	161.913705	0.020468	8.3
865	-0.734362	161.813117	0.004742	8.4
866	-0.887831	161.712695	0.009076	8.4
867	-1.596234	161.612439	0.013802	8.9
868	-0.931616	161.512349	0.023085	8.6
869	-1.422014	161.412424	0.016860	7.8
870	-0.767102	161.312663	0.009810	8.4
871	-1.197804	161.213067	0.017483	9.2
872	-0.968700	161.113635	0.008190	8.5
873	-0.155717	161.014366	0.003869	8.5
874	-1.167749	160.915260	0.014357	9.1
875	-0.000000	160.816316	0.000000	8.7
876	-0.286080	160.717535	0.004260	7.8
877	-1.518934	160.618915	0.018684	8.5
878	-0.976101	160.520456	0.016134	8.3
879	-0.186226	160.422158	0.003879	9.2
880	-1.525751	160.324021	0.014390	8.7
881	-1.538757	160.226043	0.011632	9.0
882	-1.060433	160.128225	0.018695	8.0
883	-1.674017	160.030566	0.010359	8.5
884	-0.080152	159.933066	0.002696	10.0
885	-1.547752	159.835723	0.011827	9.0
886	-1.048027	159.738539	0.010218	8.7
887	-1.112803	159.641512	0.008647	8.7
888	-1.032085	159.544642	0.012091	8.6
889	-0.537780	159.447929	0.006107	8.9
890	-1.592320	159.351372	0.014697	8.7
891	-0.034487	159.254971	0.000736	9.8
892	-1.249841	159.158725	0.021234	8.7
893	-1.188196	159.062634	0.010032	9.1
894	-0.616102	158.966697	0.009666	8.9
895	-0.281020	158.870915	0.006168	12.1
896	-0.383951	158.775286	0.007294	8.7
897	-0.165648	158.679811	0.003344	8.3
898	-1.586784	158.584489	0.018880	8.2
899	-1.003238	158.489319	0.021335	8.5
900	-0.233276	158.394302	0.004468	9.6
901	-0.252611	158.299436	0.004673	8.2
902	-0.275863	158.204721	0.004312	9.8
903	-0.543290	158.110158	0.008421	9.0
904	-0.000000	158.015745	0.000000	9.3
905	-1.464680	157.921482	0.020401	9.0
906	-1.026861	157.827369	0.008940	9.6
907	-0.808627	157.733406	0.015141	8.2
908	-1.424996	157.639591	0.009061	8.7
909	-1.334730	157.545925	0.011755	8.5
910	-0.000000	157.452408	0.000000	8.4
911	-0.855521	157.359038	0.007315	8.3
912	-0.406860	157.265816	0.003989	7.9
913	-1.211895	157.172741	0.007656	9.6
914	-1.457436	157.079813	0.016460	8.4
915	-0.732407	156.987031	0.007162	8.5
916	-1.285332	156.894395	0.013640	8.3
917	-1.552408	156.801904	0.013228	8.0
918	-1.112817	156.709559	0.008534	8.2
919	-1.448903	156.617359	0.013160	8.5
920	-1.670307	156.525304	0.008381	9.9
921	-1.402634	156.433392	0.022028	9.5
922	-0.915251	156.341624	0.009043	8.3
923	-0.294730	156.250000	0.005215	9.5
924	-1.432503	156.158519	0.011921	7.8
925	-0.466875	156.067180	0.006373	9.3
926	-1.390248	155.975984	0.023218	8.2
927	-0.730523	155.884930	0.007660	8.4
928	-1.503161	155.794017	0.014614	8.1
929	-1.440628	155.703246	0.018450	9.1
930	-0.752595	155.612615	0.011018	8.0
931	-0.207127	155.522125	0.003961	8.0
932	-0.816642	155.431775	0.007163	9.6
933	-0.040614	155.341565	0.001687	8.6
934	-1.111677	155.251495	0.010611	9.8
935	-1.540317	155.161563	0.015793	8.4
936	-1.609544	155.071771	0.012433	8.7
937	-1.286176	154.982117	0.012890	8.7
938	-1.049461	154.892601	0.006632	8.3
939	-0.834072	154.803222	0.008172	8.4
940	-0.730888	154.713981	0.018185	9.2
941	-0.184070	154.624878	0.003171	8.4
942	-0.000021	154.535910	0.000011	9.5
943	-1.351586	154.447080	0.014879	8.6
944	-0.138179	154.358385	0.002948	14.7
945	-0.005107	154.269826	0.001307	8.8
946	-1.588845	154.181402	0.016037	8.2
947	-1.463761	154.093114	0.021687	8.7
948	-0.942063	154.004960	0.012265	8.6
949	-1.677020	153.916940	0.009756	9.7
950	-0.508358	153.829054	0.005498	8.8
951	-0.350101	153.741303	0.004332	9.1
952	-1.264955	153.653684	0.007591	8.8
953	-0.154862	153.566198	0.003702	8.4
954	-1.566864	153.478846	0.018483	9.6
955	-0.985647	153.391625	0.011529	14.8
956	-1.164032	153.304537	0.004748	14.0
957	-1.403441	153.217580	0.020924	8.4
958	-0.516233	153.130755	0.004928	9.4
959	-0.183727	153.044061	0.003349	8.6
960	-1.063367	152.957498	0.005879	8.3
961	-0.774697	152.871065	0.008339	8.9
962	-0.183119	152.784762	0.004134	8.8
963	-1.640618	152.698589	0.011573	18.9
964	-1.056690	152.612545	0.013192	8.2
965	-1.000089	152.526631	0.010295	8.7
966	-0.014224	152.440845	0.000874	8.3
967	-0.056532	152.355188	0.001928	9.4
968	-1.480907	152.269660	0.014254	9.6
969	-0.767438	152.184259	0.005648	9.9
970	-1.572460	152.098986	0.008849	8.5
971	-1.436584	152.013840	0.011965	8.8
972	-1.305994	151.928821	0.014149	15.0
973	-1.178180	151.843928	0.005641	9.0
974	-0.398577	151.759163	0.006166	8.6
975	-1.684477	151.674523	0.019199	9.4
976	-1.540614	151.590009	0.015755	8.6
977	-1.058429	151.505620	0.018621	9.4
978	-0.605177	151.421357	0.009566	7.9
979	-1.184854	151.337218	0.016811	8.7
980	-0.066037	151.253204	0.001183	8.9
981	-1.352366	151.169314	0.004258	10.4
982	-0.646418	151.085549	0.011733	8.2
983	-1.586791	151.001907	0.021173	8.1
984	-0.590284	150.918388	0.009297	11.0
985	-1.286228	150.834992	0.011880	8.4
986	-0.221369	150.751719	0.003760	9.3
987	-0.011138	150.668569	0.000426	9.2
988	-0.678204	150.585541	0.009275	9.8
989	-1.559179	150.502634	0.017422	8.1
990	-0.845748	150.419849	0.007363	8.7
991	-1.190408	150.337186	0.009219	11.4
992	-1.420839	150.254644	0.012179	9.3
993	-0.057693	150.172222	0.002454	8.4
994	-1.430729	150.089921	0.015844	8.6
995	-1.585334	150.007740	0.015070	8.7
996	-1.039733	149.925679	0.014233	11.3
997	-1.325499	149.843737	0.004831	14.6
998	-0.000000	149.761915	0.000000	10.2
999	-0.330028	149.680212	0.004172	9.0
1000	-1.027044	149.598627	0.007287	8.1
1001	-1.327942	149.517161	0.012153	8.6
1002	-1.561514	149.435814	0.016990	10.8
1003	-1.428241	149.354584	0.015668	8.6
1004	-0.997762	149.273472	0.015276	9.2
1005	-0.134553	149.192477	0.002998	8.5
1006	-1.574852	149.111599	0.031274	8.1
1007	-0.000012	149.030838	0.000005	8.9
1008	-1.683431	148.950194	0.019443	9.1
1009	-1.069112	148.869666	0.013396	8.5
1010	-0.008564	148.789253	0.000296	9.0
1011	-1.497062	148.708957	0.021492	8.6
1012	-1.152228	148.628776	0.011811	9.4
1013	-1.546490	148.548710	0.011004	9.5
1014	-0.168174	148.468759	0.002678	8.2
1015	-0.000000	148.388923	0.000000	11.7
1016	-1.543246	148.309201	0.008829	11.2
1017	-1.620033	148.229594	0.011509	8.9
1018	-0.490460	148.150100	0.007037	8.8
1019	-1.260685	148.070719	0.016356	8.1
1020	-1.442366	147.991452	0.022060	8.6
1021	-0.699760	147.912298	0.006288	8.3
1022	-0.822797	147.833257	0.006722	9.4
1023	-0.023682	147.754329	0.001381	9.4
1024	-0.958744	147.675512	0.006674	9.7
1025	-0.003798	147.596808	0.000410	8.7
1026	-1.284131	147.518216	0.011319	9.3
1027	-0.841388	147.439735	0.015394	9.0
1028	-0.738348	147.361365	0.014421	9.5
1029	-0.647508	147.283106	0.008044	8.9
1030	-1.346062	147.204958	0.008747	8.7
1031	-1.639124	147.126920	0.010936	8.5
1032	-1.592859	147.048993	0.015359	9.8
1033	-1.348740	146.971175	0.017850	10.0
1034	-0.399954	146.893468	0.008112	9.4
1035	-1.188749	146.815869	0.005346	8.3
1036	-1.193640	146.738380	0.006158	8.8
1037	-0.822192	146.661000	0.011073	8.8
1038	-0.734872	146.583729	0.008115	9.2
1039	-1.131991	146.506566	0.009088	9.0
1040	-0.447678	146.429511	0.005228	9.0
1041	-1.328233	146.352565	0.012082	9.7
1042	-0.935193	146.275726	0.007796	9.6
1043	-1.381441	146.198994	0.016209	11.4
1044	-0.000043	146.122370	0.000012	8.0
1045	-0.868215	146.045853	0.012965	9.4
1046	-1.385248	145.969442	0.018854	8.2
1047	-1.052358	145.893139	0.005154	8.9
1048	-0.000000	145.816941	0.000000	8.9
1049	-1.014472	145.740849	0.003342	8.8
1050	-0.980672	145.664863	0.009259	10.2
1051	-0.877801	145.588983	0.013530	9.2
1052	-1.470846	145.513208	0.014148	9.4
1053	-0.950594	145.437538	0.012170	9.1
1054	-0.000000	145.361973	0.000000	10.5
1055	-1.365903	145.286513	0.013338	8.1
1056	-1.321388	145.211157	0.009088	8.5
1057	-0.070902	145.135905	0.001099	8.5
1058	-1.027733	145.060757	0.009703	9.3
1059	-0.127437	144.985712	0.002326	8.9
1060	-0.105945	144.910771	0.003063	8.5
1061	-1.376177	144.835934	0.020843	8.9
1062	-0.907957	144.761199	0.012082	8.8
1063	-0.097285	144.686567	0.006634	7.9
1064	-0.172434	144.612037	0.002996	9.4
1065	-1.606745	144.537610	0.013318	9.9
1066	-0.042731	144.463285	0.000642	9.2
1067	-0.000701	144.389062	0.000265	9.1
1068	-0.001064	144.314940	0.000343	8.9
1069	-0.033763	144.240920	0.001305	8.4
1070	-0.813411	144.167001	0.012481	8.7
1071	-0.987521	144.093182	0.006494	8.8
1072	-0.230169	144.019465	0.006173	9.2
1073	-0.354286	143.945848	0.004867	8.4
1074	-1.537477	143.872331	0.007994	10.5
1075	-1.469717	143.798914	0.007275	11.4
1076	-1.042789	143.725597	0.006071	9.1
1077	-1.430936	143.652380	0.008372	8.3
1078	-1.033395	143.579262	0.013127	9.7
1079	-1.167314	143.506243	0.006925	8.3
1080	-0.019138	143.433323	0.000564	9.0
1081	-0.529368	143.360502	0.005522	9.2
1082	-1.253637	143.287780	0.011772	9.4
1083	-1.215408	143.215155	0.007967	9.4
1084	-1.653192	143.142629	0.014039	8.5
1085	-1.259748	143.070201	0.010054	9.9
1086	-0.944906	142.997870	0.004459	8.8
1087	-1.357505	142.925637	0.012521	9.3
1088	-0.014143	142.853501	0.000423	9.2
1089	-1.572809	142.781462	0.019388	8.3
1090	-1.019152	142.709519	0.009234	9.9
1091	-0.000000	142.637674	0.000000	10.4
1092	-1.339409	142.565924	0.009685	9.5
1093	-1.389805	142.494271	0.011985	10.6
1094	-0.546908	142.422714	0.011155	8.3
1095	-1.283148	142.351252	0.011475	8.4
1096	-1.437371	142.279886	0.017522	9.0
1097	-1.607188	142.208616	0.022722	8.4
1098	-0.737183	142.137440	0.006336	8.6
1099	-1.048883	142.066360	0.007564	8.6
1100	-0.000000	141.995374	0.000000	9.5
1101	-1.262904	141.924483	0.022178	8.6
1102	-1.533074	141.853685	0.013816	12.4
1103	-0.173462	141.782983	0.002444	8.6
1104	-1.052421	141.712373	0.011014	8.0
1105	-1.217346	141.641858	0.008463	8.7
1106	-1.625125	141.571436	0.006029	8.3
1107	-1.451738	141.501108	0.011510	10.0
1108	-1.152444	141.430872	0.016130	11.3
1109	-1.445473	141.360730	0.016577	8.2
1110	-0.953957	141.290680	0.010011	8.6
1111	-1.029351	141.220722	0.011060	8.3
1112	-0.183789	141.150857	0.003365	9.1
1113	-0.254415	141.081084	0.004378	10.2
1114	-0.371218	141.011403	0.007283	9.5
1115	-1.539257	140.941813	0.010256	8.2
1116	-0.829936	140.872315	0.012200	8.6
1117	-0.473357	140.802909	0.004793	9.4
1118	-1.420421	140.733593	0.012148	8.3
1119	-1.340748	140.664369	0.009473	8.8
1120	-0.912343	140.595235	0.007680	9.2
1121	-1.561519	140.526192	0.013194	14.6
1122	-1.359264	140.457239	0.009325	8.6
1123	-1.624181	140.388376	0.014278	8.6
1124	-1.486005	140.319603	0.014110	8.8
1125	-0.346068	140.250920	0.007096	7.8
1126	-0.834190	140.182326	0.008454	8.1
1127	-1.591847	140.113822	0.022317	9.1
1128	-0.893968	140.045407	0.012921	8.4
1129	-0.096785	139.977081	0.003551	10.1
1130	-0.673834	139.908844	0.005438	7.9
1131	-1.124730	139.840696	0.009607	8.8
1132	-0.714108	139.772635	0.005236	12.2
1133	-0.044957	139.704664	0.001398	8.3
1134	-1.368293	139.636780	0.023764	8.3
1135	-0.000000	139.568984	0.000000	11.4
1136	-0.950114	139.501276	0.004944	9.3
1137	-1.568405	139.433655	0.014061	8.3
1138	-1.324379	139.366122	0.010975	8.6
1139	-1.317452	139.298676	0.018435	9.2
1140	-1.303532	139.231317	0.010019	9.2
1141	-0.551536	139.164045	0.005010	9.2
1142	-0.000000	139.096859	0.000000	8.2
1143	-0.850084	139.029760	0.011198	8.5
1144	-0.251485	138.962747	0.005442	9.3
1145	-1.549618	138.895820	0.014792	8.8
1146	-0.548105	138.828978	0.006208	8.8
1147	-0.031447	138.762223	0.001195	8.6
1148	-0.000000	138.695553	0.000000	9.3
1149	-0.100648	138.628969	0.001334	8.7
1150	-1.451109	138.562469	0.017598	8.7
1151	-0.631274	138.496055	0.005453	7.8
1152	-1.253120	138.429725	0.010568	13.3
1153	-0.414646	138.363481	0.004062	8.4
1154	-0.851371	138.297320	0.008190	8.4
1155	-1.005730	138.231244	0.006107	8.6
1156	-1.118890	138.165252	0.010624	9.2
1157	-0.832546	138.099344	0.006298	9.8
1158	-1.635503	138.033520	0.008319	8.8
1159	-1.542930	137.967779	0.015933	8.5
1160	-1.575500	137.902122	0.010653	9.4
1161	-0.004356	137.836548	0.000258	10.0
1162	-0.915514	137.771057	0.007181	7.7
1163	-0.957749	137.705649	0.007940	8.2
1164	-1.446582	137.640324	0.008307	8.0
1165	-1.028856	137.575081	0.013159	9.3
1166	-0.922946	137.509921	0.005104	8.6
1167	-1.249002	137.444842	0.016367	10.6
1168	-0.289971	137.379846	0.005243	9.1
1169	-1.111921	137.314932	0.013442	10.9
1170	-0.277168	137.250100	0.004209	9.1
1171	-0.000000	137.185349	0.000000	7.9
1172	-0.074634	137.120680	0.001832	9.4
1173	-0.000623	137.056092	0.000240	8.7
1174	-1.450037	136.991585	0.026076	8.7
1175	-0.450336	136.927158	0.005010	8.4
1176	-1.167935	136.862813	0.014304	8.7
1177	-0.196380	136.798548	0.003346	8.3
1178	-0.337325	136.734363	0.004057	9.4
1179	-1.513433	136.670259	0.016979	9.3
1180	-0.197069	136.606235	0.004029	9.7
1181	-0.718953	136.542291	0.012403	9.8
1182	-1.312501	136.478426	0.006776	9.0
1183	-0.201962	136.414641	0.002473	10.8
1184	-0.922862	136.350936	0.013819	10.0
1185	-0.000129	136.287310	0.000056	8.6
1186	-1.370412	136.223763	0.010024	9.8
1187	-0.663023	136.160295	0.006944	7.6
1188	-1.123367	136.096905	0.012758	8.4
1189	-0.560177	136.033594	0.007047	9.3
1190	-1.349482	135.970362	0.020295	8.7
1191	-0.916517	135.907208	0.017463	9.6
1192	-1.515596	135.844133	0.013394	9.6
1193	-0.416551	135.781135	0.004917	10.9
1194	-1.327380	135.718215	0.010425	9.5
1195	-0.995455	135.655373	0.005239	8.8
1196	-0.000000	135.592608	0.000000	8.3
1197	-1.577152	135.529921	0.011466	8.4
1198	-0.000000	135.467311	0.000000	8.9
1199	-1.188104	135.404778	0.011664	10.4
1200	-0.858274	135.342322	0.012227	8.4
1201	-0.000131	135.279942	0.000058	8.2
1202	-1.482735	135.217640	0.011523	8.9
1203	-1.508211	135.155413	0.013406	8.6
1204	-0.696620	135.093263	0.008869	9.6
1205	-1.605395	135.031190	0.012501	10.4
1206	-0.911174	134.969192	0.006996	9.0
1207	-0.924751	134.907270	0.007292	9.4
1208	-1.134159	134.845424	0.018796	8.4
1209	-0.635058	134.783653	0.005990	20.9
1210	-1.329307	134.721958	0.008370	8.4
1211	-1.524657	134.660338	0.007444	8.9
1212	-0.656282	134.598793	0.005650	9.0
1213	-1.584785	134.537323	0.014549	12.9
1214	-0.711872	134.475927	0.010047	8.7
1215	-0.994474	134.414607	0.012381	9.0
1216	-0.000302	134.353361	0.000079	7.8
1217	-1.464489	134.292189	0.013017	8.8
1218	-1.282501	134.231092	0.016325	8.7
1219	-0.737412	134.170068	0.004132	9.6
1220	-1.585438	134.109119	0.012886	9.5
1221	-0.986941	134.048243	0.021889	9.0
1222	-1.624673	133.987441	0.014374	7.8
1223	-0.793069	133.926713	0.009220	9.1
1224	-0.187114	133.866057	0.006719	9.0
1225	-1.385754	133.805475	0.015115	10.4
1226	-0.599856	133.744966	0.002966	8.8
1227	-1.360077	133.684530	0.011667	20.3
1228	-0.776871	133.624167	0.012957	11.5
1229	-1.362235	133.563877	0.006678	8.7
1230	-0.043543	133.503658	0.001796	8.6
1231	-1.079999	133.443513	0.013704	10.1
1232	-0.387409	133.383439	0.010739	9.3
1233	-0.854390	133.323437	0.006148	9.1
1234	-1.091923	133.263508	0.006730	7.7
1235	-1.525282	133.203650	0.020598	8.7
1236	-0.000821	133.143864	0.000140	8.5
1237	-0.000017	133.084149	0.000009	8.7
1238	-1.497498	133.024506	0.014530	8.3
1239	-1.568698	132.964934	0.015610	10.0
1240	-1.101999	132.905433	0.008926	9.6
1241	-1.019234	132.846003	0.010427	8.1
1242	-1.175470	132.786643	0.009250	9.2
1243	-0.000000	132.727355	0.000000	10.5
1244	-1.060039	132.668137	0.023401	9.3
1245	-1.613729	132.608989	0.008093	9.9
1246	-1.473103	132.549912	0.017117	9.1
1247	-1.036406	132.490904	0.016281	7.8
1248	-0.000027	132.431967	0.000010	9.3
1249	-1.444122	132.373100	0.007340	9.6
1250	-0.027227	132.314302	0.001289	9.5
1251	-1.393229	132.255574	0.016203	10.4
1252	-1.544090	132.196916	0.023019	9.3
1253	-1.382235	132.138326	0.012633	9.7
1254	-0.825451	132.079806	0.006888	8.9
1255	-1.259213	132.021355	0.007666	8.3
1256	-1.617056	131.962973	0.016804	8.9
1257	-0.052999	131.904660	0.003296	11.1
1258	-1.348142	131.846415	0.013230	9.3
1259	-0.124449	131.788239	0.001413	10.7
1260	-1.110530	131.730131	0.010228	8.1
1261	-0.336964	131.672092	0.005743	8.4
1262	-0.240257	131.614121	0.002439	9.4
1263	-1.084858	131.556217	0.023064	12.0
1264	-0.272988	131.498382	0.005396	8.2
1265	-0.799982	131.440614	0.009507	11.0
1266	-0.780504	131.382914	0.007350	8.4
1267	-1.358773	131.325282	0.017577	8.3
1268	-1.051401	131.267717	0.011126	8.7
1269	-0.765515	131.210219	0.010744	9.4
1270	-1.493562	131.152788	0.015918	8.9
1271	-1.221669	131.095424	0.023407	9.1
1272	-0.906163	131.038127	0.007405	9.3
1273	-1.389461	130.980897	0.008813	8.6
1274	-0.129569	130.923733	0.004241	12.3
1275	-1.478497	130.866636	0.020711	7.2
1276	-1.409812	130.809605	0.013051	8.3
1277	-0.977502	130.752641	0.008388	10.4
1278	-1.432804	130.695742	0.008575	8.9
1279	-1.038154	130.638910	0.011682	9.1
1280	-1.054593	130.582143	0.010116	9.3
1281	-0.817764	130.525442	0.005699	9.5
1282	-1.170627	130.468807	0.025630	9.0
1283	-0.652230	130.412237	0.009113	9.3
1284	-0.374995	130.355733	0.002161	9.3
1285	-0.803336	130.299294	0.012805	7.0
1286	-1.141182	130.242920	0.014771	8.8
1287	-1.420018	130.186611	0.014145	9.0
1288	-0.139999	130.130366	0.003299	10.2
1289	-1.141700	130.074187	0.022611	10.5
1290	-1.268471	130.018072	0.010781	9.4
1291	-0.000005	129.962022	0.000003	8.0
1292	-0.766564	129.906036	0.007781	8.6
1293	-0.687590	129.850114	0.006178	8.2
1294	-1.610730	129.794257	0.016997	8.8
1295	-1.205872	129.738463	0.019259	10.4
1296	-1.559517	129.682734	0.025720	8.9
1297	-0.335865	129.627068	0.004625	8.3
1298	-1.361707	129.571466	0.014890	9.0
1299	-0.802232	129.515927	0.010464	8.4
1300	-0.071158	129.460452	0.001833	9.1
1301	-1.498441	129.405040	0.010189	11.3
1302	-1.093824	129.349692	0.012203	8.2
1303	-1.553292	129.294406	0.006561	7.8
1304	-1.263705	129.239183	0.005094	8.5
1305	-0.199787	129.184024	0.002681	8.5
1306	-1.402893	129.128927	0.013989	8.9
1307	-0.502668	129.073892	0.008554	8.5
1308	-0.937363	129.018921	0.007457	9.4
1309	-0.784750	128.964011	0.006833	9.4
1310	-1.371395	128.909164	0.025410	12.2
1311	-0.921087	128.854379	0.009100	8.3
1312	-1.044395	128.799656	0.006076	9.5
1313	-1.454552	128.744995	0.014410	9.2
1314	-1.486687	128.690396	0.012690	8.8
1315	-0.145300	128.635858	0.003737	9.3
1316	-0.856448	128.581382	0.014400	9.6
1317	-1.414742	128.526968	0.011807	8.9
1318	-0.841233	128.472615	0.011930	8.2
1319	-1.464280	128.418323	0.014229	9.2
1320	-0.875269	128.364092	0.006882	7.8
1321	-0.989505	128.309922	0.011961	9.7
1322	-0.000880	128.255814	0.000035	10.6
1323	-1.489807	128.201766	0.013058	8.3
1324	-1.632295	128.147778	0.021645	8.2
1325	-0.000000	128.093852	0.000000	8.8
1326	-1.252934	128.039985	0.015728	9.8
1327	-0.810947	127.986180	0.011741	9.1
1328	-0.803607	127.932434	0.006643	9.9
1329	-1.234648	127.878749	0.019428	8.7
1330	-0.390885	127.825123	0.004369	9.3
1331	-0.934629	127.771558	0.012177	8.0
1332	-1.358627	127.718052	0.018915	8.3
1333	-0.037707	127.664606	0.001048	8.2
1334	-1.025574	127.611220	0.023421	9.0
1335	-0.000000	127.557893	0.000000	8.0
1336	-0.519387	127.504625	0.003515	9.6
1337	-0.598213	127.451417	0.007621	8.6
1338	-0.523175	127.398268	0.008432	8.8
1339	-0.323849	127.345178	0.003446	9.4
1340	-0.625315	127.292147	0.005366	8.5
1341	-0.000000	127.239175	0.000000	9.6
1342	-1.260605	127.186261	0.011240	8.1
1343	-0.145625	127.133407	0.002261	14.0
1344	-0.733779	127.080610	0.007532	9.4
1345	-1.312967	127.027872	0.008122	9.5
1346	-0.703067	126.975193	0.006128	13.4
1347	-1.184845	126.922572	0.008910	9.4
1348	-0.006188	126.870008	0.000502	10.0
1349	-0.239044	126.817503	0.003610	8.0
1350	-0.000071	126.765056	0.000024	9.1
1351	-1.079947	126.712667	0.016736	8.3
1352	-1.254880	126.660335	0.011972	9.0
1353	-0.726955	126.608061	0.007400	8.4
1354	-1.210902	126.555844	0.013313	8.6
1355	-0.730527	126.503685	0.005743	9.0
1356	-0.072844	126.451583	0.002010	8.9
1357	-1.467195	126.399538	0.012787	8.5
1358	-1.518290	126.347550	0.011764	9.0
1359	-0.721694	126.295619	0.010243	8.5
1360	-1.471596	126.243745	0.009329	8.7
1361	-0.594881	126.191928	0.006362	8.8
1362	-1.022895	126.140168	0.005782	9.5
1363	-0.021787	126.088464	0.000249	8.9
1364	-1.053642	126.036817	0.011758	9.2
1365	-1.230234	125.985226	0.014421	11.7
1366	-1.606563	125.933691	0.007174	7.8
1367	-0.000103	125.882212	0.000047	9.4
1368	-1.570641	125.830790	0.025653	9.1
1369	-0.471161	125.779423	0.004847	11.3
1370	-0.167008	125.728113	0.001755	11.6
1371	-1.403498	125.676858	0.012523	8.5
1372	-0.980300	125.625659	0.003709	12.2
1373	-1.427670	125.574515	0.012360	8.5
1374	-1.029311	125.523427	0.022401	21.9
1375	-1.225574	125.472394	0.010063	10.5
1376	-0.278034	125.421417	0.003993	10.3
1377	-1.534622	125.370495	0.025855	8.1
1378	-1.512008	125.319628	0.016643	7.8
1379	-0.322250	125.268815	0.005021	8.9
1380	-1.536096	125.218058	0.019399	8.4
1381	-1.139121	125.167356	0.014716	8.4
1382	-1.014584	125.116708	0.012609	8.9
1383	-1.558529	125.066115	0.008971	15.2
1384	-1.621974	125.015576	0.007887	7.3
1385	-1.124924	124.965092	0.011048	7.8
1386	-0.696751	124.914662	0.008781	8.9
1387	-0.958369	124.864287	0.012725	8.1
1388	-1.067359	124.813965	0.006868	8.7
1389	-1.461291	124.763698	0.018199	9.4
1390	-1.040604	124.713485	0.010561	7.5
1391	-1.118763	124.663325	0.013901	8.7
1392	-1.603469	124.613219	0.011587	8.7
1393	-1.411940	124.563167	0.013876	9.4
1394	-0.715597	124.513168	0.005621	8.8
1395	-0.762699	124.463223	0.009422	10.0
1396	-1.701695	124.413332	0.017270	8.4
1397	-0.000069	124.363493	0.000021	8.8
1398	-1.207060	124.313708	0.009178	9.3
1399	-0.691196	124.263976	0.007018	8.9
1400	-1.187049	124.214297	0.008841	9.9
1401	-1.368025	124.164671	0.020644	8.2
1402	-0.800332	124.115097	0.007528	9.6
1403	-1.552858	124.065577	0.016476	11.3
1404	-0.507872	124.016109	0.006595	8.8
1405	-1.345602	123.966693	0.010991	10.0
1406	-0.773821	123.917330	0.005386	7.2
1407	-0.776826	123.868020	0.012865	9.0
1408	-1.184176	123.818762	0.012047	8.4
1409	-0.301537	123.769556	0.004528	9.2
1410	-1.653892	123.720402	0.014951	8.2
1411	-1.159949	123.671300	0.006595	7.7
1412	-1.466943	123.622250	0.009973	9.7
1413	-1.488685	123.573252	0.011295	9.0
1414	-0.060572	123.524305	0.000568	8.5
1415	-0.478629	123.475411	0.004292	9.4
1416	-0.343347	123.426568	0.003709	8.4
1417	-1.547286	123.377776	0.012915	8.7
1418	-1.426286	123.329036	0.006090	8.9
1419	-1.458402	123.280347	0.020710	9.5
1420	-0.001768	123.231709	0.000242	8.7
1421	-1.480231	123.183122	0.010089	11.2
1422	-1.206494	123.134587	0.015371	8.1
1423	-0.276969	123.086102	0.003965	9.7
1424	-0.998443	123.037669	0.022962	14.7
1425	-0.000006	122.989286	0.000003	8.5
1426	-1.126822	122.940954	0.011784	8.9
1427	-0.638391	122.892672	0.011783	8.6
1428	-0.839428	122.844441	0.010846	10.4
1429	-0.223879	122.796261	0.002292	8.2
1430	-0.761988	122.748130	0.009291	8.6
1431	-1.556569	122.700050	0.007292	8.4
1432	-0.113197	122.652021	0.002609	7.7
1433	-0.942748	122.604041	0.007793	15.4
1434	-0.104049	122.556111	0.005609	8.4
1435	-1.346180	122.508232	0.017616	8.2
1436	-1.164250	122.460402	0.012515	9.8
1437	-0.969688	122.412622	0.008471	8.5
1438	-1.512568	122.364891	0.010709	10.0
1439	-0.226434	122.317210	0.002550	9.0
1440	-0.903449	122.269579	0.012092	7.8
1441	-1.491595	122.221997	0.019208	12.0
1442	-0.339603	122.174465	0.005791	8.9
1443	-1.369762	122.126981	0.016158	8.5
1444	-1.488084	122.079547	0.011528	10.0
1445	-1.509591	122.032162	0.012747	9.8
1446	-0.000000	121.984826	0.000000	8.8
1447	-0.367496	121.937539	0.004462	8.6
1448	-0.105211	121.890301	0.002490	9.1
1449	-0.679608	121.843112	0.006489	8.7
1450	-0.120298	121.795971	0.002251	8.9
1451	-1.293506	121.748879	0.012769	8.8
1452	-0.000000	121.701835	0.000000	8.7
1453	-1.393615	121.654840	0.009935	8.7
1454	-1.271895	121.607893	0.011362	8.4
1455	-1.070797	121.560994	0.008126	9.3
1456	-1.072312	121.514144	0.013275	9.0
1457	-1.044901	121.467342	0.010243	8.3
1458	-0.010696	121.420588	0.001519	8.3
1459	-1.501142	121.373882	0.022299	9.2
1460	-0.023094	121.327223	0.001116	9.3
1461	-1.458417	121.280613	0.011804	9.2
1462	-1.387171	121.234050	0.010586	8.7
1463	-0.000248	121.187535	0.000078	8.7
1464	-1.174766	121.141067	0.013505	9.2
1465	-1.198949	121.094647	0.009842	9.8
1466	-0.227419	121.048274	0.003371	8.4
1467	-1.282551	121.001949	0.013807	8.5
1468	-1.349743	120.955671	0.020096	10.1
1469	-1.601904	120.909440	0.016574	7.0
1470	-1.149116	120.863256	0.009883	8.7
1471	-1.640758	120.817119	0.007246	8.4
1472	-0.296439	120.771029	0.004640	8.7
1473	-1.488621	120.724986	0.015321	19.6
1474	-1.464652	120.678990	0.019986	7.6
1475	-1.306641	120.633040	0.007148	8.5
1476	-1.326633	120.587137	0.018026	9.4
1477	-1.565541	120.541281	0.014075	9.4
1478	-1.496696	120.495471	0.014989	8.5
1479	-0.819745	120.449707	0.008275	9.6
1480	-0.969055	120.403990	0.015543	7.9
1481	-0.686733	120.358319	0.004536	8.7
1482	-1.190164	120.312694	0.006510	10.9
1483	-0.985314	120.267115	0.006744	8.5
1484	-1.535068	120.221582	0.007847	9.1
1485	-1.618294	120.176096	0.019875	8.4
1486	-0.861831	120.130655	0.011657	8.6
1487	-1.293548	120.085260	0.009510	7.7
1488	-1.074070	120.039910	0.011863	12.0
1489	-0.987174	119.994606	0.005911	9.4
1490	-1.529182	119.949348	0.013034	8.5
1491	-0.119900	119.904135	0.002592	9.3
1492	-1.145970	119.858968	0.018415	11.7
1493	-0.429099	119.813846	0.006332	8.2
1494	-1.324314	119.768769	0.014504	8.8
1495	-1.461796	119.723738	0.015822	7.9
1496	-0.013895	119.678752	0.001875	8.4
1497	-0.000000	119.633810	0.000000	9.9
1498	-0.046825	119.588914	0.002246	9.7
1499	-0.352611	119.544062	0.008266	9.6
1500	-0.045913	119.499256	0.001163	8.3
1501	-1.261567	119.454494	0.011449	8.5
1502	-1.684315	119.409777	0.016881	17.3
1503	-1.139089	119.365104	0.010220	8.7
1504	-1.564702	119.320476	0.013111	8.1
1505	-0.000000	119.275893	0.000000	9.8
1506	-0.002798	119.231353	0.000116	8.6
1507	-0.474982	119.186859	0.003570	8.7
1508	-0.083701	119.142408	0.002356	8.8
1509	-1.539556	119.098002	0.009938	10.6
1510	-0.760652	119.053639	0.005657	8.8
1511	-0.437322	119.009321	0.003361	9.2
1512	-0.000000	118.965047	0.000000	9.2
1513	-1.434237	118.920816	0.012038	8.1
1514	-0.762371	118.876630	0.004027	9.1
1515	-0.227043	118.832487	0.002395	8.6
1516	-0.362966	118.788388	0.004136	7.0
1517	-1.080421	118.744332	0.005724	7.9
1518	-1.121053	118.700320	0.014285	8.9
1519	-0.498964	118.656352	0.005824	8.5
1520	-0.839698	118.612427	0.009947	7.9
1521	-1.021023	118.568545	0.013254	8.2
1522	-1.157869	118.524706	0.010370	14.7
1523	-0.000000	118.480911	0.000000	9.5
1524	-0.093345	118.437159	0.002712	9.9
1525	-0.164132	118.393450	0.003995	8.9
1526	-1.485002	118.349784	0.009153	8.2
1527	-1.174552	118.306160	0.020246	9.1
1528	-1.475943	118.262580	0.018386	8.2
1529	-0.628976	118.219042	0.010996	8.5
1530	-0.889151	118.175548	0.015714	8.1
1531	-1.609402	118.132095	0.015837	8.1
1532	-0.271955	118.088686	0.003649	15.4
1533	-0.380867	118.045319	0.003148	7.9
1534	-0.629142	118.001994	0.007347	8.6
1535	-1.135354	117.958712	0.016571	9.0
1536	-1.228656	117.915472	0.012578	8.5
1537	-1.575345	117.872274	0.017823	8.9
1538	-0.652870	117.829118	0.006086	9.3
1539	-0.126524	117.786005	0.001974	8.9
1540	-1.539702	117.742933	0.013501	9.4
1541	-0.000000	117.699904	0.000000	7.9
1542	-0.000000	117.656916	0.000000	9.0
1543	-0.747587	117.613971	0.017944	10.2
1544	-1.084546	117.571067	0.011234	9.5
1545	-1.410578	117.528205	0.018074	9.6
1546	-0.118401	117.485384	0.001381	8.2
1547	-0.966442	117.442605	0.007318	8.9
1548	-0.962829	117.399867	0.007721	11.5
1549	-0.060763	117.357171	0.001788	8.2
1550	-1.466292	117.314517	0.018633	9.3
1551	-0.792580	117.271903	0.006519	8.6
1552	-0.923152	117.229331	0.011269	9.1
1553	-0.000000	117.186800	0.000000	8.9
1554	-0.454239	117.144311	0.006327	9.8
1555	-0.952650	117.101862	0.010145	8.8
1556	-1.354798	117.059454	0.011373	8.6
1557	-0.977784	117.017087	0.009837	9.8
1558	-1.133859	116.974762	0.010597	8.7
1559	-1.323244	116.932476	0.011063	9.0
1560	-1.096402	116.890232	0.011335	8.1
1561	-1.618689	116.848028	0.014293	8.6
1562	-0.513084	116.805865	0.007870	8.3
1563	-1.633962	116.763743	0.017336	9.0
1564	-1.577640	116.721661	0.014278	9.0
1565	-1.085091	116.679619	0.019070	8.4
1566	-0.738216	116.637618	0.007347	9.0
1567	-1.234058	116.595657	0.008591	8.6
1568	-1.395404	116.553736	0.014204	11.2
1569	-1.236394	116.511855	0.007518	9.4
1570	-1.448231	116.470015	0.021819	8.0
1571	-0.809062	116.428214	0.013062	10.3
1572	-1.066738	116.386454	0.014221	8.9
1573	-0.022621	116.344733	0.000684	7.1
1574	-0.743813	116.303052	0.009262	10.5
1575	-0.826140	116.261412	0.005395	8.3
1576	-0.874171	116.219810	0.006106	9.7
1577	-0.077899	116.178249	0.003733	9.0
1578	-1.392834	116.136727	0.015031	8.7
1579	-1.240014	116.095245	0.006867	7.8
1580	-1.180285	116.053802	0.011769	9.2
1581	-0.380397	116.012398	0.006450	8.7
1582	-0.836445	115.971034	0.004215	8.8
1583	-1.438995	115.929710	0.014431	13.0
1584	-1.498248	115.888424	0.010781	8.7
1585	-1.571738	115.847178	0.011625	8.4
1586	-1.010606	115.805970	0.006069	10.8
1587	-0.262913	115.764802	0.004873	8.5
1588	-0.695260	115.723673	0.007881	8.0
1589	-0.838847	115.682583	0.011212	9.1
1590	-0.564633	115.641532	0.007816	9.1
1591	-1.121941	115.600519	0.009108	8.2
1592	-0.779314	115.559546	0.005459	9.1
1593	-0.925190	115.518610	0.004264	9.0
1594	-1.120753	115.477714	0.023515	9.1
1595	-1.212739	115.436856	0.010538	9.4
1596	-0.000000	115.396037	0.000000	8.6
1597	-1.454085	115.355256	0.015595	8.5
1598	-0.356911	115.314514	0.005667	11.6
1599	-0.450682	115.273810	0.003474	9.1
1600	-1.424821	115.233144	0.011486	8.4
1601	-1.130419	115.192517	0.015966	8.1
1602	-0.884067	115.151927	0.016041	8.4
1603	-0.431524	115.111376	0.004969	8.7
1604	-1.170953	115.070863	0.007649	9.2
1605	-1.112644	115.030388	0.010739	8.0
1606	-0.020385	114.989951	0.001519	8.5
1607	-0.000000	114.949551	0.000000	9.3
1608	-0.240074	114.909190	0.003206	8.8
1609	-0.448125	114.868866	0.005933	10.6
1610	-1.026176	114.828580	0.006255	8.1
1611	-0.563852	114.788332	0.006117	9.0
1612	-0.029162	114.748121	0.001325	8.5
1613	-0.865017	114.707948	0.007541	8.8
1614	-0.015177	114.667812	0.000705	8.3
1615	-1.562633	114.627714	0.005811	8.0
1616	-0.942106	114.587653	0.011844	13.4
1617	-0.691972	114.547629	0.006138	9.6
1618	-1.533908	114.507643	0.017153	9.0
1619	-0.699443	114.467693	0.006069	9.8
1620	-1.546793	114.427781	0.020599	8.6
1621	-1.271544	114.387907	0.016069	9.7
1622	-0.769651	114.348069	0.011174	19.4
1623	-1.280871	114.308268	0.012198	7.3
1624	-1.270374	114.268504	0.010511	10.0
1625	-1.398655	114.228777	0.007733	8.3
1626	-0.259653	114.189086	0.007657	8.7
1627	-0.906454	114.149433	0.011427	8.8
1628	-0.519520	114.109816	0.004902	9.1
1629	-0.996160	114.070235	0.007892	9.0
1630	-1.085558	114.030692	0.012438	9.5
1631	-1.550855	113.991185	0.009052	8.7
1632	-1.475138	113.951714	0.014349	9.1
1633	-1.307934	113.912280	0.008231	8.8
1634	-0.000000	113.872882	0.000000	10.1
1635	-1.580829	113.833521	0.019070	9.2
1636	-1.407398	113.794195	0.009582	9.1
1637	-1.080541	113.754906	0.010349	10.2
1638	-0.900159	113.715653	0.009172	9.0
1639	-1.618417	113.676437	0.008636	8.8
1640	-0.564365	113.637256	0.003855	9.6
1641	-0.772785	113.598111	0.007703	10.7
1642	-0.015309	113.559002	0.001004	8.3
1643	-1.442443	113.519929	0.009464	9.5
1644	-0.361267	113.480892	0.002510	8.2
1645	-0.096812	113.441891	0.002652	9.6
1646	-1.615388	113.402925	0.009614	9.4
1647	-1.520929	113.363995	0.006966	9.7
1648	-1.398234	113.325101	0.017293	9.7
1649	-1.130000	113.286242	0.011274	9.7
1650	-0.138949	113.247419	0.003583	8.9
1651	-1.400695	113.208631	0.010747	18.4
1652	-1.249198	113.169879	0.010678	8.6
1653	-0.525235	113.131162	0.006555	8.3
1654	-1.494709	113.092480	0.007440	8.6
1655	-0.000034	113.053833	0.000018	9.1
1656	-1.460747	113.015222	0.013994	8.9
1657	-0.942684	112.976646	0.009688	8.4
1658	-1.528091	112.938105	0.016571	9.2
1659	-0.743242	112.899599	0.007739	9.0
1660	-1.348330	112.861128	0.007961	7.8
1661	-0.161369	112.822692	0.001976	10.5
1662	-0.623528	112.784291	0.010241	8.5
1663	-0.000000	112.745924	0.000000	7.8
1664	-1.453778	112.707593	0.010501	8.3
1665	-0.020906	112.669296	0.000354	11.8
1666	-0.899836	112.631034	0.024019	8.5
1667	-0.810703	112.592806	0.006804	9.5
1668	-0.024534	112.554613	0.001184	13.8
1669	-1.494706	112.516455	0.009107	9.7
1670	-0.844525	112.478331	0.005567	10.0
1671	-0.738159	112.440241	0.009131	9.5
1672	-1.302592	112.402186	0.011874	9.7
1673	-0.000012	112.364165	0.000004	8.0
1674	-0.703329	112.326179	0.003797	9.1
1675	-0.470119	112.288227	0.005626	8.4
1676	-0.786982	112.250309	0.012260	8.4
1677	-1.696876	112.212425	0.014589	8.5
1678	-1.122251	112.174575	0.008963	8.1
1679	-0.854324	112.136759	0.012078	8.4
1680	-0.178708	112.098977	0.004588	18.9
1681	-1.145753	112.061229	0.010427	7.8
1682	-1.651244	112.023515	0.018376	8.3
1683	-0.150773	111.985834	0.006329	8.5
1684	-1.498925	111.948188	0.011654	8.8
1685	-1.345030	111.910575	0.011481	8.3
1686	-0.079388	111.872996	0.001597	8.5
1687	-0.314257	111.835450	0.004878	9.4
1688	-1.340917	111.797939	0.009367	9.8
1689	-0.000000	111.760460	0.000000	9.7
1690	-1.476049	111.723015	0.008640	9.3
1691	-0.865035	111.685604	0.007547	8.1
1692	-0.000000	111.648226	0.000000	9.3
1693	-1.121857	111.610881	0.008754	9.0
1694	-0.000000	111.573570	0.000000	8.7
1695	-1.148083	111.536292	0.010462	8.1
1696	-0.000000	111.499047	0.000000	8.8
1697	-0.533967	111.461835	0.006669	8.0
1698	-0.516317	111.424656	0.006069	9.5
1699	-0.078052	111.387510	0.000994	7.7
1700	-0.000000	111.350398	0.000000	8.8
1701	-1.331116	111.313318	0.008038	9.1
1702	-0.411577	111.276271	0.005457	8.4
1703	-0.802212	111.239257	0.005159	8.2
1704	-1.641502	111.202276	0.012790	10.1
1705	-1.317867	111.165328	0.013218	8.3
1706	-1.596781	111.128412	0.010216	8.9
1707	-1.293010	111.091529	0.019533	9.5
1708	-0.602570	111.054679	0.006429	9.0
1709	-0.833289	111.017861	0.005077	11.7
1710	-1.308943	110.981076	0.005871	9.2
1711	-1.312225	110.944323	0.008738	10.3
1712	-0.763962	110.907603	0.006617	9.2
1713	-1.144192	110.870915	0.012838	9.1
1714	-1.365464	110.834259	0.011636	9.4
1715	-1.467763	110.797636	0.015106	8.8
1716	-0.685328	110.761045	0.005638	8.9
1717	-0.119856	110.724486	0.004285	9.9
1718	-0.636032	110.687959	0.007605	10.0
1719	-1.419671	110.651465	0.013160	8.5
1720	-1.566713	110.615002	0.030968	9.4
1721	-0.872355	110.578572	0.005195	12.8
1722	-0.582752	110.542173	0.006284	8.0
1723	-1.444780	110.505807	0.009051	10.1
1724	-0.984581	110.469472	0.005370	8.0
1725	-0.787021	110.433169	0.017499	8.6
1726	-1.539686	110.396898	0.018722	8.5
1727	-0.000000	110.360659	0.000000	10.5
1728	-0.936559	110.324451	0.004711	7.8
1729	-1.105074	110.288276	0.007412	8.7
1730	-0.716953	110.252131	0.018608	14.3
1731	-0.806743	110.216019	0.008316	9.0
1732	-1.558266	110.179937	0.011839	8.2
1733	-1.274610	110.143888	0.017140	7.7
1734	-1.693989	110.107869	0.013139	9.0
1735	-1.291380	110.071882	0.007522	9.2
1736	-1.432832	110.035927	0.004927	9.0
1737	-0.449925	110.000003	0.005829	10.5
1738	-0.068575	109.964110	0.001448	10.9
1739	-1.330425	109.928248	0.012876	7.8
1740	-0.591429	109.892417	0.011406	13.5
1741	-0.966016	109.856618	0.018355	8.5
1742	-0.000273	109.820850	0.000068	8.2
1743	-0.000000	109.785112	0.000000	9.5
1744	-0.707957	109.749406	0.006668	9.1
1745	-1.508179	109.713730	0.009179	9.4
1746	-0.475280	109.678086	0.005262	8.3
1747	-1.608133	109.642472	0.013060	8.4
1748	-0.121214	109.606890	0.007086	9.4
1749	-0.482133	109.571337	0.005650	9.2
1750	-1.029168	109.535816	0.020693	9.1
1751	-0.435634	109.500326	0.006300	9.2
1752	-0.004711	109.464866	0.000177	8.2
1753	-0.654702	109.429436	0.010004	8.7
1754	-1.384308	109.394038	0.010100	8.6
1755	-1.563979	109.358669	0.013213	8.9
1756	-0.131149	109.323331	0.003568	10.1
1757	-1.557622	109.288024	0.007503	8.9
1758	-0.742798	109.252747	0.008565	9.0
1759	-1.482440	109.217501	0.032139	9.3
1760	-0.022038	109.182284	0.001067	8.3
1761	-0.719052	109.147098	0.012861	8.3
1762	-1.258950	109.111942	0.015747	8.5
1763	-1.591964	109.076817	0.012330	10.4
1764	-1.655633	109.041721	0.011068	9.0
1765	-0.001000	109.006656	0.000207	8.5
1766	-1.339730	108.971620	0.008701	8.8
1767	-1.640645	108.936615	0.017110	9.5
1768	-1.355617	108.901640	0.022167	12.4
1769	-0.000000	108.866694	0.000000	10.0
1770	-1.640935	108.831779	0.013897	8.2
1771	-1.014422	108.796893	0.012270	8.4
1772	-0.164885	108.762037	0.003055	8.7
1773	-1.442798	108.727211	0.010509	8.1
1774	-0.104377	108.692415	0.004071	8.6
1775	-0.000000	108.657648	0.000000	10.7
1776	-1.327007	108.622911	0.006575	9.5
1777	-0.300118	108.588203	0.005927	9.9
1778	-0.155818	108.553525	0.002021	8.6
1779	-0.884938	108.518877	0.005159	9.9
1780	-1.455553	108.484258	0.014222	8.2
1781	-0.583220	108.449668	0.006380	9.1
1782	-1.549858	108.415108	0.009850	11.2
1783	-0.973542	108.380578	0.006098	8.2
1784	-0.905417	108.346076	0.012111	10.0
1785	-1.002709	108.311604	0.011503	9.2
1786	-0.572956	108.277161	0.005382	11.3
1787	-1.411917	108.242747	0.021924	10.1
1788	-1.109070	108.208363	0.007862	10.3
1789	-1.206931	108.174007	0.018440	9.2
1790	-1.513793	108.139681	0.008858	9.0
1791	-1.149749	108.105383	0.009140	8.7
1792	-1.511072	108.071115	0.015905	8.2
1793	-0.674719	108.036875	0.011988	8.9
1794	-0.561556	108.002665	0.008216	9.4
1795	-0.647148	107.968483	0.004790	10.0
1796	-0.831088	107.934330	0.008871	9.3
1797	-1.533506	107.900206	0.012450	9.5
1798	-0.704360	107.866111	0.010598	8.9
1799	-1.533503	107.832044	0.014012	9.1
1800	-0.027738	107.798007	0.001023	9.1
1801	-1.431988	107.763997	0.013628	9.3
1802	-0.000000	107.730017	0.000000	8.6
1803	-1.229936	107.696065	0.014130	9.5
1804	-1.347020	107.662141	0.010273	8.8
1805	-1.291064	107.628246	0.022951	8.4
1806	-0.789040	107.594379	0.006006	8.2
1807	-0.910322	107.560541	0.011976	9.3
1808	-0.207589	107.526731	0.006813	8.5
1809	-0.301011	107.492949	0.003317	8.3
1810	-0.461308	107.459196	0.005677	8.5
1811	-0.056659	107.425471	0.003090	7.9
1812	-0.883899	107.391774	0.008840	8.5
1813	-0.793074	107.358106	0.008301	8.6
1814	-1.403784	107.324465	0.012730	9.3
1815	-0.000000	107.290853	0.000000	9.8
1816	-1.298968	107.257268	0.009064	9.0
1817	-1.483616	107.223712	0.012671	9.2
1818	-1.451579	107.190184	0.018431	11.4
1819	-1.531637	107.156683	0.014330	9.1
1820	-1.277547	107.123211	0.008237	8.3
1821	-0.798664	107.089766	0.004296	9.6
1822	-1.061947	107.056349	0.008980	8.6
1823	-1.574800	107.022960	0.026974	8.2
1824	-1.679116	106.989599	0.018619	9.1
1825	-0.796742	106.956265	0.007187	8.8
1826	-0.785550	106.922960	0.013454	9.9
1827	-1.680524	106.889681	0.031246	8.0
1828	-1.485080	106.856431	0.007777	9.2
1829	-0.689308	106.823208	0.011392	17.5
1830	-0.008549	106.790012	0.000871	9.1
1831	-1.212623	106.756844	0.016421	7.9
1832	-0.060774	106.723703	0.001571	9.1
1833	-0.952425	106.690590	0.009724	8.8
1834	-0.981255	106.657505	0.007242	10.6
1835	-0.196348	106.624446	0.004414	9.3
1836	-1.160807	106.591415	0.014720	9.0
1837	-0.825118	106.558411	0.010136	9.2
1838	-1.023860	106.525435	0.010558	8.4
1839	-1.353437	106.492485	0.014510	8.7
1840	-1.190459	106.459563	0.009398	8.3
1841	-0.295259	106.426668	0.004360	8.1
1842	-0.248014	106.393800	0.005085	8.6
1843	-1.067833	106.360959	0.010744	8.2
1844	-1.473306	106.328145	0.015623	8.7
1845	-0.400757	106.295358	0.005582	8.6
1846	-1.551418	106.262598	0.022759	12.3
1847	-1.359965	106.229865	0.013982	9.7
1848	-1.276066	106.197158	0.009706	8.9
1849	-0.389035	106.164479	0.004617	8.4
1850	-1.546128	106.131826	0.011282	8.7
1851	-1.360948	106.099201	0.006765	10.0
1852	-1.003340	106.066602	0.006317	8.2
1853	-1.138301	106.034029	0.008905	8.8
1854	-1.386267	106.001483	0.015575	8.8
1855	-0.000000	105.968964	0.000000	9.2
1856	-1.545193	105.936472	0.012059	9.7
1857	-0.751020	105.904006	0.006059	9.3
1858	-1.017967	105.871566	0.008776	9.0
1859	-0.007860	105.839153	0.000760	9.1
1860	-0.422384	105.806767	0.005550	9.0
1861	-0.987375	105.774407	0.007572	9.1
1862	-1.314143	105.742073	0.014473	9.2
1863	-1.543930	105.709766	0.013276	9.0
1864	-1.535553	105.677485	0.016860	9.3
1865	-0.526596	105.645230	0.005754	9.4
1866	-0.699770	105.613001	0.005930	8.4
1867	-0.026136	105.580799	0.001052	8.8
1868	-0.408472	105.548623	0.003785	10.0
1869	-1.489886	105.516473	0.015736	9.0
1870	-0.952329	105.484349	0.014283	8.5
1871	-0.794119	105.452251	0.006344	8.7
1872	-1.557841	105.420179	0.013799	8.1
1873	-0.202318	105.388133	0.002724	8.2
1874	-0.001067	105.356113	0.000225	8.3
1875	-1.408529	105.324119	0.015555	8.6
1876	-0.168456	105.292151	0.002743	9.4
1877	-0.881083	105.260209	0.010650	12.2
1878	-0.380817	105.228293	0.004904	15.7
1879	-0.700081	105.196402	0.012558	7.8
1880	-0.605472	105.164537	0.005609	8.8
1881	-1.471414	105.132698	0.005399	8.8
1882	-0.416740	105.100885	0.005142	10.2
1883	-1.367623	105.069097	0.006728	9.2
1884	-0.403322	105.037335	0.005588	8.7
1885	-1.445751	105.005598	0.010129	9.3
1886	-0.512888	104.973887	0.005727	9.3
1887	-1.241132	104.942202	0.016496	8.1
1888	-0.851692	104.910542	0.005411	8.7
1889	-0.523911	104.878907	0.003736	8.7
1890	-0.010655	104.847298	0.001513	8.9
1891	-1.251528	104.815715	0.019485	11.8
1892	-0.094021	104.784156	0.001732	7.6
1893	-0.020888	104.752623	0.001118	8.9
1894	-0.000000	104.721116	0.000000	12.9
1895	-1.357087	104.689633	0.013824	7.8
1896	-0.789754	104.658176	0.006287	9.9
1897	-1.325782	104.626744	0.010775	9.2
1898	-0.000000	104.595337	0.000000	8.9
1899	-0.012496	104.563955	0.000427	7.7
1900	-1.069690	104.532599	0.009582	9.3
1901	-0.316975	104.501267	0.004563	8.5
1902	-1.575337	104.469960	0.015654	9.1
1903	-1.344847	104.438679	0.012316	8.8
1904	-1.412117	104.407422	0.007559	8.8
1905	-1.032781	104.376191	0.021518	8.6
1906	-0.000000	104.344984	0.000000	10.7
1907	-0.956024	104.313802	0.009130	8.6
1908	-1.339180	104.282645	0.012290	9.4
1909	-1.429207	104.251513	0.013461	9.0
1910	-0.296165	104.220405	0.003163	8.1
1911	-0.917789	104.189323	0.028785	9.5
1912	-0.153852	104.158265	0.002376	7.7
1913	-1.355379	104.127231	0.004830	9.0
1914	-0.536179	104.096222	0.007609	8.3
1915	-1.342894	104.065238	0.013117	8.6
1916	-1.418020	104.034279	0.014099	8.7
1917	-0.575284	104.003344	0.006965	8.8
1918	-1.261923	103.972433	0.014434	9.5
1919	-0.129122	103.941547	0.001228	9.2
1920	-0.757467	103.910686	0.010487	9.2
1921	-1.448730	103.879849	0.010468	9.7
1922	-1.044378	103.849036	0.020838	8.3
1923	-0.074203	103.818248	0.001116	8.8
1924	-0.806711	103.787484	0.005720	8.5
1925	-0.124819	103.756744	0.002434	7.8
1926	-1.090724	103.726029	0.013229	8.3
1927	-1.469581	103.695338	0.010382	8.8
1928	-0.752555	103.664671	0.012222	8.1
1929	-1.273748	103.634028	0.008486	9.1
1930	-0.158386	103.603409	0.001892	8.5
1931	-0.800796	103.572814	0.012261	9.5
1932	-1.084651	103.542244	0.016281	8.9
1933	-0.712499	103.511698	0.007290	9.1
1934	-1.483891	103.481175	0.011350	10.1
1935	-0.000000	103.450677	0.000000	8.6
1936	-0.803176	103.420202	0.004473	8.7
1937	-1.065768	103.389752	0.014500	11.3
1938	-0.776336	103.359325	0.008189	9.4
1939	-0.000001	103.328922	0.000000	12.0
1940	-0.938139	103.298543	0.018381	8.2
1941	-1.530876	103.268188	0.006415	8.6
1942	-1.464392	103.237857	0.011451	8.0
1943	-0.124869	103.207549	0.002499	7.8
1944	-0.083624	103.177265	0.001289	9.3
1945	-0.232409	103.147005	0.002599	8.3
1946	-1.210548	103.116768	0.004924	8.9
1947	-1.663498	103.086556	0.008861	8.8
1948	-0.946001	103.056366	0.011205	18.3
1949	-1.284983	103.026200	0.006873	8.8
1950	-0.214448	102.996058	0.003780	11.8
1951	-1.389556	102.965939	0.010314	9.9
1952	-1.571123	102.935844	0.015614	8.6
1953	-0.444032	102.905772	0.007505	8.3
1954	-0.793843	102.875724	0.007614	10.1
1955	-1.409366	102.845699	0.012858	9.1
1956	-0.141951	102.815697	0.002933	8.9
1957	-1.539847	102.785719	0.007125	8.0
1958	-1.026436	102.755764	0.007046	9.2
1959	-1.246943	102.725832	0.013892	10.1
1960	-1.475392	102.695924	0.005012	9.5
1961	-1.601496	102.666038	0.012137	12.2
1962	-0.952840	102.636176	0.014513	8.5
1963	-1.146313	102.606337	0.023498	6.8
1964	-1.206762	102.576521	0.007614	11.6
1965	-0.948804	102.546728	0.015814	10.5
1966	-1.125836	102.516959	0.008016	7.6
1967	-0.275170	102.487212	0.003732	8.5
1968	-1.587747	102.457488	0.025562	8.4
1969	-1.562225	102.427788	0.024928	9.0
1970	-1.151354	102.398110	0.008207	8.8
1971	-1.132648	102.368455	0.005976	11.3
1972	-0.886847	102.338823	0.007653	9.1
1973	-1.568631	102.309214	0.011108	8.5
1974	-1.416834	102.279628	0.012106	8.0
1975	-0.774992	102.250064	0.005751	8.2
1976	-0.059583	102.220524	0.003357	10.7
1977	-1.284543	102.191006	0.010598	16.2
1978	-0.180660	102.161511	0.002423	10.0
1979	-0.899812	102.132038	0.012043	8.9
1980	-1.137581	102.102588	0.005707	9.1
1981	-0.310470	102.073161	0.002284	9.1
1982	-0.000005	102.043757	0.000003	9.7
1983	-1.408541	102.014375	0.012149	9.6
1984	-1.520509	101.985015	0.020713	9.3
1985	-1.643583	101.955678	0.017870	8.5
1986	-0.417227	101.926364	0.004966	9.6
1987	-1.489093	101.897072	0.012770	10.0
1988	-1.585087	101.867802	0.009606	8.4
1989	-1.377514	101.838555	0.011882	9.0
1990	-0.636858	101.809330	0.005207	9.3
1991	-0.000009	101.780128	0.000003	9.6
1992	-0.000000	101.750948	0.000000	9.1
1993	-1.274862	101.721790	0.008395	8.7
1994	-1.520706	101.692654	0.014334	8.8
1995	-1.357489	101.663541	0.016670	9.4
1996	-1.513729	101.634450	0.011711	14.3
1997	-1.037213	101.605381	0.011012	9.1
1998	-0.066348	101.576335	0.003466	9.1
1999	-0.152249	101.547310	0.005455	8.8
