1:ItNr	2:Metric	3:StepSize	4:||Gradient||	Time[ms]
0	-0.716787	627.201626	0.006119	721.6
1	-0.612308	623.504937	0.005981	14.9
2	-0.000000	619.865785	0.000000	21.1
3	-0.405510	616.282728	0.004434	7.8
4	-0.586928	612.754375	0.006035	8.9
5	-1.128972	609.279381	0.008422	9.3
6	-0.697333	605.856447	0.010297	12.2
7	-0.030958	602.484317	0.001178	11.4
8	-0.718788	599.161779	0.004265	8.8
9	-1.028670	595.887656	0.008144	9.5
10	-0.630856	592.660813	0.005067	9.4
11	-0.069774	589.480151	0.004021	9.4
12	-1.146416	586.344606	0.006563	9.0
13	-0.213247	583.253145	0.004360	12.4
14	-0.258295	580.204771	0.004472	8.3
15	-1.090364	577.198517	0.008047	11.4
16	-0.712424	574.233444	0.008105	9.6
17	-1.051390	571.308645	0.007067	9.2
18	-0.710162	568.423237	0.007725	11.8
19	-0.008168	565.576365	0.000287	8.4
20	-0.018036	562.767201	0.000246	8.7
21	-0.109684	559.994938	0.001931	8.3
22	-1.101594	557.258797	0.007272	9.0
23	-0.249823	554.558018	0.002643	9.4
24	-0.409757	551.891865	0.003377	8.6
25	-1.024297	549.259621	0.007593	10.8
26	-0.477536	546.660592	0.005107	8.7
27	-1.032698	544.094102	0.007252	9.7
28	-0.548982	541.559494	0.006467	8.8
29	-1.106111	539.056129	0.007862	7.7
30	-0.993483	536.583387	0.006968	8.4
31	-0.775321	534.140663	0.011737	8.1
32	-0.815287	531.727370	0.014956	8.9
33	-0.868330	529.342935	0.011997	8.4
34	-0.579569	526.986802	0.005340	9.0
35	-1.130103	524.658430	0.006560	11.5
36	-0.040839	522.357290	0.001616	13.0
37	-1.054555	520.082868	0.007107	7.8
38	-0.786939	517.834665	0.006945	8.8
39	-0.798168	515.612193	0.009279	9.3
40	-0.493122	513.414976	0.006205	9.2
41	-1.100131	511.242551	0.008581	8.9
42	-1.130302	509.094468	0.007703	9.1
43	-0.190171	506.970285	0.006012	9.6
44	-0.973361	504.869574	0.009885	11.0
45	-0.771049	502.791916	0.004701	7.7
46	-0.011830	500.736903	0.004267	9.4
47	-0.008605	498.704137	0.000480	8.7
48	-0.822669	496.693228	0.008908	8.6
49	-1.058679	494.703798	0.007441	8.0
50	-0.000000	492.735476	0.000000	8.6
51	-1.139119	490.787900	0.006966	8.3
52	-0.809481	488.860718	0.011025	8.1
53	-0.169090	486.953585	0.002764	8.2
54	-1.084492	485.066164	0.006330	9.6
55	-0.233662	483.198126	0.003831	11.0
56	-0.947056	481.349149	0.006869	8.9
57	-0.784879	479.518920	0.012548	9.2
58	-1.042694	477.707132	0.007495	8.7
59	-0.346660	475.913485	0.003095	9.0
60	-1.155950	474.137684	0.009595	10.0
61	-0.965238	472.379445	0.005435	8.3
62	-1.102590	470.638485	0.008334	8.8
63	-0.429339	468.914531	0.004903	9.4
64	-0.575598	467.207315	0.004478	9.1
65	-0.970473	465.516573	0.008537	10.2
66	-0.298594	463.842050	0.003260	9.1
67	-0.651871	462.183494	0.004782	8.5
68	-0.806903	460.540658	0.012677	8.6
69	-0.000000	458.913303	0.000000	8.9
70	-1.059176	457.301192	0.007011	9.3
71	-0.284797	455.704096	0.003241	9.0
72	-0.279001	454.121787	0.002294	8.7
73	-1.046354	452.554045	0.011309	8.6
74	-1.079655	451.000653	0.011601	8.8
75	-0.326580	449.461399	0.004586	13.0
76	-0.136198	447.936075	0.004934	11.7
77	-0.250470	446.424477	0.004125	8.8
78	-0.373087	444.926406	0.004612	11.5
79	-0.503096	443.441666	0.003642	9.3
80	-0.837212	441.970065	0.008273	9.2
81	-0.837186	440.511415	0.007681	9.0
82	-0.000004	439.065533	0.000003	8.8
83	-1.189337	437.632238	0.007018	10.1
84	-0.783409	436.211351	0.005482	10.9
85	-1.005956	434.802701	0.006323	8.6
86	-0.088740	433.406117	0.001338	8.6
87	-0.166264	432.021430	0.001726	8.5
88	-0.841207	430.648479	0.006268	9.1
89	-0.125268	429.287101	0.002445	9.1
90	-1.141686	427.937140	0.007636	8.7
91	-0.695401	426.598440	0.008430	8.6
92	-0.913624	425.270849	0.008042	9.2
93	-1.006640	423.954220	0.008591	9.8
94	-0.693115	422.648404	0.005373	12.6
95	-0.056444	421.353259	0.001411	15.0
96	-0.942944	420.068643	0.007432	8.8
97	-0.999524	418.794419	0.006937	9.5
98	-0.867600	417.530451	0.012371	9.8
99	-0.239523	416.276604	0.003342	8.3
100	-0.101341	415.032748	0.004020	9.8
101	-0.739750	413.798754	0.004974	8.6
102	-0.327981	412.574495	0.003259	8.8
103	-0.916839	411.359849	0.009131	12.0
104	-0.353642	410.154691	0.003616	9.3
105	-0.068782	408.958904	0.004053	9.0
106	-1.051887	407.772368	0.009620	9.6
107	-0.004264	406.594968	0.000005	7.6
108	-0.916595	405.426590	0.007213	12.3
109	-0.923577	404.267122	0.011163	9.8
110	-0.585250	403.116456	0.006232	13.3
111	-0.809698	401.974481	0.007361	16.8
112	-1.127937	400.841093	0.005960	8.1
113	-0.970089	399.716187	0.009591	8.9
114	-0.000000	398.599660	0.000000	8.3
115	-0.924040	397.491411	0.010963	9.4
116	-0.141883	396.391342	0.001323	9.5
117	-0.731177	395.299353	0.005631	10.0
118	-0.986203	394.215350	0.010891	8.4
119	-0.242495	393.139238	0.004275	9.1
120	-1.066809	392.070924	0.010172	9.7
121	-0.490624	391.010316	0.004159	9.5
122	-0.211812	389.957325	0.004225	7.8
123	-0.173705	388.911862	0.002155	7.7
124	-0.000000	387.873839	0.000000	9.1
125	-0.000000	386.843173	0.000000	10.1
126	-0.000000	385.819777	0.000000	9.2
127	-0.552316	384.803569	0.004846	9.9
128	-0.170707	383.794468	0.004676	8.4
129	-0.920950	382.792393	0.004783	8.6
130	-0.000000	381.797264	0.000000	9.2
131	-0.312308	380.809005	0.004167	10.6
132	-0.000000	379.827537	0.000000	9.4
133	-0.615169	378.852786	0.006972	14.2
134	-0.922238	377.884678	0.007184	8.9
135	-1.126477	376.923138	0.006813	12.9
136	-1.051769	375.968095	0.006221	9.7
137	-0.000000	375.019479	0.000000	8.5
138	-0.585810	374.077218	0.004128	8.7
139	-0.127491	373.141244	0.005576	9.5
140	-1.039861	372.211489	0.007390	8.7
141	-0.932246	371.287887	0.005616	11.2
142	-0.000000	370.370370	0.000000	9.2
143	-0.000000	369.458876	0.000000	8.3
144	-0.092692	368.553338	0.003447	8.6
145	-0.575798	367.653696	0.003176	9.0
146	-0.425888	366.759885	0.004267	10.1
147	-0.565070	365.871846	0.004588	8.4
148	-1.128116	364.989518	0.007803	9.6
149	-1.202961	364.112841	0.005855	8.7
150	-0.759423	363.241757	0.004749	9.3
151	-0.899233	362.376208	0.010361	9.5
152	-0.621122	361.516137	0.004459	12.0
153	-1.061914	360.661488	0.008347	8.0
154	-0.000000	359.812206	0.000000	7.4
155	-1.040833	358.968236	0.005797	9.1
156	-0.239175	358.129524	0.004989	8.5
157	-1.070604	357.296018	0.005397	8.8
158	-0.000000	356.467665	0.000000	9.3
159	-0.899237	355.644414	0.009725	10.4
160	-0.000002	354.826213	0.000004	8.9
161	-0.660620	354.013012	0.003704	12.9
162	-0.119841	353.204763	0.002099	9.2
163	-0.890249	352.401415	0.006423	8.8
164	-0.666280	351.602922	0.002834	9.0
165	-0.004300	350.809235	0.000000	8.9
166	-0.732405	350.020308	0.006684	9.5
167	-0.808082	349.236095	0.010846	9.8
168	-1.144879	348.456550	0.006595	9.7
169	-1.021172	347.681627	0.007875	10.0
170	-0.998719	346.911283	0.006749	10.2
171	-0.974453	346.145474	0.009761	9.0
172	-0.264885	345.384157	0.004892	10.6
173	-1.068280	344.627288	0.007290	8.3
174	-1.061057	343.874826	0.008440	9.5
175	-0.288233	343.126729	0.003429	9.8
176	-0.011251	342.382957	0.000859	8.5
177	-1.010267	341.643469	0.007980	8.8
178	-1.131013	340.908224	0.005396	10.6
179	-1.113454	340.177184	0.006357	9.5
180	-0.155967	339.450309	0.002904	9.2
181	-0.412611	338.727561	0.002324	11.3
182	-1.029868	338.008902	0.010998	9.3
183	-1.213112	337.294295	0.007234	8.3
184	-0.865639	336.583703	0.012770	8.2
185	-1.028463	335.877089	0.005793	10.0
186	-0.069746	335.174416	0.001468	9.0
187	-0.867749	334.475651	0.009711	9.7
188	-1.132523	333.780756	0.008382	9.0
189	-0.798152	333.089698	0.004987	8.9
190	-0.100450	332.402443	0.002427	15.3
191	-0.320274	331.718955	0.003659	8.2
192	-1.058203	331.039203	0.010280	9.4
193	-0.315798	330.363153	0.003414	11.0
194	-0.854846	329.690771	0.004929	9.2
195	-1.069748	329.022027	0.008011	9.2
196	-0.011325	328.356888	0.001105	9.7
197	-0.000000	327.695322	0.000000	9.7
198	-0.004354	327.037299	0.000073	10.4
199	-0.696261	326.382787	0.005866	7.7
200	-0.949515	325.731758	0.008934	11.4
201	-0.334490	325.084179	0.003313	9.3
202	-0.844204	324.440023	0.006488	8.9
203	-0.349982	323.799258	0.002353	9.2
204	-0.987649	323.161858	0.007231	9.6
205	-1.000307	322.527792	0.007192	7.3
206	-1.071429	321.897034	0.006417	7.8
207	-0.739624	321.269554	0.005439	9.1
208	-1.127584	320.645325	0.008612	10.3
209	-0.001439	320.024320	0.000971	8.8
210	-0.995549	319.406512	0.007285	9.1
211	-0.261269	318.791875	0.003565	8.9
212	-0.316472	318.180381	0.004383	9.2
213	-0.210229	317.572005	0.002432	9.2
214	-1.090593	316.966721	0.006139	10.1
215	-0.355634	316.364504	0.002417	7.4
216	-0.051037	315.765329	0.001357	8.4
217	-1.008339	315.169170	0.014236	9.3
218	-0.000000	314.576003	0.000000	10.3
219	-0.482836	313.985804	0.003557	9.1
220	-0.484534	313.398548	0.004806	10.4
221	-1.134338	312.814213	0.006336	10.3
222	-0.287509	312.232773	0.003938	7.8
223	-0.917492	311.654207	0.006598	8.4
224	-0.074173	311.078491	0.001188	8.7
225	-0.280984	310.505602	0.002872	7.6
226	-1.123643	309.935518	0.008040	10.3
227	-0.015667	309.368217	0.000596	9.2
228	-0.621789	308.803676	0.007324	9.7
229	-0.643264	308.241874	0.006511	9.7
230	-0.052637	307.682789	0.002505	9.4
231	-0.979689	307.126400	0.007218	8.2
232	-1.227398	306.572687	0.006915	9.0
233	-0.909141	306.021627	0.007734	10.3
234	-0.000000	305.473201	0.000000	8.2
235	-0.250496	304.927388	0.004655	9.1
236	-0.339908	304.384168	0.005274	7.8
237	-0.650156	303.843521	0.005678	9.3
238	-0.655658	303.305427	0.005038	9.0
239	-1.047461	302.769867	0.006867	11.2
240	-1.112546	302.236821	0.008352	9.1
241	-1.072751	301.706270	0.006783	9.3
242	-1.144389	301.178196	0.007579	9.0
243	-0.956321	300.652580	0.004921	8.8
244	-1.068522	300.129402	0.007462	9.2
245	-0.831914	299.608645	0.005466	8.9
246	-1.161095	299.090291	0.006621	8.0
247	-0.961296	298.574321	0.005385	9.5
248	-1.066331	298.060718	0.011017	8.7
249	-0.891746	297.549465	0.008656	10.7
250	-0.422547	297.040543	0.003179	14.2
251	-1.010408	296.533936	0.012827	9.2
252	-0.992042	296.029626	0.005781	9.3
253	-1.046234	295.527597	0.007401	9.3
254	-0.893223	295.027832	0.005211	8.8
255	-1.157084	294.530315	0.008085	8.9
256	-0.000000	294.035028	0.000000	8.4
257	-1.046607	293.541956	0.005489	9.9
258	-0.782589	293.051083	0.011827	12.2
259	-0.000000	292.562393	0.000000	9.2
260	-1.052865	292.075870	0.005574	9.2
261	-1.174180	291.591498	0.006831	8.7
262	-1.014632	291.109263	0.006077	9.1
263	-0.545315	290.629149	0.005438	9.4
264	-0.081616	290.151140	0.002221	8.6
265	-0.042763	289.675222	0.001470	7.6
266	-0.840503	289.201380	0.007435	10.0
267	-0.009104	288.729600	0.002135	10.6
268	-1.159177	288.259866	0.008290	8.4
269	-1.055045	287.792165	0.005964	15.3
270	-0.121679	287.326481	0.002931	9.0
271	-0.509471	286.862802	0.003532	8.6
272	-1.001829	286.401113	0.007427	13.2
273	-0.111575	285.941400	0.001495	9.3
274	-0.617013	285.483649	0.004572	10.8
275	-1.030908	285.027847	0.006489	8.0
276	-0.996649	284.573981	0.008307	8.1
277	-0.022184	284.122037	0.000498	8.9
278	-0.647508	283.672002	0.006245	18.5
279	-1.100013	283.223863	0.005575	8.7
280	-1.116442	282.777607	0.006371	10.4
281	-0.546641	282.333221	0.003529	9.7
282	-0.903017	281.890692	0.010295	8.8
283	-0.281588	281.450008	0.003022	9.5
284	-0.723862	281.011157	0.003985	9.1
285	-0.549746	280.574125	0.004677	9.6
286	-0.714618	280.138901	0.005817	14.7
287	-1.029222	279.705473	0.007539	9.1
288	-0.000000	279.273829	0.000000	8.7
289	-0.855083	278.843956	0.004738	10.4
290	-1.116328	278.415844	0.014387	8.3
291	-0.788412	277.989479	0.007653	9.4
292	-0.704614	277.564851	0.004704	9.3
293	-1.134447	277.141949	0.008501	9.4
294	-0.967205	276.720761	0.010801	9.5
295	-0.543054	276.301275	0.004067	9.3
296	-1.179761	275.883480	0.008365	8.3
297	-0.000000	275.467366	0.000000	9.7
298	-0.865281	275.052922	0.005483	9.0
299	-0.849147	274.640136	0.006338	9.6
300	-0.790556	274.228998	0.006446	9.6
301	-0.008077	273.819497	0.000082	10.5
302	-0.590062	273.411623	0.002986	8.4
303	-1.041004	273.005365	0.005529	9.6
304	-1.163955	272.600712	0.007034	9.5
305	-0.993742	272.197655	0.005082	8.4
306	-0.927714	271.796184	0.005300	14.6
307	-0.905141	271.396287	0.007219	8.9
308	-0.240476	270.997956	0.002645	9.1
309	-0.062027	270.601180	0.000783	12.7
310	-0.665351	270.205949	0.004536	8.6
311	-0.591741	269.812254	0.005064	8.4
312	-1.039739	269.420085	0.008368	9.0
313	-1.040151	269.029432	0.005829	8.9
314	-0.879366	268.640287	0.004583	10.4
315	-0.097370	268.252638	0.001436	9.5
316	-0.058406	267.866478	0.001664	8.1
317	-0.738354	267.481796	0.006121	8.6
318	-0.937692	267.098584	0.007106	9.0
319	-1.120622	266.716833	0.009249	9.0
320	-0.192634	266.336533	0.002025	11.1
321	-1.036362	265.957676	0.006347	9.9
322	-0.010038	265.580253	0.002908	12.0
323	-0.000000	265.204254	0.000000	12.0
324	-1.145105	264.829672	0.011548	9.7
325	-0.513775	264.456497	0.004216	9.7
326	-0.157976	264.084721	0.002029	10.7
327	-0.803840	263.714335	0.004741	8.9
328	-0.029133	263.345332	0.000220	8.6
329	-0.117690	262.977702	0.002493	11.5
330	-1.007162	262.611438	0.006759	9.8
331	-0.143758	262.246531	0.002340	9.2
332	-0.249777	261.882973	0.003836	9.9
333	-0.793931	261.520756	0.004515	8.0
334	-0.744082	261.159871	0.005596	9.6
335	-0.000000	260.800312	0.000000	8.7
336	-0.700048	260.442070	0.004214	9.2
337	-0.394755	260.085137	0.003069	8.9
338	-0.886482	259.729505	0.008719	10.6
339	-1.137569	259.375167	0.006672	8.9
340	-0.392118	259.022116	0.003556	10.0
341	-0.932265	258.670343	0.004014	9.2
342	-0.015592	258.319841	0.000125	10.8
343	-0.512466	257.970602	0.004135	8.8
344	-0.053554	257.622620	0.001808	9.0
345	-0.000000	257.275887	0.000000	8.6
346	-1.126313	256.930396	0.006338	10.5
347	-1.136642	256.586139	0.005505	9.0
348	-0.244924	256.243109	0.002780	11.0
349	-0.625048	255.901300	0.004164	10.5
350	-0.243336	255.560703	0.003276	9.2
351	-0.560363	255.221313	0.004353	9.6
352	-1.068677	254.883122	0.005291	9.7
353	-1.141703	254.546124	0.008112	11.7
354	-0.455837	254.210311	0.004039	8.3
355	-0.986648	253.875677	0.005534	9.6
356	-0.362361	253.542215	0.004145	8.9
357	-0.566614	253.209918	0.005018	9.5
358	-0.028641	252.878781	0.003657	9.8
359	-0.000000	252.548795	0.000000	8.8
360	-0.337543	252.219956	0.004004	8.8
361	-0.000000	251.892255	0.000000	9.4
362	-0.792368	251.565688	0.005404	9.2
363	-1.003085	251.240247	0.009369	8.2
364	-0.680979	250.915926	0.003989	7.9
365	-0.696613	250.592720	0.008576	10.2
366	-0.233684	250.270621	0.002804	8.6
367	-1.145056	249.949624	0.005305	12.6
368	-1.209579	249.629723	0.006762	9.7
369	-0.000000	249.310911	0.000000	9.9
370	-1.019473	248.993182	0.007061	9.0
371	-0.817486	248.676531	0.006135	9.6
372	-1.073784	248.360952	0.009770	9.3
373	-0.218170	248.046438	0.005094	9.5
374	-0.970793	247.732984	0.006427	9.5
375	-0.431094	247.420584	0.003560	9.9
376	-1.125820	247.109233	0.007432	10.1
377	-0.296214	246.798924	0.002376	10.1
378	-0.000000	246.489652	0.000000	9.4
379	-0.926617	246.181412	0.003946	9.4
380	-0.814711	245.874197	0.005384	8.7
381	-0.000000	245.568002	0.000000	13.3
382	-0.000000	245.262822	0.000000	8.4
383	-0.211246	244.958652	0.002229	9.7
384	-1.053378	244.655485	0.007350	9.9
385	-1.098779	244.353317	0.004884	9.0
386	-0.125828	244.052142	0.003179	8.9
387	-1.104052	243.751955	0.009248	9.1
388	-0.000000	243.452750	0.000000	7.7
389	-1.243165	243.154523	0.006588	8.2
390	-0.996984	242.857268	0.005432	8.0
391	-1.175477	242.560980	0.008809	9.3
392	-0.847816	242.265654	0.008025	13.3
393	-0.960061	241.971285	0.007109	9.4
394	-0.000000	241.677868	0.000000	9.0
395	-0.967801	241.385397	0.009769	10.0
396	-0.936209	241.093869	0.006074	9.1
397	-1.151997	240.803278	0.008582	10.1
398	-0.000000	240.513619	0.000000	12.6
399	-1.127488	240.224887	0.004911	9.1
400	-0.000000	239.937077	0.000000	10.9
401	-1.021763	239.650186	0.005918	9.6
402	-1.090122	239.364207	0.004684	8.2
403	-1.040312	239.079136	0.010723	9.0
404	-1.126437	238.794969	0.006241	10.0
405	-0.545269	238.511701	0.003708	9.2
406	-1.127073	238.229327	0.007399	8.2
407	-1.130700	237.947843	0.011483	9.1
408	-1.156829	237.667244	0.006406	9.2
409	-1.142373	237.387526	0.007141	8.9
410	-0.000000	237.108684	0.000000	8.7
411	-0.264310	236.830714	0.001972	23.6
412	-0.268637	236.553610	0.005243	9.1
413	-0.076568	236.277370	0.001453	9.8
414	-0.494292	236.001989	0.004457	10.2
415	-0.038645	235.727461	0.001750	9.3
416	-0.878307	235.453784	0.005796	10.9
417	-0.000000	235.180952	0.000000	12.7
418	-0.103767	234.908962	0.000876	8.7
419	-1.157021	234.637809	0.012015	9.2
420	-0.538283	234.367488	0.005039	9.8
421	-0.766597	234.097997	0.004324	8.2
422	-0.205024	233.829331	0.002274	7.6
423	-1.025867	233.561485	0.008925	10.7
424	-0.000000	233.294456	0.000000	9.4
425	-1.021981	233.028239	0.006875	9.0
426	-0.150833	232.762831	0.003252	9.0
427	-0.833148	232.498228	0.004382	9.7
428	-0.101801	232.234425	0.002382	13.1
429	-1.126640	231.971419	0.010388	8.5
430	-0.088191	231.709205	0.001261	9.1
431	-1.016975	231.447781	0.008510	9.1
432	-0.977953	231.187141	0.004614	19.8
433	-0.078451	230.927283	0.002240	8.6
434	-0.527479	230.668202	0.005185	9.0
435	-1.036910	230.409895	0.008674	8.9
436	-0.367397	230.152358	0.003115	8.4
437	-0.031750	229.895587	0.001436	9.1
438	-0.925865	229.639578	0.008265	9.7
439	-1.158861	229.384329	0.005788	9.2
440	-0.334390	229.129834	0.003082	8.9
441	-0.754809	228.876091	0.008528	14.7
442	-1.148235	228.623096	0.006490	9.8
443	-0.720362	228.370846	0.003893	8.6
444	-0.129420	228.119336	0.002371	9.3
445	-0.992614	227.868563	0.010156	8.7
446	-1.053698	227.618525	0.005676	9.3
447	-0.765077	227.369216	0.004946	14.6
448	-0.041234	227.120635	0.002526	8.4
449	-0.526210	226.872777	0.003562	9.9
450	-0.329046	226.625638	0.002840	12.2
451	-0.554122	226.379217	0.003076	9.1
452	-0.011056	226.133509	0.000506	9.0
453	-0.000000	225.888510	0.000000	9.3
454	-0.904794	225.644218	0.011240	9.0
455	-0.448328	225.400630	0.005267	10.4
456	-0.918275	225.157741	0.005732	10.2
457	-1.119696	224.915549	0.007243	9.1
458	-1.005971	224.674051	0.005297	9.0
459	-0.823321	224.433242	0.006234	8.4
460	-0.041986	224.193121	0.002039	8.8
461	-0.205508	223.953684	0.005311	10.4
462	-0.917159	223.714927	0.006885	9.4
463	-1.053271	223.476848	0.006980	8.3
464	-1.098337	223.239444	0.004111	8.6
465	-0.000000	223.002710	0.000000	9.5
466	-0.768599	222.766645	0.003294	10.0
467	-0.698708	222.531245	0.006680	8.9
468	-1.149862	222.296508	0.007682	8.7
469	-1.164695	222.062429	0.007648	9.0
470	-0.926217	221.829007	0.003684	9.8
471	-1.053056	221.596238	0.008003	8.7
472	-0.574450	221.364119	0.004481	8.9
473	-0.011042	221.132647	0.000975	9.7
474	-0.886795	220.901820	0.007174	8.0
475	-1.069243	220.671634	0.006859	12.5
476	-0.833735	220.442086	0.006153	10.0
477	-0.014846	220.213174	0.000857	9.3
478	-0.945347	219.984895	0.005939	8.8
479	-1.061314	219.757246	0.006114	9.0
480	-1.224231	219.530224	0.006307	11.9
481	-1.115794	219.303826	0.004551	8.4
482	-0.777155	219.078050	0.005888	9.7
483	-0.435161	218.852893	0.004224	9.6
484	-1.140598	218.628352	0.008693	9.5
485	-0.832242	218.404424	0.003198	9.1
486	-0.001455	218.181106	0.000708	8.7
487	-0.615608	217.958397	0.003896	8.5
488	-1.058780	217.736292	0.017454	9.7
489	-1.175039	217.514790	0.008850	9.4
490	-0.215354	217.293888	0.003376	8.6
491	-1.099613	217.073584	0.006232	9.3
492	-1.163679	216.853873	0.006331	9.0
493	-0.031255	216.634755	0.001342	8.9
494	-1.073419	216.416227	0.006364	10.3
495	-0.902310	216.198285	0.011726	9.1
496	-0.141611	215.980927	0.001539	8.3
497	-1.228466	215.764151	0.007693	8.7
498	-0.642208	215.547955	0.003472	9.3
499	-0.926731	215.332335	0.007885	9.0
500	-0.592166	215.117289	0.004607	9.7
501	-0.823893	214.902815	0.004254	12.7
502	-0.222024	214.688911	0.002064	8.7
503	-0.816453	214.475573	0.004553	9.3
504	-0.943537	214.262800	0.007133	11.7
505	-0.021783	214.050588	0.001714	17.8
506	-1.046121	213.838936	0.005712	14.0
507	-1.022555	213.627842	0.006142	13.1
508	-1.075854	213.417302	0.006865	16.0
509	-0.010324	213.207314	0.001007	16.3
510	-0.826793	212.997877	0.006225	15.2
511	-0.099359	212.788987	0.002631	15.0
512	-0.799891	212.580642	0.006711	15.6
513	-0.158546	212.372841	0.001371	13.8
514	-1.025793	212.165581	0.007473	13.1
515	-0.563579	211.958859	0.004423	16.6
516	-0.870019	211.752673	0.008027	11.7
517	-0.114574	211.547021	0.001350	13.9
518	-1.205310	211.341902	0.007067	14.3
519	-0.014290	211.137311	0.001805	17.2
520	-0.102254	210.933248	0.003000	16.3
521	-0.232391	210.729710	0.001890	14.0
522	-0.000000	210.526695	0.000000	12.2
523	-0.848943	210.324200	0.005047	12.4
524	-0.648684	210.122224	0.004287	17.2
525	-0.008832	209.920765	0.000778	14.1
526	-1.107994	209.719820	0.007791	16.0
527	-0.296377	209.519387	0.002895	14.9
528	-0.000000	209.319463	0.000000	14.5
529	-1.146730	209.120048	0.008929	11.4
530	-1.190267	208.921139	0.005810	12.4
531	-0.923669	208.722733	0.007611	12.8
532	-0.162458	208.524829	0.001828	13.3
533	-0.892197	208.327425	0.005374	11.4
534	-0.966182	208.130518	0.006315	10.0
535	-0.180077	207.934107	0.002059	9.4
536	-1.154672	207.738189	0.005628	10.2
537	-0.026514	207.542762	0.000327	9.1
538	-0.040176	207.347825	0.001719	8.4
539	-0.977656	207.153376	0.006028	8.6
540	-0.928243	206.959412	0.006142	10.0
541	-0.025621	206.765932	0.001307	9.4
542	-0.747859	206.572933	0.003908	9.3
543	-0.451863	206.380414	0.004458	8.1
544	-0.232864	206.188373	0.004348	9.1
545	-0.000000	205.996807	0.000000	10.0
546	-0.000000	205.805716	0.000000	10.2
547	-0.739550	205.615096	0.007101	8.4
548	-1.086161	205.424946	0.005782	9.1
549	-1.193330	205.235265	0.007023	9.0
550	-0.980841	205.046050	0.008906	12.9
551	-0.589336	204.857299	0.004499	7.7
552	-0.000000	204.669011	0.000000	13.2
553	-0.037718	204.481184	0.003766	14.9
554	-0.000000	204.293816	0.000000	10.5
555	-0.806825	204.106905	0.003816	12.5
556	-0.761645	203.920449	0.004424	15.0
557	-0.745903	203.734447	0.004848	12.8
558	-0.297527	203.548896	0.003165	17.6
559	-1.049404	203.363795	0.007194	17.0
560	-1.097746	203.179143	0.006421	11.8
561	-0.000000	202.994937	0.000000	13.9
562	-1.124987	202.811176	0.008057	8.1
563	-0.036350	202.627857	0.001408	12.4
564	-0.999166	202.444980	0.008292	11.2
565	-1.037861	202.262543	0.005886	12.7
566	-1.060979	202.080543	0.008256	16.9
567	-0.254761	201.898979	0.005199	12.6
568	-0.000000	201.717849	0.000000	9.8
569	-1.097025	201.537153	0.005744	10.4
570	-0.894869	201.356887	0.008406	10.4
571	-1.064677	201.177050	0.005036	11.1
572	-0.486561	200.997642	0.003200	10.2
573	-1.102660	200.818659	0.006979	9.7
574	-1.161655	200.640100	0.009318	8.9
575	-0.465845	200.461965	0.004181	9.2
576	-1.133913	200.284250	0.007225	10.1
577	-0.767430	200.106955	0.006373	9.0
578	-0.367324	199.930078	0.005131	10.1
579	-1.171506	199.753617	0.006574	9.4
580	-0.050472	199.577571	0.000311	142.9
581	-0.956609	199.401938	0.008290	13.6
582	-0.216590	199.226717	0.004918	9.8
583	-0.821905	199.051905	0.006255	69.2
584	-1.124968	198.877502	0.010384	14.7
585	-0.872083	198.703506	0.005325	71.9
586	-0.000000	198.529916	0.000000	11.2
587	-0.431801	198.356729	0.004195	11.8
588	-1.170825	198.183944	0.005457	14.0
589	-1.070543	198.011560	0.005624	16.2
590	-1.105968	197.839576	0.006897	14.6
591	-0.189176	197.667989	0.001499	15.7
592	-0.000000	197.496798	0.000000	20.8
593	-0.894582	197.326002	0.009586	8.5
594	-1.215121	197.155600	0.009834	9.7
595	-0.909022	196.985589	0.008516	10.0
596	-0.866570	196.815969	0.006136	13.3
597	-1.143969	196.646738	0.007155	9.9
598	-1.018024	196.477894	0.005365	8.7
599	-0.784340	196.309436	0.005416	10.6
600	-1.168954	196.141363	0.007126	9.8
601	-1.119596	195.973673	0.005880	9.0
602	-1.125818	195.806365	0.006944	10.2
603	-0.678468	195.639437	0.005759	9.3
604	-1.091602	195.472888	0.007117	10.0
605	-1.037939	195.306717	0.005125	9.0
606	-0.113289	195.140922	0.001615	10.8
607	-0.839841	194.975501	0.008064	8.5
608	-1.154606	194.810454	0.009182	8.0
609	-0.433438	194.645779	0.003013	12.8
610	-1.110763	194.481475	0.005245	9.4
611	-1.087273	194.317540	0.005924	10.7
612	-0.552766	194.153973	0.004782	10.8
613	-1.047995	193.990773	0.005872	9.5
614	-1.125913	193.827938	0.007420	8.8
615	-0.457459	193.665467	0.002874	10.9
616	-0.182217	193.503358	0.002395	7.9
617	-1.092632	193.341611	0.007096	9.5
618	-1.143693	193.180224	0.006958	8.6
619	-0.025902	193.019196	0.000703	8.6
620	-1.002545	192.858525	0.011679	8.7
621	-0.801839	192.698210	0.008309	11.2
622	-1.041826	192.538251	0.011637	8.7
623	-0.101141	192.378644	0.001371	10.9
624	-1.148106	192.219391	0.006922	9.3
625	-1.159025	192.060488	0.005888	9.2
626	-0.295241	191.901935	0.003534	10.2
627	-1.051590	191.743730	0.005015	10.4
628	-1.000145	191.585873	0.005517	9.5
629	-0.811860	191.428362	0.007803	16.9
630	-0.000000	191.271196	0.000000	23.6
631	-1.089171	191.114374	0.007068	8.6
632	-1.092675	190.957893	0.006835	10.2
633	-0.764260	190.801755	0.004511	10.9
634	-0.803300	190.645956	0.007136	10.1
635	-0.176564	190.490495	0.002106	12.8
636	-0.223385	190.335373	0.003230	9.4
637	-1.126285	190.180587	0.006229	9.0
638	-0.145474	190.026136	0.001604	8.2
639	-0.736046	189.872019	0.003302	9.2
640	-0.662737	189.718235	0.004351	9.2
641	-0.000000	189.564782	0.000000	9.3
642	-0.981138	189.411661	0.005090	8.2
643	-0.768909	189.258868	0.003816	9.2
644	-0.000000	189.106404	0.000000	8.5
645	-0.958311	188.954267	0.005354	10.2
646	-0.530497	188.802456	0.003242	8.8
647	-0.160125	188.650969	0.003581	9.7
648	-1.028231	188.499807	0.004165	8.2
649	-0.015167	188.348967	0.000957	8.7
650	-0.084080	188.198448	0.003745	8.4
651	-0.960136	188.048250	0.007593	12.7
652	-0.974758	187.898371	0.005046	8.4
653	-0.707523	187.748810	0.003851	8.0
654	-0.378023	187.599566	0.004923	9.5
655	-1.266210	187.450638	0.006383	10.4
656	-0.006665	187.302025	0.001398	7.9
657	-0.049850	187.153725	0.001363	7.8
658	-1.190127	187.005739	0.007391	8.7
659	-1.132739	186.858064	0.007754	9.7
660	-0.174992	186.710699	0.003010	9.5
661	-0.773336	186.563645	0.008440	8.8
662	-0.000000	186.416898	0.000000	9.8
663	-1.058436	186.270459	0.004891	8.9
664	-0.842644	186.124326	0.007827	8.7
665	-0.753550	185.978499	0.006061	9.1
666	-0.227822	185.832976	0.003118	9.3
667	-0.173838	185.687756	0.004185	8.8
668	-1.017042	185.542838	0.009460	9.8
669	-0.004728	185.398222	0.001296	9.5
670	-0.000000	185.253906	0.000000	10.3
671	-0.453083	185.109889	0.003247	9.2
672	-0.375829	184.966170	0.002356	8.5
673	-0.000000	184.822748	0.000000	8.5
674	-0.148445	184.679623	0.002780	9.7
675	-0.885645	184.536792	0.005774	14.5
676	-0.944935	184.394256	0.005110	9.9
677	-1.217434	184.252013	0.006281	9.0
678	-1.193929	184.110062	0.008497	9.7
679	-0.248785	183.968403	0.002288	9.0
680	-0.000000	183.827034	0.000000	9.3
681	-0.734451	183.685954	0.004257	10.3
682	-1.119104	183.545163	0.008069	8.8
683	-0.986724	183.404658	0.006676	9.5
684	-1.170134	183.264441	0.008081	8.9
685	-0.365154	183.124509	0.002518	8.5
686	-0.485465	182.984861	0.003205	9.2
687	-0.747616	182.845497	0.005082	9.1
688	-0.292277	182.706416	0.002887	8.8
689	-1.153596	182.567616	0.007823	8.9
690	-0.896987	182.429098	0.007283	11.4
691	-0.000000	182.290859	0.000000	9.7
692	-1.057622	182.152899	0.003890	9.7
693	-1.135715	182.015217	0.004679	10.0
694	-1.066124	181.877813	0.006023	13.4
695	-1.261691	181.740684	0.008114	8.4
696	-1.142501	181.603832	0.005927	8.7
697	-1.115269	181.467253	0.005159	8.8
698	-1.051038	181.330948	0.006260	8.3
699	-0.191818	181.194916	0.003264	9.0
700	-0.849270	181.059155	0.006045	9.8
701	-0.000000	180.923666	0.000000	9.0
702	-0.069951	180.788446	0.002833	8.8
703	-0.092401	180.653496	0.001319	9.8
704	-1.203324	180.518814	0.006871	9.2
705	-0.975163	180.384399	0.004820	10.1
706	-0.056587	180.250251	0.000973	11.0
707	-0.865783	180.116369	0.005758	9.8
708	-0.037452	179.982752	0.000574	9.1
709	-0.752002	179.849398	0.006872	12.2
710	-1.027009	179.716308	0.007469	8.6
711	-1.211643	179.583480	0.005982	7.7
712	-0.067249	179.450913	0.002329	9.3
713	-0.542388	179.318607	0.003828	9.6
714	-1.115819	179.186561	0.006762	9.2
715	-0.000110	179.054774	0.000079	8.6
716	-0.744087	178.923245	0.003571	8.7
717	-0.588597	178.791973	0.004800	9.3
718	-1.297259	178.660958	0.008583	9.3
719	-0.121777	178.530199	0.002925	8.4
720	-0.269744	178.399694	0.002749	9.1
721	-0.032083	178.269444	0.000608	9.7
722	-1.191573	178.139447	0.006895	10.6
723	-0.860915	178.009702	0.004568	8.9
724	-1.047841	177.880209	0.005101	8.8
725	-0.302506	177.750967	0.003317	9.6
726	-1.169694	177.621975	0.005864	9.1
727	-1.060849	177.493232	0.013741	8.6
728	-1.277178	177.364738	0.009249	9.9
729	-1.040722	177.236492	0.005616	9.1
730	-0.967426	177.108492	0.006824	8.7
731	-1.153158	176.980739	0.007336	9.0
732	-1.050595	176.853231	0.005732	10.3
733	-0.394651	176.725968	0.003041	8.3
734	-0.530054	176.598949	0.002580	9.3
735	-1.153223	176.472173	0.009067	8.8
736	-0.046901	176.345639	0.001578	9.2
737	-1.060997	176.219348	0.006663	10.1
738	-1.024800	176.093296	0.004607	8.7
739	-0.142666	175.967486	0.002962	9.1
740	-0.073113	175.841914	0.003384	9.1
741	-0.070579	175.716581	0.001569	9.3
742	-0.486366	175.591486	0.003151	9.5
743	-1.082111	175.466629	0.005347	9.1
744	-0.526395	175.342008	0.006646	8.9
745	-0.779501	175.217622	0.005364	9.6
746	-0.112188	175.093472	0.002930	8.4
747	-1.075491	174.969556	0.005349	8.8
748	-1.082380	174.845873	0.004604	9.0
749	-0.033406	174.722423	0.000435	9.1
750	-0.625501	174.599206	0.004765	9.8
751	-1.013953	174.476220	0.004229	9.5
752	-0.890994	174.353464	0.006699	9.8
753	-1.107480	174.230939	0.006744	9.8
754	-1.027091	174.108643	0.004649	9.1
755	-0.142999	173.986576	0.001580	8.4
756	-1.130254	173.864737	0.005568	9.0
757	-0.000000	173.743124	0.000000	10.0
758	-1.139819	173.621739	0.005829	9.3
759	-0.017313	173.500579	0.000772	9.6
760	-1.034202	173.379645	0.006198	8.7
761	-0.963828	173.258935	0.010413	9.7
762	-0.000000	173.138449	0.000000	8.9
763	-0.808881	173.018186	0.006874	9.6
764	-0.256176	172.898146	0.002315	8.5
765	-0.189689	172.778327	0.003072	9.1
766	-0.771081	172.658730	0.003889	9.1
767	-1.051526	172.539353	0.006299	9.7
768	-0.640279	172.420196	0.004948	9.7
769	-1.304162	172.301258	0.008253	11.0
770	-0.767050	172.182539	0.005785	8.7
771	-1.162763	172.064037	0.006520	8.4
772	-1.253289	171.945753	0.007304	9.4
773	-0.000817	171.827686	0.000476	7.6
774	-0.150960	171.709834	0.002616	9.5
775	-0.000000	171.592198	0.000000	9.6
776	-0.129249	171.474776	0.002778	8.9
777	-0.018069	171.357568	0.000662	10.1
778	-0.142152	171.240574	0.001345	8.8
779	-0.434050	171.123793	0.003317	10.5
780	-1.061024	171.007223	0.011489	8.8
781	-0.000000	170.890865	0.000000	7.7
782	-0.519508	170.774718	0.003004	9.7
783	-0.995330	170.658782	0.007247	14.4
784	-0.272195	170.543055	0.003234	9.1
785	-1.022857	170.427537	0.006956	8.4
786	-1.103746	170.312227	0.007362	8.3
787	-0.184061	170.197125	0.002078	8.5
788	-0.583027	170.082231	0.004043	8.0
789	-0.173799	169.967543	0.002964	8.6
790	-0.602899	169.853061	0.005156	9.3
791	-1.300634	169.738784	0.007268	8.6
792	-0.973970	169.624713	0.005004	9.6
793	-0.164015	169.510845	0.002158	13.5
794	-0.783529	169.397181	0.004816	9.3
795	-0.172868	169.283720	0.001893	8.9
796	-0.758211	169.170462	0.004326	11.1
797	-0.950666	169.057405	0.007075	9.2
798	-0.998929	168.944549	0.007100	9.3
799	-1.054304	168.831895	0.006434	8.4
800	-0.987692	168.719440	0.004490	9.5
801	-0.874990	168.607185	0.007306	10.9
802	-1.077313	168.495129	0.006860	8.3
803	-1.060277	168.383271	0.005309	9.1
804	-0.166341	168.271611	0.002121	8.5
805	-0.931969	168.160148	0.005542	8.7
806	-0.572321	168.048882	0.004563	8.8
807	-1.074267	167.937812	0.006666	8.6
808	-1.107816	167.826938	0.011427	8.9
809	-0.946745	167.716258	0.004381	9.1
810	-1.037780	167.605773	0.006123	8.9
811	-0.010284	167.495482	0.000362	8.8
812	-1.138128	167.385384	0.006403	8.4
813	-0.484043	167.275479	0.003106	8.4
814	-0.498800	167.165766	0.002716	9.1
815	-1.042302	167.056245	0.007148	9.1
816	-0.134625	166.946915	0.003053	8.0
817	-0.993590	166.837776	0.004778	9.0
818	-1.206395	166.728826	0.006646	8.2
819	-0.000000	166.620067	0.000001	8.8
820	-0.694060	166.511496	0.004272	9.5
821	-0.811260	166.403113	0.004795	9.2
822	-0.151174	166.294919	0.006153	9.8
823	-0.872844	166.186912	0.008195	13.8
824	-1.049841	166.079091	0.005847	8.0
825	-0.783360	165.971458	0.004276	9.0
826	-0.249753	165.864009	0.005716	8.7
827	-1.231151	165.756747	0.010156	8.6
828	-1.147868	165.649669	0.011148	8.4
829	-0.838790	165.542775	0.003952	8.9
830	-0.530225	165.436065	0.003108	8.6
831	-0.758359	165.329538	0.004778	14.6
832	-1.120716	165.223194	0.005518	8.9
833	-0.299888	165.117032	0.003156	8.5
834	-1.180205	165.011052	0.006554	9.0
835	-0.000000	164.905253	0.000000	9.3
836	-0.454654	164.799635	0.004163	10.0
837	-1.123405	164.694197	0.007153	11.1
838	-0.788668	164.588939	0.006029	9.2
839	-1.054129	164.483859	0.006058	8.9
840	-0.313512	164.378959	0.004665	8.6
841	-0.032392	164.274237	0.001012	9.6
842	-1.110865	164.169692	0.006365	17.4
843	-0.289228	164.065325	0.004417	7.2
844	-1.195833	163.961135	0.007591	9.2
845	-1.042686	163.857120	0.008140	10.5
846	-0.003440	163.753282	0.000337	9.5
847	-0.238150	163.649619	0.001965	9.7
848	-1.153387	163.546130	0.006090	8.5
849	-0.037335	163.442816	0.001187	9.2
850	-0.833992	163.339676	0.005363	8.8
851	-1.188553	163.236709	0.011339	9.5
852	-0.204489	163.133915	0.002164	9.0
853	-0.057310	163.031294	0.001713	8.0
854	-0.792012	162.928844	0.004594	8.8
855	-0.000000	162.826566	0.000000	9.5
856	-0.452778	162.724459	0.003235	8.2
857	-1.262086	162.622523	0.009770	8.8
858	-0.171700	162.520757	0.002738	13.3
859	-1.111782	162.419160	0.005713	9.2
860	-0.023943	162.317733	0.000381	9.3
861	-0.000348	162.216474	0.000182	9.4
862	-0.052431	162.115383	0.000686	8.5
863	-0.806794	162.014461	0.007479	9.6
864	-0.000000	161.913705	0.000000	9.8
865	-0.804366	161.813117	0.008604	9.4
866	-0.042314	161.712695	0.002188	8.2
867	-0.103744	161.612439	0.001818	8.8
868	-0.013652	161.512349	0.001428	9.0
869	-1.119204	161.412424	0.005077	9.5
870	-0.687473	161.312663	0.005964	9.2
871	-1.089621	161.213067	0.005993	8.4
872	-1.022795	161.113635	0.005144	8.5
873	-0.949504	161.014366	0.003839	8.0
874	-0.281665	160.915260	0.001925	9.7
875	-1.105035	160.816316	0.006552	9.8
876	-0.081922	160.717535	0.000538	9.0
877	-0.702036	160.618915	0.007115	9.6
878	-0.875608	160.520456	0.005099	9.4
879	-0.092075	160.422158	0.002402	8.7
880	-0.116893	160.324021	0.002726	8.5
881	-0.972618	160.226043	0.006865	10.2
882	-0.189314	160.128225	0.001592	9.1
883	-0.965043	160.030566	0.005845	8.8
884	-0.238098	159.933066	0.003714	8.4
885	-0.044998	159.835723	0.001635	9.2
886	-1.225862	159.738539	0.006431	9.8
887	-1.121544	159.641512	0.006586	8.7
888	-0.938494	159.544642	0.003997	11.1
889	-1.083126	159.447929	0.004869	8.4
890	-0.871312	159.351372	0.005396	8.7
891	-1.059552	159.254971	0.013662	8.6
892	-0.945015	159.158725	0.007457	8.3
893	-0.412887	159.062634	0.003291	9.1
894	-0.459553	158.966697	0.003701	9.6
895	-0.075761	158.870915	0.000742	8.5
896	-0.282973	158.775286	0.003625	9.1
897	-0.000036	158.679811	0.000037	10.9
898	-0.829426	158.584489	0.004225	8.3
899	-0.000000	158.489319	0.000000	8.8
900	-0.495737	158.394302	0.003720	10.8
901	-1.099763	158.299436	0.014535	8.9
902	-1.172478	158.204721	0.005512	9.3
903	-1.061489	158.110158	0.005772	9.8
904	-0.976554	158.015745	0.004985	9.5
905	-0.180155	157.921482	0.005027	9.1
906	-1.144665	157.827369	0.007925	8.6
907	-1.000399	157.733406	0.006479	9.7
908	-1.076701	157.639591	0.006210	8.4
909	-0.317307	157.545925	0.004588	7.7
910	-0.000671	157.452408	0.000072	8.9
911	-0.963884	157.359038	0.004781	8.5
912	-1.275675	157.265816	0.008580	9.1
913	-0.260545	157.172741	0.002252	8.1
914	-0.082013	157.079813	0.002131	9.6
915	-0.021731	156.987031	0.001145	9.8
916	-1.061254	156.894395	0.012230	8.9
917	-0.000000	156.801904	0.000000	8.1
918	-0.205714	156.709559	0.002847	7.6
919	-0.028393	156.617359	0.000955	8.9
920	-1.137895	156.525304	0.007739	8.7
921	-1.157847	156.433392	0.004959	8.7
922	-0.891928	156.341624	0.005654	8.9
923	-1.177150	156.250000	0.006448	8.8
924	-0.074118	156.158519	0.002570	9.6
925	-0.672065	156.067180	0.004191	9.5
926	-1.171153	155.975984	0.004575	9.3
927	-0.270098	155.884930	0.003186	8.4
928	-0.462813	155.794017	0.003381	9.1
929	-0.877590	155.703246	0.007382	9.7
930	-0.723181	155.612615	0.005721	8.9
931	-1.033050	155.522125	0.007305	8.3
932	-0.555555	155.431775	0.003830	9.0
933	-1.122792	155.341565	0.007400	8.0
934	-0.693082	155.251495	0.005228	8.8
935	-0.461243	155.161563	0.002206	7.9
936	-1.143583	155.071771	0.004833	7.7
937	-0.056936	154.982117	0.002494	8.9
938	-0.085774	154.892601	0.002021	9.3
939	-1.233609	154.803222	0.006537	9.1
940	-1.048963	154.713981	0.004921	9.8
941	-1.096854	154.624878	0.006048	8.5
942	-0.607459	154.535910	0.002583	17.3
943	-1.046053	154.447080	0.006219	9.4
944	-1.118291	154.358385	0.007238	9.7
945	-0.298967	154.269826	0.003526	10.0
946	-0.979305	154.181402	0.006684	8.9
947	-0.066732	154.093114	0.001284	8.7
948	-0.000000	154.004960	0.000000	11.3
949	-0.518823	153.916940	0.004657	8.1
950	-0.196333	153.829054	0.003806	8.6
951	-0.016202	153.741303	0.000201	9.4
952	-0.512341	153.653684	0.004783	9.1
953	-1.079092	153.566198	0.005526	9.0
954	-1.247218	153.478846	0.007656	9.8
955	-1.153434	153.391625	0.006582	10.3
956	-1.111768	153.304537	0.007800	9.4
957	-0.773848	153.217580	0.005252	10.1
958	-1.142935	153.130755	0.007825	8.5
959	-0.246414	153.044061	0.001990	7.6
960	-0.354756	152.957498	0.003663	9.4
961	-0.167552	152.871065	0.002249	13.2
962	-0.193143	152.784762	0.002413	7.9
963	-1.207726	152.698589	0.006070	8.9
964	-1.181864	152.612545	0.004929	8.9
965	-0.972847	152.526631	0.008689	9.7
966	-0.953702	152.440845	0.010645	8.7
967	-0.656765	152.355188	0.005670	9.2
968	-1.067088	152.269660	0.006182	9.0
969	-1.031180	152.184259	0.007685	8.1
970	-0.352150	152.098986	0.004084	8.9
971	-0.676423	152.013840	0.005110	7.9
972	-0.015216	151.928821	0.000613	9.6
973	-0.981604	151.843928	0.011525	10.0
974	-0.918837	151.759163	0.008328	8.2
975	-0.121762	151.674523	0.001954	9.3
976	-1.184100	151.590009	0.006386	8.1
977	-0.487500	151.505620	0.004025	9.1
978	-0.891121	151.421357	0.006282	8.5
979	-0.447093	151.337218	0.004934	9.6
980	-1.194169	151.253204	0.006038	9.6
981	-1.036454	151.169314	0.006500	10.2
982	-1.076215	151.085549	0.008067	8.7
983	-0.196948	151.001907	0.003374	10.0
984	-0.707318	150.918388	0.004973	9.3
985	-1.057823	150.834992	0.007057	9.4
986	-0.412956	150.751719	0.002682	8.5
987	-0.755032	150.668569	0.004171	9.8
988	-0.915984	150.585541	0.009196	8.4
989	-0.013085	150.502634	0.000545	9.0
990	-0.000000	150.419849	0.000000	9.7
991	-1.058828	150.337186	0.005522	8.0
992	-1.208605	150.254644	0.008265	8.2
993	-0.036019	150.172222	0.003729	7.7
994	-0.343901	150.089921	0.004362	9.5
995	-0.087602	150.007740	0.000955	10.0
996	-0.970061	149.925679	0.003773	9.2
997	-0.835497	149.843737	0.004933	9.8
998	-0.085416	149.761915	0.002256	8.4
999	-0.825234	149.680212	0.006914	9.0
1000	-0.000000	149.598627	0.000000	9.8
1001	-0.766857	149.517161	0.006220	10.0
1002	-0.263380	149.435814	0.002938	9.1
1003	-0.626323	149.354584	0.004566	10.0
1004	-0.052501	149.273472	0.002794	9.1
1005	-1.139333	149.192477	0.005315	8.8
1006	-0.300467	149.111599	0.002009	8.3
1007	-0.146389	149.030838	0.002643	9.2
1008	-0.000000	148.950194	0.000000	9.2
1009	-0.267140	148.869666	0.002135	11.3
1010	-0.000000	148.789253	0.000000	8.2
1011	-1.185421	148.708957	0.007628	10.4
1012	-0.663568	148.628776	0.003015	8.6
1013	-0.833605	148.548710	0.005515	8.1
1014	-0.846048	148.468759	0.004571	8.0
1015	-0.000000	148.388923	0.000000	8.5
1016	-1.318907	148.309201	0.008269	8.5
1017	-0.664941	148.229594	0.006145	9.7
1018	-0.754542	148.150100	0.004605	9.3
1019	-0.152012	148.070719	0.003556	9.1
1020	-0.801014	147.991452	0.006183	9.6
1021	-0.000000	147.912298	0.000000	9.8
1022	-0.819150	147.833257	0.005550	10.0
1023	-0.031032	147.754329	0.001157	8.1
1024	-0.111100	147.675512	0.001620	7.8
1025	-0.865020	147.596808	0.006161	10.0
1026	-0.037483	147.518216	0.001748	7.4
1027	-0.000000	147.439735	0.000000	9.4
1028	-1.013680	147.361365	0.004303	9.0
1029	-0.026197	147.283106	0.000923	9.2
1030	-0.004514	147.204958	0.000431	9.0
1031	-1.019375	147.126920	0.005868	9.8
1032	-0.138613	147.048993	0.002578	9.5
1033	-1.052631	146.971175	0.008256	8.6
1034	-1.070661	146.893468	0.004272	9.7
1035	-0.030270	146.815869	0.001270	8.4
1036	-0.599313	146.738380	0.004530	9.0
1037	-0.484818	146.661000	0.003631	9.9
1038	-1.169936	146.583729	0.006452	9.1
1039	-0.907332	146.506566	0.006573	9.2
1040	-0.000000	146.429511	0.000000	9.2
1041	-1.007005	146.352565	0.005561	8.6
1042	-0.922869	146.275726	0.006239	8.2
1043	-1.119509	146.198994	0.005801	7.9
1044	-1.220085	146.122370	0.007812	9.3
1045	-1.220336	146.045853	0.006822	9.9
1046	-0.844166	145.969442	0.006679	10.1
1047	-0.305084	145.893139	0.004171	8.5
1048	-1.087740	145.816941	0.005135	8.0
1049	-0.903380	145.740849	0.006100	9.4
1050	-0.127946	145.664863	0.001602	10.0
1051	-0.347882	145.588983	0.003278	9.3
1052	-1.045048	145.513208	0.006831	9.1
1053	-1.084264	145.437538	0.009586	9.3
1054	-0.213329	145.361973	0.001917	9.4
1055	-0.286044	145.286513	0.003931	9.0
1056	-0.991199	145.211157	0.004717	8.5
1057	-0.851840	145.135905	0.008094	9.3
1058	-0.654629	145.060757	0.002828	8.7
1059	-0.420818	144.985712	0.002150	8.7
1060	-0.157074	144.910771	0.002667	9.4
1061	-0.367709	144.835934	0.002349	9.8
1062	-0.832722	144.761199	0.006018	9.7
1063	-1.146650	144.686567	0.005950	9.7
1064	-0.903704	144.612037	0.005560	8.4
1065	-0.000000	144.537610	0.000000	8.2
1066	-0.000000	144.463285	0.000000	8.6
1067	-0.915729	144.389062	0.003774	9.2
1068	-0.854408	144.314940	0.006773	8.8
1069	-0.000000	144.240920	0.000000	11.2
1070	-0.631389	144.167001	0.004373	8.7
1071	-0.862027	144.093182	0.003500	10.6
1072	-0.369676	144.019465	0.005072	9.3
1073	-1.081889	143.945848	0.005847	8.5
1074	-0.436903	143.872331	0.003436	15.1
1075	-1.026708	143.798914	0.005377	16.7
1076	-1.249185	143.725597	0.006501	9.5
1077	-0.979172	143.652380	0.005584	8.6
1078	-1.061459	143.579262	0.005916	10.6
1079	-1.039580	143.506243	0.004790	9.3
1080	-1.022849	143.433323	0.005315	9.5
1081	-0.473363	143.360502	0.004429	8.5
1082	-1.045619	143.287780	0.006742	13.9
1083	-1.227272	143.215155	0.009379	7.9
1084	-0.921324	143.142629	0.007846	14.3
1085	-1.164314	143.070201	0.005499	15.7
1086	-1.115678	142.997870	0.006561	15.5
1087	-0.621824	142.925637	0.003048	11.2
1088	-1.001263	142.853501	0.006154	15.0
1089	-0.974344	142.781462	0.006806	11.6
1090	-1.072793	142.709519	0.005354	10.8
1091	-0.880554	142.637674	0.004008	16.9
1092	-1.013705	142.565924	0.006896	14.9
1093	-0.616934	142.494271	0.005130	20.3
1094	-1.077143	142.422714	0.005125	18.9
1095	-1.260605	142.351252	0.007660	15.1
1096	-0.000000	142.279886	0.000000	18.2
1097	-0.354890	142.208616	0.003527	10.6
1098	-0.527737	142.137440	0.003991	12.5
1099	-0.785763	142.066360	0.007543	15.4
1100	-0.669352	141.995374	0.005367	9.7
1101	-0.849677	141.924483	0.003424	11.8
1102	-1.057424	141.853685	0.006993	8.6
1103	-1.274388	141.782983	0.005967	9.4
1104	-0.193994	141.712373	0.003138	8.5
1105	-1.054351	141.641858	0.005209	8.8
1106	-0.216404	141.571436	0.001778	10.0
1107	-0.015241	141.501108	0.000776	9.5
1108	-0.477387	141.430872	0.005225	9.1
1109	-0.961819	141.360730	0.008106	9.0
1110	-0.290357	141.290680	0.002795	10.1
1111	-0.379652	141.220722	0.004045	12.7
1112	-1.037433	141.150857	0.007287	10.1
1113	-0.000000	141.081084	0.000000	8.3
1114	-0.790805	141.011403	0.005138	9.5
1115	-0.835816	140.941813	0.007233	10.0
1116	-0.449832	140.872315	0.003464	17.5
1117	-1.198619	140.802909	0.005578	27.0
1118	-0.832535	140.733593	0.006911	14.8
1119	-0.000000	140.664369	0.000000	17.9
1120	-1.034990	140.595235	0.007002	16.9
1121	-0.000000	140.526192	0.000000	12.0
1122	-1.147647	140.457239	0.006945	11.1
1123	-0.310095	140.388376	0.002057	18.3
1124	-0.829451	140.319603	0.009076	20.2
1125	-0.004725	140.250920	0.000316	15.7
1126	-1.087257	140.182326	0.005572	14.1
1127	-0.923062	140.113822	0.005753	16.8
1128	-0.504440	140.045407	0.004443	16.4
1129	-0.162242	139.977081	0.001817	15.5
1130	-0.570128	139.908844	0.002498	14.7
1131	-0.566026	139.840696	0.004762	8.3
1132	-1.115282	139.772635	0.006552	11.7
1133	-0.124802	139.704664	0.000868	12.6
1134	-0.000000	139.636780	0.000000	16.2
1135	-0.884183	139.568984	0.008148	24.1
1136	-0.026336	139.501276	0.001044	13.2
1137	-1.198533	139.433655	0.008797	14.4
1138	-0.991491	139.366122	0.005456	17.5
1139	-1.188773	139.298676	0.007802	9.3
1140	-0.832760	139.231317	0.007862	11.6
1141	-1.105734	139.164045	0.007158	14.8
1142	-1.054955	139.096859	0.009593	15.4
1143	-1.233253	139.029760	0.007436	15.8
1144	-0.580763	138.962747	0.003551	15.3
1145	-1.159544	138.895820	0.007174	18.1
1146	-0.599558	138.828978	0.004917	16.3
1147	-0.496303	138.762223	0.003240	13.1
1148	-0.049897	138.695553	0.001097	11.5
1149	-0.313731	138.628969	0.003179	12.5
1150	-1.071791	138.562469	0.006468	11.6
1151	-0.000000	138.496055	0.000000	10.7
1152	-1.137971	138.429725	0.007799	15.1
1153	-1.000728	138.363481	0.006654	11.5
1154	-0.000000	138.297320	0.000000	8.4
1155	-0.511799	138.231244	0.004026	9.5
1156	-0.848228	138.165252	0.004409	15.5
1157	-1.210009	138.099344	0.005593	24.4
1158	-0.000000	138.033520	0.000000	17.0
1159	-1.208126	137.967779	0.005700	14.0
1160	-0.709673	137.902122	0.003549	15.1
1161	-0.290842	137.836548	0.005131	8.1
1162	-0.000000	137.771057	0.000000	9.0
1163	-1.094536	137.705649	0.012178	12.5
1164	-1.121848	137.640324	0.007231	13.9
1165	-0.968516	137.575081	0.008008	15.1
1166	-1.151297	137.509921	0.006796	16.3
1167	-0.207778	137.444842	0.002588	15.0
1168	-1.117272	137.379846	0.006578	16.9
1169	-1.126896	137.314932	0.005008	12.1
1170	-1.028091	137.250100	0.010066	8.9
1171	-0.000000	137.185349	0.000000	10.0
1172	-0.862221	137.120680	0.007273	10.7
1173	-0.249502	137.056092	0.002137	8.2
1174	-0.851790	136.991585	0.005795	16.5
1175	-0.172575	136.927158	0.003767	16.1
1176	-0.047658	136.862813	0.001786	12.4
1177	-0.012902	136.798548	0.000962	14.5
1178	-1.149279	136.734363	0.006582	8.6
1179	-0.000000	136.670259	0.000000	19.4
1180	-1.168879	136.606235	0.005465	15.6
1181	-0.926897	136.542291	0.007316	9.7
1182	-0.991636	136.478426	0.005974	20.9
1183	-1.122208	136.414641	0.006116	22.6
1184	-0.869488	136.350936	0.003581	14.1
1185	-0.485416	136.287310	0.003494	34.5
1186	-0.993905	136.223763	0.007674	13.7
1187	-0.836113	136.160295	0.004591	25.4
1188	-1.209489	136.096905	0.006567	12.0
1189	-1.008626	136.033594	0.005375	17.7
1190	-1.263853	135.970362	0.008262	18.5
1191	-1.118385	135.907208	0.004949	12.0
1192	-0.409985	135.844133	0.003745	11.7
1193	-0.988173	135.781135	0.005143	14.5
1194	-0.511098	135.718215	0.003533	21.6
1195	-0.000000	135.655373	0.000000	17.6
1196	-0.380308	135.592608	0.003194	13.6
1197	-0.834457	135.529921	0.004987	13.8
1198	-0.435457	135.467311	0.002562	18.6
1199	-1.000854	135.404778	0.006528	14.6
1200	-0.304411	135.342322	0.004057	10.2
1201	-0.000000	135.279942	0.000000	18.7
1202	-0.005512	135.217640	0.000464	12.3
1203	-0.558980	135.155413	0.005529	11.8
1204	-0.553944	135.093263	0.003591	10.7
1205	-0.322832	135.031190	0.002492	14.5
1206	-0.256285	134.969192	0.003329	9.6
1207	-0.129259	134.907270	0.002408	8.4
1208	-0.676204	134.845424	0.004626	9.2
1209	-0.553779	134.783653	0.004465	8.7
1210	-0.000099	134.721958	0.000109	9.5
1211	-0.322227	134.660338	0.002820	8.6
1212	-0.113365	134.598793	0.003437	10.0
1213	-0.848216	134.537323	0.005037	9.8
1214	-0.422870	134.475927	0.003511	9.3
1215	-1.098809	134.414607	0.005707	9.3
1216	-1.170898	134.353361	0.005351	8.2
1217	-0.895913	134.292189	0.003347	8.4
1218	-0.778241	134.231092	0.003804	9.4
1219	-0.001314	134.170068	0.000621	8.7
1220	-0.264677	134.109119	0.002763	7.9
1221	-0.530870	134.048243	0.004826	8.7
1222	-0.805806	133.987441	0.006550	9.5
1223	-0.000000	133.926713	0.000000	10.6
1224	-0.846394	133.866057	0.006082	9.0
1225	-0.947948	133.805475	0.005709	9.1
1226	-0.000000	133.744966	0.000000	9.2
1227	-1.047033	133.684530	0.004180	9.0
1228	-0.307190	133.624167	0.003336	8.3
1229	-1.124144	133.563877	0.007925	9.9
1230	-0.983741	133.503658	0.004680	8.4
1231	-1.111572	133.443513	0.006423	9.4
1232	-0.362837	133.383439	0.002337	14.5
1233	-0.221430	133.323437	0.002373	8.1
1234	-0.928296	133.263508	0.007368	11.9
1235	-0.681958	133.203650	0.004834	12.9
1236	-0.759563	133.143864	0.006806	14.9
1237	-1.046732	133.084149	0.006859	10.7
1238	-0.147478	133.024506	0.002089	8.0
1239	-0.865867	132.964934	0.005339	8.9
1240	-0.865851	132.905433	0.009151	12.0
1241	-0.903133	132.846003	0.007415	9.5
1242	-0.250139	132.786643	0.001676	8.4
1243	-0.204731	132.727355	0.001818	8.8
1244	-1.116309	132.668137	0.005751	9.0
1245	-0.112117	132.608989	0.000695	9.4
1246	-0.809183	132.549912	0.007001	8.6
1247	-1.176295	132.490904	0.007237	8.6
1248	-0.604932	132.431967	0.002947	8.9
1249	-0.203430	132.373100	0.002811	8.7
1250	-0.542932	132.314302	0.004197	9.9
1251	-0.898773	132.255574	0.008080	9.1
1252	-1.218128	132.196916	0.008613	10.1
1253	-0.000000	132.138326	0.000000	10.0
1254	-0.000000	132.079806	0.000000	8.0
1255	-0.108414	132.021355	0.002358	9.2
1256	-1.178780	131.962973	0.005669	7.9
1257	-1.018910	131.904660	0.007297	7.8
1258	-0.322298	131.846415	0.003223	9.4
1259	-1.214092	131.788239	0.006783	10.8
1260	-0.869654	131.730131	0.006747	8.5
1261	-1.126330	131.672092	0.005828	10.0
1262	-0.314093	131.614121	0.001650	8.3
1263	-0.227806	131.556217	0.003828	8.7
1264	-1.217855	131.498382	0.006154	8.1
1265	-1.108296	131.440614	0.016479	10.1
1266	-0.032915	131.382914	0.002221	8.8
1267	-0.000000	131.325282	0.000000	8.4
1268	-0.000000	131.267717	0.000000	8.9
1269	-1.023431	131.210219	0.004799	8.4
1270	-0.765509	131.152788	0.007643	10.6
1271	-0.225561	131.095424	0.001964	10.0
1272	-0.009761	131.038127	0.000505	9.1
1273	-0.683215	130.980897	0.003790	8.0
1274	-1.154357	130.923733	0.005925	8.4
1275	-0.805354	130.866636	0.006334	9.3
1276	-1.109558	130.809605	0.006459	9.3
1277	-0.980753	130.752641	0.004741	10.3
1278	-0.483927	130.695742	0.003223	8.3
1279	-1.020407	130.638910	0.006137	9.5
1280	-1.058357	130.582143	0.006206	10.0
1281	-0.152301	130.525442	0.002409	10.2
1282	-0.539736	130.468807	0.005073	9.1
1283	-1.162076	130.412237	0.006082	11.6
1284	-0.391594	130.355733	0.004005	15.4
1285	-0.417210	130.299294	0.002255	14.1
1286	-1.122820	130.242920	0.006363	15.1
1287	-0.677536	130.186611	0.004532	15.8
1288	-1.229925	130.130366	0.006813	15.6
1289	-0.028698	130.074187	0.000709	14.2
1290	-0.534598	130.018072	0.004552	15.1
1291	-0.009450	129.962022	0.000811	14.3
1292	-1.117513	129.906036	0.006867	11.2
1293	-0.269885	129.850114	0.005960	10.4
1294	-0.277910	129.794257	0.002548	13.5
1295	-0.969153	129.738463	0.005795	14.3
1296	-0.994035	129.682734	0.008398	15.6
1297	-1.142189	129.627068	0.009787	22.7
1298	-0.931187	129.571466	0.005132	14.4
1299	-0.624776	129.515927	0.005478	15.2
1300	-0.073809	129.460452	0.001936	11.2
1301	-0.704072	129.405040	0.004060	21.3
1302	-0.900897	129.349692	0.004825	7.4
1303	-0.204661	129.294406	0.002633	10.1
1304	-0.456962	129.239183	0.003657	9.0
1305	-0.000000	129.184024	0.000000	12.0
1306	-0.941207	129.128927	0.004989	16.3
1307	-0.500581	129.073892	0.003803	15.6
1308	-0.657387	129.018921	0.007130	12.1
1309	-0.000000	128.964011	0.000000	15.9
1310	-0.316440	128.909164	0.004479	15.9
1311	-0.672750	128.854379	0.005056	21.4
1312	-0.223651	128.799656	0.001294	16.1
1313	-0.990891	128.744995	0.013440	18.5
1314	-0.278241	128.690396	0.002214	16.5
1315	-0.017277	128.635858	0.002500	16.7
1316	-0.591724	128.581382	0.004060	12.5
1317	-0.884216	128.526968	0.006462	11.0
1318	-0.424189	128.472615	0.003147	11.5
1319	-0.772269	128.418323	0.007257	16.7
1320	-0.907999	128.364092	0.006766	20.3
1321	-0.568991	128.309922	0.004700	13.8
1322	-0.601555	128.255814	0.003149	11.8
1323	-0.080440	128.201766	0.001040	17.3
1324	-0.791214	128.147778	0.004535	22.0
1325	-0.954648	128.093852	0.004243	14.6
1326	-0.180819	128.039985	0.002812	9.0
1327	-0.929959	127.986180	0.006650	10.3
1328	-1.066085	127.932434	0.007722	16.8
1329	-0.265669	127.878749	0.001922	17.5
1330	-0.531401	127.825123	0.003979	15.8
1331	-0.129221	127.771558	0.001357	20.2
1332	-0.753913	127.718052	0.006978	15.3
1333	-0.968062	127.664606	0.005462	15.3
1334	-0.000000	127.611220	0.000000	18.6
1335	-0.568088	127.557893	0.004516	15.6
1336	-0.830354	127.504625	0.003970	14.6
1337	-0.000000	127.451417	0.000000	13.6
1338	-1.057199	127.398268	0.009990	9.7
1339	-0.050167	127.345178	0.001205	16.0
1340	-0.269836	127.292147	0.001655	14.4
1341	-1.189089	127.239175	0.005579	16.0
1342	-0.858084	127.186261	0.007559	14.0
1343	-0.900124	127.133407	0.005160	11.7
1344	-1.180628	127.080610	0.006590	13.4
1345	-0.752880	127.027872	0.004981	12.9
1346	-1.241944	126.975193	0.006982	16.0
1347	-0.260892	126.922572	0.004263	15.0
1348	-1.150133	126.870008	0.006776	12.4
1349	-1.085682	126.817503	0.005640	23.8
1350	-0.438934	126.765056	0.002112	21.2
1351	-0.271906	126.712667	0.002226	16.7
1352	-0.169327	126.660335	0.003011	12.5
1353	-0.505885	126.608061	0.003654	8.3
1354	-0.736850	126.555844	0.004650	8.9
1355	-0.774995	126.503685	0.005138	11.8
1356	-0.887083	126.451583	0.007291	8.6
1357	-0.790282	126.399538	0.005278	9.6
1358	-0.477369	126.347550	0.003135	15.9
1359	-0.841909	126.295619	0.004796	14.8
1360	-0.719934	126.243745	0.005161	23.1
1361	-0.618150	126.191928	0.006643	15.4
1362	-1.097573	126.140168	0.006032	8.7
1363	-1.149301	126.088464	0.007702	11.5
1364	-1.031669	126.036817	0.009858	9.5
1365	-1.129102	125.985226	0.006032	14.2
1366	-1.232892	125.933691	0.010715	15.2
1367	-0.000000	125.882212	0.000000	18.6
1368	-1.043471	125.830790	0.007029	15.0
1369	-0.000000	125.779423	0.000000	15.5
1370	-1.216001	125.728113	0.007857	16.3
1371	-1.273679	125.676858	0.008557	16.8
1372	-0.317290	125.625659	0.003269	11.9
1373	-0.929207	125.574515	0.004263	13.7
1374	-0.804998	125.523427	0.005095	17.3
1375	-0.830367	125.472394	0.004105	10.5
1376	-0.308058	125.421417	0.003015	15.3
1377	-0.117541	125.370495	0.002638	11.7
1378	-0.434170	125.319628	0.004371	9.9
1379	-1.238799	125.268815	0.009837	9.3
1380	-0.182890	125.218058	0.002107	13.3
1381	-0.669737	125.167356	0.003383	9.0
1382	-1.008394	125.116708	0.007262	10.9
1383	-0.000220	125.066115	0.000226	17.3
1384	-0.004398	125.015576	0.000519	13.6
1385	-0.549742	124.965092	0.004789	13.3
1386	-0.985316	124.914662	0.004746	12.8
1387	-1.175221	124.864287	0.009153	10.8
1388	-1.077593	124.813965	0.006397	12.1
1389	-0.222665	124.763698	0.004647	15.6
1390	-0.563047	124.713485	0.005758	15.9
1391	-0.904364	124.663325	0.006184	17.3
1392	-0.353199	124.613219	0.002712	13.7
1393	-0.000000	124.563167	0.000000	11.9
1394	-1.153942	124.513168	0.005990	12.6
1395	-0.407808	124.463223	0.002899	13.0
1396	-0.712578	124.413332	0.004907	11.6
1397	-0.163210	124.363493	0.001983	13.9
1398	-0.596768	124.313708	0.003316	13.3
1399	-0.847389	124.263976	0.003708	17.8
1400	-0.370020	124.214297	0.002276	13.2
1401	-0.655077	124.164671	0.004783	13.5
1402	-0.747554	124.115097	0.007958	13.9
1403	-1.075747	124.065577	0.008861	15.0
1404	-0.635834	124.016109	0.004283	13.2
1405	-0.016839	123.966693	0.000850	14.0
1406	-0.929161	123.917330	0.005659	9.7
1407	-1.122839	123.868020	0.004367	9.5
1408	-0.054379	123.818762	0.002388	9.7
1409	-0.004289	123.769556	0.000002	8.5
1410	-0.395537	123.720402	0.003125	10.4
1411	-0.043503	123.671300	0.001676	9.8
1412	-1.183859	123.622250	0.006168	7.9
1413	-0.629071	123.573252	0.004329	7.7
1414	-1.158988	123.524305	0.005853	12.7
1415	-0.393867	123.475411	0.002002	8.6
1416	-0.937383	123.426568	0.005486	9.4
1417	-1.199620	123.377776	0.007228	20.9
1418	-0.228716	123.329036	0.003006	8.8
1419	-0.000000	123.280347	0.000000	11.7
1420	-0.056333	123.231709	0.003801	9.6
1421	-0.787545	123.183122	0.005842	9.0
1422	-0.929024	123.134587	0.004963	10.8
1423	-0.916136	123.086102	0.005094	9.1
1424	-0.934090	123.037669	0.005731	9.2
1425	-1.242594	122.989286	0.006977	10.2
1426	-0.000000	122.940954	0.000000	9.3
1427	-0.017941	122.892672	0.001102	8.7
1428	-0.714235	122.844441	0.004652	9.2
1429	-1.197952	122.796261	0.004670	8.7
1430	-0.797021	122.748130	0.006369	8.9
1431	-1.184744	122.700050	0.008048	12.0
1432	-0.711445	122.652021	0.003566	9.2
1433	-1.079652	122.604041	0.004695	9.3
1434	-1.069670	122.556111	0.006224	8.9
1435	-0.992035	122.508232	0.005625	8.1
1436	-0.000000	122.460402	0.000000	7.2
1437	-0.000000	122.412622	0.000000	11.6
1438	-1.016552	122.364891	0.004267	11.0
1439	-1.129223	122.317210	0.013522	9.2
1440	-0.964801	122.269579	0.010743	8.9
1441	-0.887513	122.221997	0.004600	8.1
1442	-1.142325	122.174465	0.007913	9.0
1443	-0.860638	122.126981	0.007167	9.5
1444	-0.041177	122.079547	0.001550	10.0
1445	-0.049060	122.032162	0.002142	8.3
1446	-0.200377	121.984826	0.002840	8.8
1447	-1.035820	121.937539	0.008419	11.9
1448	-1.106499	121.890301	0.006052	9.5
1449	-0.834090	121.843112	0.005410	10.0
1450	-1.120606	121.795971	0.006565	10.1
1451	-0.499769	121.748879	0.003711	16.7
1452	-0.209369	121.701835	0.004445	10.5
1453	-0.244505	121.654840	0.003116	10.0
1454	-0.902961	121.607893	0.006271	9.3
1455	-0.521348	121.560994	0.003460	8.5
1456	-0.874840	121.514144	0.005569	11.3
1457	-1.062842	121.467342	0.006135	8.3
1458	-1.155539	121.420588	0.005359	8.1
1459	-1.011879	121.373882	0.004167	13.6
1460	-1.070139	121.327223	0.006749	10.0
1461	-0.884371	121.280613	0.006895	9.0
1462	-1.042455	121.234050	0.006113	9.4
1463	-0.792840	121.187535	0.004320	8.4
1464	-0.250099	121.141067	0.002623	8.9
1465	-0.146307	121.094647	0.001935	8.3
1466	-0.000000	121.048274	0.000000	9.2
1467	-0.863083	121.001949	0.004746	8.7
1468	-0.892272	120.955671	0.004292	9.8
1469	-0.872575	120.909440	0.006926	9.2
1470	-1.158818	120.863256	0.006406	11.1
1471	-1.048549	120.817119	0.007693	9.5
1472	-0.999896	120.771029	0.007111	9.3
1473	-0.839081	120.724986	0.006561	9.9
1474	-0.287920	120.678990	0.003006	9.2
1475	-0.988986	120.633040	0.006898	8.9
1476	-0.002544	120.587137	0.000434	9.9
1477	-0.984428	120.541281	0.005399	13.0
1478	-0.856762	120.495471	0.006211	10.7
1479	-1.173377	120.449707	0.007376	9.3
1480	-0.697567	120.403990	0.003955	9.0
1481	-0.993850	120.358319	0.008396	9.3
1482	-1.017899	120.312694	0.006773	9.2
1483	-0.707344	120.267115	0.003276	9.1
1484	-0.875997	120.221582	0.004966	8.5
1485	-1.160383	120.176096	0.007657	9.2
1486	-0.051253	120.130655	0.002601	8.7
1487	-0.106424	120.085260	0.003187	9.4
1488	-0.333847	120.039910	0.002262	11.9
1489	-0.689614	119.994606	0.006076	10.5
1490	-0.091341	119.949348	0.002334	8.8
1491	-0.064419	119.904135	0.001788	8.1
1492	-0.886174	119.858968	0.006749	8.6
1493	-0.817843	119.813846	0.006637	8.4
1494	-1.184128	119.768769	0.006411	8.7
1495	-1.056766	119.723738	0.005658	10.0
1496	-0.756855	119.678752	0.006616	10.0
1497	-0.716493	119.633810	0.005456	9.7
1498	-0.262450	119.588914	0.002832	8.5
1499	-0.394856	119.544062	0.003825	9.4
1500	-0.387077	119.499256	0.002598	9.5
1501	-1.102489	119.454494	0.006354	8.7
1502	-0.048799	119.409777	0.001093	8.9
1503	-0.970221	119.365104	0.005036	10.4
1504	-0.000000	119.320476	0.000000	9.3
1505	-1.152618	119.275893	0.006726	9.9
1506	-1.157976	119.231353	0.005628	9.8
1507	-1.102631	119.186859	0.007354	8.8
1508	-0.684540	119.142408	0.003752	8.3
1509	-0.798444	119.098002	0.006128	9.0
1510	-0.232161	119.053639	0.002213	9.0
1511	-1.130635	119.009321	0.009590	17.6
1512	-0.644763	118.965047	0.003634	9.2
1513	-0.822763	118.920816	0.005157	8.8
1514	-0.000000	118.876630	0.000000	10.0
1515	-0.114655	118.832487	0.001676	8.6
1516	-0.624053	118.788388	0.002706	12.7
1517	-0.686436	118.744332	0.004486	9.6
1518	-0.126677	118.700320	0.002415	9.4
1519	-0.964042	118.656352	0.004498	10.5
1520	-0.554148	118.612427	0.006096	9.0
1521	-1.047338	118.568545	0.009669	8.3
1522	-0.000000	118.524706	0.000000	9.4
1523	-0.980679	118.480911	0.006920	9.7
1524	-0.000000	118.437159	0.000000	8.4
1525	-1.126666	118.393450	0.007020	8.2
1526	-0.000004	118.349784	0.000007	10.7
1527	-1.026627	118.306160	0.006309	11.5
1528	-1.227969	118.262580	0.007606	11.0
1529	-0.775865	118.219042	0.003853	8.1
1530	-0.115478	118.175548	0.003064	9.9
1531	-0.022961	118.132095	0.001130	9.3
1532	-1.006022	118.088686	0.008885	9.4
1533	-0.219958	118.045319	0.002542	9.8
1534	-1.272435	118.001994	0.006575	10.0
1535	-1.044680	117.958712	0.006715	9.5
1536	-0.966478	117.915472	0.007562	9.8
1537	-0.858787	117.872274	0.007144	10.1
1538	-0.337892	117.829118	0.002830	8.8
1539	-0.000000	117.786005	0.000000	8.6
1540	-1.034976	117.742933	0.005842	8.9
1541	-0.008219	117.699904	0.000101	9.9
1542	-0.013732	117.656916	0.001467	9.5
1543	-1.198064	117.613971	0.008622	8.5
1544	-0.660205	117.571067	0.003993	7.5
1545	-0.834692	117.528205	0.005888	15.6
1546	-0.267336	117.485384	0.002454	8.1
1547	-1.007421	117.442605	0.004484	8.8
1548	-0.752634	117.399867	0.006738	9.2
1549	-0.827077	117.357171	0.003768	8.4
1550	-0.381917	117.314517	0.002881	10.4
1551	-0.216414	117.271903	0.003407	8.9
1552	-0.058464	117.229331	0.002988	9.0
1553	-0.486110	117.186800	0.002808	14.1
1554	-0.791187	117.144311	0.007209	7.9
1555	-1.169717	117.101862	0.007857	8.6
1556	-1.095029	117.059454	0.007805	9.7
1557	-1.038295	117.017087	0.007777	9.2
1558	-0.957276	116.974762	0.003989	9.1
1559	-0.000001	116.932476	0.000001	8.7
1560	-0.000000	116.890232	0.000000	8.6
1561	-0.972124	116.848028	0.006482	10.1
1562	-0.000000	116.805865	0.000000	9.1
1563	-1.177715	116.763743	0.007488	13.3
1564	-0.921027	116.721661	0.005738	10.0
1565	-0.000332	116.679619	0.000137	9.4
1566	-0.269349	116.637618	0.002082	10.1
1567	-1.036186	116.595657	0.006470	9.3
1568	-1.120107	116.553736	0.005094	8.8
1569	-0.216338	116.511855	0.002499	9.6
1570	-1.158596	116.470015	0.005318	8.1
1571	-0.182676	116.428214	0.002474	9.3
1572	-0.882284	116.386454	0.007450	9.1
1573	-0.641855	116.344733	0.004327	9.2
1574	-0.980247	116.303052	0.004847	8.7
1575	-0.320752	116.261412	0.002399	8.6
1576	-1.085269	116.219810	0.004553	10.6
1577	-1.021121	116.178249	0.005818	8.7
1578	-0.049514	116.136727	0.000945	9.0
1579	-0.602962	116.095245	0.003290	9.6
1580	-0.967343	116.053802	0.005125	8.9
1581	-0.239543	116.012398	0.002356	8.9
1582	-0.818837	115.971034	0.004330	7.6
1583	-0.190819	115.929710	0.002492	10.9
1584	-0.725605	115.888424	0.004231	11.9
1585	-0.369357	115.847178	0.003417	9.8
1586	-0.000000	115.805970	0.000000	9.9
1587	-0.070209	115.764802	0.001152	8.1
1588	-0.994597	115.723673	0.006326	9.1
1589	-1.215394	115.682583	0.007187	10.1
1590	-0.238279	115.641532	0.002843	11.2
1591	-1.057207	115.600519	0.004902	9.8
1592	-0.000000	115.559546	0.000000	9.3
1593	-1.141145	115.518610	0.006534	8.0
1594	-0.428103	115.477714	0.004097	8.3
1595	-1.031076	115.436856	0.005691	9.5
1596	-1.247079	115.396037	0.007218	10.1
1597	-0.628048	115.355256	0.003755	8.8
1598	-0.068728	115.314514	0.001731	9.3
1599	-1.141172	115.273810	0.007502	8.6
1600	-0.030563	115.233144	0.001970	8.1
1601	-0.987128	115.192517	0.005582	8.8
1602	-0.257516	115.151927	0.002132	12.0
1603	-0.410158	115.111376	0.002741	9.8
1604	-0.328570	115.070863	0.002244	9.8
1605	-0.028604	115.030388	0.000465	14.2
1606	-1.080888	114.989951	0.006084	14.6
1607	-0.939993	114.949551	0.005706	12.9
1608	-0.861413	114.909190	0.004215	16.2
1609	-1.081745	114.868866	0.004962	15.9
1610	-1.078440	114.828580	0.006030	15.5
1611	-1.301110	114.788332	0.008444	10.5
1612	-1.034595	114.748121	0.005200	17.1
1613	-0.023574	114.707948	0.000486	17.2
1614	-1.152641	114.667812	0.006940	17.9
1615	-1.038238	114.627714	0.004570	15.9
1616	-0.000000	114.587653	0.000000	14.2
1617	-1.049074	114.547629	0.008668	14.3
1618	-1.050833	114.507643	0.006584	14.1
1619	-0.903146	114.467693	0.006409	12.3
1620	-1.130483	114.427781	0.005364	20.5
1621	-0.486617	114.387907	0.002778	13.1
1622	-0.358863	114.348069	0.003523	9.0
1623	-1.096423	114.308268	0.005785	14.1
1624	-1.063022	114.268504	0.006537	12.0
1625	-0.600309	114.228777	0.005512	10.1
1626	-0.013255	114.189086	0.001302	10.8
1627	-1.141504	114.149433	0.006024	8.6
1628	-1.078567	114.109816	0.006691	9.1
1629	-0.243497	114.070235	0.002755	9.9
1630	-1.013588	114.030692	0.008636	11.2
1631	-1.010339	113.991185	0.007639	9.4
1632	-1.130378	113.951714	0.005940	8.7
1633	-1.037420	113.912280	0.004449	8.7
1634	-1.172035	113.872882	0.006104	10.4
1635	-0.568255	113.833521	0.005171	10.0
1636	-1.192422	113.794195	0.005419	9.9
1637	-1.214004	113.754906	0.005943	12.4
1638	-1.146143	113.715653	0.008351	8.0
1639	-0.126137	113.676437	0.001055	9.8
1640	-0.382865	113.637256	0.003648	9.7
1641	-0.774448	113.598111	0.005096	12.9
1642	-0.142219	113.559002	0.002105	10.2
1643	-0.881266	113.519929	0.005599	9.5
1644	-0.000000	113.480892	0.000000	9.2
1645	-0.691732	113.441891	0.004443	9.2
1646	-1.113399	113.402925	0.006137	9.6
1647	-0.801825	113.363995	0.003367	10.1
1648	-0.700524	113.325101	0.003580	9.1
1649	-0.000000	113.286242	0.000000	8.8
1650	-0.639889	113.247419	0.005408	9.2
1651	-1.039106	113.208631	0.004735	14.5
1652	-0.544372	113.169879	0.005088	7.5
1653	-0.068677	113.131162	0.001424	8.4
1654	-0.012054	113.092480	0.001547	9.1
1655	-0.895692	113.053833	0.007400	8.8
1656	-1.116716	113.015222	0.006121	9.7
1657	-0.392195	112.976646	0.002792	9.2
1658	-1.118559	112.938105	0.006292	8.3
1659	-0.216434	112.899599	0.001253	9.1
1660	-1.120381	112.861128	0.006803	9.1
1661	-1.161754	112.822692	0.007161	9.8
1662	-0.313989	112.784291	0.002847	8.7
1663	-0.989251	112.745924	0.005554	8.4
1664	-0.728835	112.707593	0.004578	7.8
1665	-0.556822	112.669296	0.004833	9.6
1666	-1.170348	112.631034	0.005508	9.0
1667	-1.189589	112.592806	0.005572	21.8
1668	-0.011730	112.554613	0.000479	9.5
1669	-0.596829	112.516455	0.002944	9.9
1670	-0.112514	112.478331	0.002568	9.3
1671	-1.074232	112.440241	0.006555	13.0
1672	-1.097680	112.402186	0.006078	8.4
1673	-1.029878	112.364165	0.004042	9.7
1674	-0.228492	112.326179	0.002374	8.5
1675	-0.326507	112.288227	0.003378	15.0
1676	-1.166353	112.250309	0.006983	9.4
1677	-0.793992	112.212425	0.006756	9.1
1678	-0.626564	112.174575	0.003647	9.4
1679	-1.086190	112.136759	0.006646	9.3
1680	-0.150086	112.098977	0.001560	10.1
1681	-1.183402	112.061229	0.007233	9.6
1682	-0.732156	112.023515	0.002709	9.1
1683	-0.970514	111.985834	0.006200	7.7
1684	-1.230205	111.948188	0.009430	9.1
1685	-0.335784	111.910575	0.005440	9.1
1686	-1.227966	111.872996	0.007911	11.3
1687	-1.018317	111.835450	0.004436	8.5
1688	-1.233736	111.797939	0.006596	9.9
1689	-0.944607	111.760460	0.003349	9.6
1690	-1.351655	111.723015	0.006668	9.2
1691	-0.244817	111.685604	0.002586	7.5
1692	-1.189799	111.648226	0.007548	7.9
1693	-0.575523	111.610881	0.002703	8.8
1694	-0.036060	111.573570	0.002089	8.5
1695	-1.231841	111.536292	0.006787	8.7
1696	-1.158264	111.499047	0.006062	8.7
1697	-0.000000	111.461835	0.000000	8.7
1698	-0.048007	111.424656	0.001999	8.3
1699	-0.834380	111.387510	0.004351	9.6
1700	-0.963889	111.350398	0.005231	9.2
1701	-0.031591	111.313318	0.001311	12.6
1702	-0.763684	111.276271	0.004388	8.3
1703	-0.648277	111.239257	0.004228	8.1
1704	-1.333779	111.202276	0.007343	8.9
1705	-0.663329	111.165328	0.003562	8.6
1706	-0.809611	111.128412	0.006638	8.9
1707	-1.118044	111.091529	0.005459	9.8
1708	-0.000000	111.054679	0.000000	9.1
1709	-0.486328	111.017861	0.003548	10.0
1710	-0.754310	110.981076	0.004455	8.8
1711	-0.959855	110.944323	0.003805	8.9
1712	-1.195846	110.907603	0.007262	9.5
1713	-0.463931	110.870915	0.003155	10.7
1714	-0.621476	110.834259	0.003504	9.2
1715	-0.915696	110.797636	0.007728	8.2
1716	-1.034297	110.761045	0.004424	9.0
1717	-0.253426	110.724486	0.002649	9.2
1718	-1.135966	110.687959	0.004414	8.3
1719	-0.310962	110.651465	0.004212	8.8
1720	-0.009545	110.615002	0.000548	8.7
1721	-0.481797	110.578572	0.005874	9.5
1722	-1.139087	110.542173	0.006195	9.7
1723	-0.785036	110.505807	0.006165	9.4
1724	-0.828556	110.469472	0.004686	16.5
1725	-0.183072	110.433169	0.001607	7.9
1726	-1.124491	110.396898	0.007481	8.8
1727	-0.929867	110.360659	0.005125	8.5
1728	-1.217661	110.324451	0.005991	8.7
1729	-0.706820	110.288276	0.004474	9.0
1730	-0.601305	110.252131	0.003801	9.6
1731	-0.408513	110.216019	0.002929	9.8
1732	-0.952199	110.179937	0.006233	11.7
1733	-0.692854	110.143888	0.005766	8.8
1734	-0.245343	110.107869	0.002379	9.1
1735	-0.398053	110.071882	0.004102	14.3
1736	-1.207776	110.035927	0.007057	9.4
1737	-0.922831	110.000003	0.005972	8.3
1738	-0.000000	109.964110	0.000000	8.7
1739	-1.123436	109.928248	0.007730	10.3
1740	-0.045967	109.892417	0.001134	9.2
1741	-0.023710	109.856618	0.000817	8.3
1742	-1.208873	109.820850	0.006729	9.3
1743	-0.282609	109.785112	0.003555	9.7
1744	-1.084421	109.749406	0.005235	12.9
1745	-0.168380	109.713730	0.001675	8.2
1746	-0.188265	109.678086	0.002296	9.0
1747	-0.612148	109.642472	0.003594	8.9
1748	-0.000000	109.606890	0.000000	10.4
1749	-0.120566	109.571337	0.000702	9.4
1750	-0.200577	109.535816	0.001832	8.5
1751	-1.065897	109.500326	0.009020	8.7
1752	-0.076711	109.464866	0.001432	8.4
1753	-1.263658	109.429436	0.005788	8.8
1754	-0.000001	109.394038	0.000002	9.1
1755	-0.424385	109.358669	0.002646	9.0
1756	-0.531346	109.323331	0.005741	8.9
1757	-0.000000	109.288024	0.000000	8.9
1758	-0.000000	109.252747	0.000000	9.0
1759	-0.085130	109.217501	0.002511	8.9
1760	-0.133610	109.182284	0.003723	9.3
1761	-1.120212	109.147098	0.005004	8.6
1762	-0.394094	109.111942	0.002470	8.8
1763	-0.116171	109.076817	0.001850	8.0
1764	-1.131678	109.041721	0.008427	9.0
1765	-1.180578	109.006656	0.004399	9.6
1766	-0.475807	108.971620	0.004902	9.9
1767	-1.197135	108.936615	0.006348	9.3
1768	-1.000609	108.901640	0.007252	9.1
1769	-0.399324	108.866694	0.003772	8.4
1770	-0.158913	108.831779	0.002133	8.8
1771	-1.146998	108.796893	0.005511	9.1
1772	-0.400068	108.762037	0.003603	10.9
1773	-0.574063	108.727211	0.006206	9.5
1774	-0.436742	108.692415	0.004043	8.7
1775	-1.076973	108.657648	0.009601	9.1
1776	-1.174284	108.622911	0.005440	9.3
1777	-0.023830	108.588203	0.001348	9.0
1778	-0.439626	108.553525	0.005335	8.1
1779	-0.974465	108.518877	0.007533	9.9
1780	-0.863709	108.484258	0.003688	9.2
1781	-0.008660	108.449668	0.000218	9.2
1782	-1.039397	108.415108	0.005934	13.3
1783	-1.024686	108.380578	0.005193	12.7
1784	-0.000000	108.346076	0.000000	13.5
1785	-0.513830	108.311604	0.004739	14.2
1786	-1.152456	108.277161	0.006340	13.1
1787	-0.000000	108.242747	0.000000	13.3
1788	-1.085369	108.208363	0.004806	15.7
1789	-0.756278	108.174007	0.007097	16.1
1790	-0.190631	108.139681	0.002898	14.9
1791	-0.364730	108.105383	0.003568	12.7
1792	-0.443749	108.071115	0.004223	11.8
1793	-0.969380	108.036875	0.006106	17.1
1794	-0.239056	108.002665	0.001993	12.0
1795	-0.877821	107.968483	0.003418	16.8
1796	-1.113309	107.934330	0.005992	17.1
1797	-1.203413	107.900206	0.006476	17.0
1798	-0.038985	107.866111	0.002459	15.1
1799	-1.153528	107.832044	0.007369	12.0
1800	-1.123943	107.798007	0.008355	14.1
1801	-0.935354	107.763997	0.004592	8.6
1802	-0.463233	107.730017	0.005013	12.3
1803	-0.056643	107.696065	0.001621	8.6
1804	-1.200083	107.662141	0.004994	9.2
1805	-1.282273	107.628246	0.006762	10.9
1806	-0.185172	107.594379	0.001776	8.4
1807	-1.120246	107.560541	0.007359	7.6
1808	-1.049811	107.526731	0.007536	9.2
1809	-0.313941	107.492949	0.001888	9.3
1810	-0.766540	107.459196	0.003942	11.7
1811	-0.751479	107.425471	0.003766	13.8
1812	-1.109726	107.391774	0.009320	11.3
1813	-0.156323	107.358106	0.004351	12.2
1814	-0.845824	107.324465	0.006648	13.8
1815	-1.017721	107.290853	0.007254	13.6
1816	-0.567631	107.257268	0.004065	9.6
1817	-1.131116	107.223712	0.006220	12.6
1818	-0.804608	107.190184	0.005655	11.4
1819	-0.976335	107.156683	0.005748	12.3
1820	-1.043431	107.123211	0.005500	9.3
1821	-0.227352	107.089766	0.001942	7.8
1822	-0.514325	107.056349	0.003251	8.2
1823	-0.000000	107.022960	0.000000	9.1
1824	-0.863193	106.989599	0.007177	9.3
1825	-1.033715	106.956265	0.006452	8.5
1826	-1.264140	106.922960	0.005880	11.0
1827	-0.892270	106.889681	0.007885	9.0
1828	-1.102656	106.856431	0.008585	9.0
1829	-0.030259	106.823208	0.002626	19.0
1830	-1.182114	106.790012	0.006938	9.1
1831	-0.831026	106.756844	0.008058	15.5
1832	-1.192137	106.723703	0.006470	8.5
1833	-0.970998	106.690590	0.007406	8.6
1834	-0.720077	106.657505	0.004326	9.2
1835	-1.121673	106.624446	0.005848	10.3
1836	-1.229757	106.591415	0.005651	9.1
1837	-1.172257	106.558411	0.005475	8.5
1838	-0.146961	106.525435	0.001674	8.5
1839	-1.102289	106.492485	0.006940	11.1
1840	-1.055253	106.459563	0.007027	10.3
1841	-0.826748	106.426668	0.004287	9.4
1842	-1.075063	106.393800	0.006883	10.9
1843	-1.138207	106.360959	0.007061	8.3
1844	-1.149237	106.328145	0.006642	9.6
1845	-1.135057	106.295358	0.010216	9.2
1846	-1.162915	106.262598	0.006410	10.5
1847	-0.977739	106.229865	0.005948	9.3
1848	-0.030962	106.197158	0.000902	8.2
1849	-1.159694	106.164479	0.006323	8.5
1850	-0.109326	106.131826	0.002000	11.8
1851	-0.162627	106.099201	0.002624	9.7
1852	-0.124514	106.066602	0.002524	7.5
1853	-0.629108	106.034029	0.003102	8.8
1854	-0.972710	106.001483	0.006715	8.8
1855	-0.005976	105.968964	0.000537	8.8
1856	-0.995742	105.936472	0.005507	13.1
1857	-0.030690	105.904006	0.000441	9.0
1858	-0.640294	105.871566	0.005071	9.6
1859	-0.576727	105.839153	0.006122	9.6
1860	-0.000000	105.806767	0.000000	8.6
1861	-1.170008	105.774407	0.005211	10.4
1862	-0.229697	105.742073	0.002081	9.8
1863	-0.456476	105.709766	0.002867	9.4
1864	-1.026878	105.677485	0.007918	8.4
1865	-0.385015	105.645230	0.003092	8.8
1866	-0.410103	105.613001	0.002538	8.8
1867	-0.818736	105.580799	0.006128	9.1
1868	-0.085945	105.548623	0.002693	11.0
1869	-0.848959	105.516473	0.004962	9.0
1870	-1.004601	105.484349	0.007803	8.9
1871	-0.964318	105.452251	0.004834	8.8
1872	-0.766074	105.420179	0.004513	9.8
1873	-1.175322	105.388133	0.005250	9.0
1874	-0.082296	105.356113	0.001051	8.9
1875	-0.022377	105.324119	0.001245	8.7
1876	-0.992894	105.292151	0.006646	9.1
1877	-0.921924	105.260209	0.007397	10.5
1878	-0.970517	105.228293	0.005054	8.6
1879	-0.646011	105.196402	0.003428	10.2
1880	-1.020230	105.164537	0.005636	9.0
1881	-0.943905	105.132698	0.005116	8.9
1882	-0.184569	105.100885	0.002012	8.0
1883	-0.995207	105.069097	0.004578	9.1
1884	-0.996589	105.037335	0.005273	8.8
1885	-0.153301	105.005598	0.002466	9.7
1886	-1.047594	104.973887	0.006239	13.1
1887	-0.233908	104.942202	0.003185	8.4
1888	-0.000000	104.910542	0.000000	8.7
1889	-0.157785	104.878907	0.002389	10.1
1890	-0.460192	104.847298	0.003605	8.5
1891	-1.071322	104.815715	0.005822	9.2
1892	-0.852463	104.784156	0.005906	9.0
1893	-0.031244	104.752623	0.002266	8.4
1894	-1.034198	104.721116	0.008645	9.6
1895	-0.119586	104.689633	0.002436	9.0
1896	-1.172618	104.658176	0.005741	9.9
1897	-1.145405	104.626744	0.004547	10.1
1898	-0.000000	104.595337	0.000000	7.9
1899	-0.622955	104.563955	0.004340	10.5
1900	-1.051879	104.532599	0.004910	8.6
1901	-0.872995	104.501267	0.003499	11.1
1902	-1.044567	104.469960	0.008810	10.0
1903	-0.563504	104.438679	0.003431	9.3
1904	-0.092121	104.407422	0.002274	9.1
1905	-0.746572	104.376191	0.005745	8.3
1906	-0.278726	104.344984	0.001951	8.9
1907	-0.841510	104.313802	0.004055	8.4
1908	-0.342059	104.282645	0.002488	9.1
1909	-0.996221	104.251513	0.005038	13.1
1910	-0.007119	104.220405	0.000644	9.1
1911	-0.752277	104.189323	0.005111	11.9
1912	-0.000000	104.158265	0.000000	8.7
1913	-0.769821	104.127231	0.004362	8.9
1914	-0.239898	104.096222	0.002076	11.8
1915	-1.191757	104.065238	0.006919	8.9
1916	-1.137749	104.034279	0.005127	10.0
1917	-0.000000	104.003344	0.000000	13.4
1918	-0.000000	103.972433	0.000000	11.1
1919	-1.076419	103.941547	0.006777	9.3
1920	-0.962905	103.910686	0.005585	8.6
1921	-0.000000	103.879849	0.000000	9.9
1922	-0.208474	103.849036	0.003000	8.6
1923	-1.066375	103.818248	0.005380	12.4
1924	-1.129249	103.787484	0.006353	10.1
1925	-0.455671	103.756744	0.002586	9.6
1926	-0.512137	103.726029	0.003600	10.0
1927	-1.118483	103.695338	0.008106	9.3
1928	-0.000014	103.664671	0.000015	9.7
1929	-0.208371	103.634028	0.003220	8.3
1930	-0.063320	103.603409	0.001267	9.2
1931	-1.208771	103.572814	0.005850	8.8
1932	-0.642813	103.542244	0.003838	9.0
1933	-1.028804	103.511698	0.005181	8.6
1934	-0.984856	103.481175	0.005519	8.7
1935	-1.141785	103.450677	0.005197	10.7
1936	-0.161888	103.420202	0.003084	7.7
1937	-0.381794	103.389752	0.003532	9.1
1938	-0.000000	103.359325	0.000000	9.5
1939	-1.177427	103.328922	0.010224	9.9
1940	-0.004526	103.298543	0.000165	9.5
1941	-0.168249	103.268188	0.005546	12.1
1942	-1.092025	103.237857	0.007125	8.8
1943	-0.152119	103.207549	0.002626	14.0
1944	-0.000000	103.177265	0.000000	9.2
1945	-0.938332	103.147005	0.004566	9.5
1946	-0.379768	103.116768	0.003149	8.9
1947	-0.000000	103.086556	0.000000	10.8
1948	-1.037504	103.056366	0.005436	9.1
1949	-0.485048	103.026200	0.003545	12.8
1950	-1.238712	102.996058	0.006725	12.1
1951	-0.921102	102.965939	0.005911	12.3
1952	-0.787734	102.935844	0.006185	12.7
1953	-1.181430	102.905772	0.006054	16.4
1954	-0.463947	102.875724	0.003865	15.7
1955	-1.115075	102.845699	0.005156	18.5
1956	-0.627877	102.815697	0.003701	14.0
1957	-0.186988	102.785719	0.001984	9.4
1958	-0.218782	102.755764	0.002353	10.0
1959	-1.128837	102.725832	0.005511	14.8
1960	-1.114163	102.695924	0.005903	15.5
1961	-0.259325	102.666038	0.002265	10.6
1962	-0.868550	102.636176	0.004734	16.5
1963	-1.089672	102.606337	0.005184	9.0
1964	-0.818177	102.576521	0.006945	8.4
1965	-0.205387	102.546728	0.001480	9.5
1966	-1.062157	102.516959	0.005421	9.1
1967	-0.000000	102.487212	0.000000	10.4
1968	-0.489872	102.457488	0.004056	16.1
1969	-0.118877	102.427788	0.002968	14.5
1970	-0.772197	102.398110	0.004001	16.6
1971	-1.239665	102.368455	0.006970	11.1
1972	-1.051017	102.338823	0.007244	14.2
1973	-1.173702	102.309214	0.006309	15.0
1974	-0.000000	102.279628	0.000000	9.0
1975	-1.189417	102.250064	0.006156	16.5
1976	-1.074380	102.220524	0.010128	8.7
1977	-0.663868	102.191006	0.003099	9.8
1978	-1.094907	102.161511	0.005830	10.4
1979	-0.290883	102.132038	0.002538	15.1
1980	-1.214245	102.102588	0.008324	13.9
1981	-0.646472	102.073161	0.005581	15.3
1982	-0.671887	102.043757	0.003619	11.4
1983	-0.552200	102.014375	0.003749	13.0
1984	-0.176776	101.985015	0.002572	18.6
1985	-0.000000	101.955678	0.000000	16.8
1986	-0.982786	101.926364	0.004137	10.5
1987	-0.045420	101.897072	0.000628	10.4
1988	-0.738905	101.867802	0.004938	13.3
1989	-0.113659	101.838555	0.001897	14.8
1990	-1.104607	101.809330	0.004612	15.7
1991	-0.568846	101.780128	0.005298	15.7
1992	-0.559972	101.750948	0.002913	13.6
1993	-1.155821	101.721790	0.005601	14.6
1994	-1.069005	101.692654	0.007995	16.5
1995	-0.370918	101.663541	0.003229	15.0
1996	-0.228110	101.634450	0.003697	9.5
1997	-0.947574	101.605381	0.004324	15.9
1998	-1.091711	101.576335	0.005013	14.9
1999	-0.082563	101.547310	0.001657	16.1
