1:ItNr	2:Metric	3:StepSize	4:||Gradient||	Time[ms]
0	-1.211178	627.201626	0.011765	598.4
1	-0.962269	623.504937	0.010447	9.2
2	-0.925898	619.865785	0.009516	11.6
3	-0.727857	616.282728	0.009015	9.0
4	-0.039125	612.754375	0.000660	8.9
5	-0.740265	609.279381	0.010705	8.8
6	-0.726781	605.856447	0.010214	9.3
7	-0.020780	602.484317	0.000514	8.6
8	-0.391516	599.161779	0.003309	12.9
9	-0.680830	595.887656	0.012450	8.4
10	-0.484523	592.660813	0.005141	9.9
11	-0.842190	589.480151	0.014881	9.1
12	-1.250620	586.344606	0.010748	8.3
13	-0.033885	583.253145	0.003761	8.3
14	-0.643598	580.204771	0.005476	8.9
15	-1.179547	577.198517	0.013914	8.9
16	-0.741319	574.233444	0.014793	8.2
17	-1.109112	571.308645	0.013950	8.8
18	-1.162362	568.423237	0.013266	9.5
19	-0.724409	565.576365	0.009522	10.3
20	0.000000	562.767201	0.000000	8.7
21	-0.797642	559.994938	0.006421	9.7
22	-1.007610	557.258797	0.016653	8.8
23	-0.063771	554.558018	0.003650	9.3
24	-1.179196	551.891865	0.016510	9.2
25	-0.739661	549.259621	0.012722	8.2
26	-0.800749	546.660592	0.009250	8.2
27	-0.916605	544.094102	0.012000	12.6
28	-0.388489	541.559494	0.007864	8.7
29	-1.190804	539.056129	0.012469	8.7
30	-0.312989	536.583387	0.004422	10.2
31	-1.125567	534.140663	0.010026	8.1
32	-0.068960	531.727370	0.001894	7.7
33	-0.948164	529.342935	0.008398	8.7
34	-0.915192	526.986802	0.008566	9.1
35	-0.020694	524.658430	0.003206	8.3
36	-0.336602	522.357290	0.002005	8.3
37	-0.197514	520.082868	0.004435	8.6
38	-0.422591	517.834665	0.007222	9.1
39	-1.193965	515.612193	0.008545	8.6
40	-1.151576	513.414976	0.010505	8.9
41	-0.318166	511.242551	0.005138	8.5
42	-1.190517	509.094468	0.015710	9.3
43	-0.876274	506.970285	0.012670	8.1
44	-0.013094	504.869574	0.000806	8.8
45	-0.758594	502.791916	0.009288	9.3
46	-0.599737	500.736903	0.005664	9.2
47	-1.129239	498.704137	0.011134	8.2
48	-0.163194	496.693228	0.004496	9.4
49	-0.232725	494.703798	0.003807	8.1
50	-0.461810	492.735476	0.004106	9.0
51	0.000000	490.787900	0.000000	8.3
52	-0.792068	488.860718	0.008882	9.2
53	-1.125970	486.953585	0.007653	9.5
54	-0.945054	485.066164	0.010563	10.3
55	-0.713423	483.198126	0.005182	8.7
56	-0.175040	481.349149	0.002619	8.6
57	-0.595467	479.518920	0.009964	11.3
58	-0.786312	477.707132	0.007967	8.0
59	-1.244147	475.913485	0.012496	8.0
60	-0.642049	474.137684	0.006204	13.1
61	-0.798508	472.379445	0.008951	7.8
62	-0.001022	470.638485	0.000212	9.1
63	-0.125184	468.914531	0.007471	9.1
64	-1.081524	467.207315	0.007838	9.1
65	-0.868247	465.516573	0.006523	8.2
66	-0.145518	463.842050	0.001604	9.2
67	-1.023533	462.183494	0.014550	9.0
68	-1.170924	460.540658	0.007500	11.3
69	-0.315218	458.913303	0.005939	8.9
70	-0.280160	457.301192	0.005968	8.6
71	-1.066079	455.704096	0.008835	8.5
72	-0.212358	454.121787	0.004781	8.4
73	-1.183621	452.554045	0.009394	8.5
74	-0.755830	451.000653	0.012197	9.1
75	-0.969062	449.461399	0.012974	8.6
76	-0.209248	447.936075	0.005524	8.8
77	-0.908019	446.424477	0.005639	8.8
78	-0.537935	444.926406	0.005086	8.6
79	-0.876357	443.441666	0.011272	8.8
80	-1.042924	441.970065	0.008342	8.6
81	-1.275966	440.511415	0.010710	9.7
82	-0.821541	439.065533	0.010397	9.0
83	-0.919414	437.632238	0.017123	8.8
84	-0.259528	436.211351	0.004825	8.2
85	-0.650928	434.802701	0.008906	8.8
86	-0.170509	433.406117	0.002860	9.2
87	-0.004788	432.021430	0.000603	8.5
88	-0.000230	430.648479	0.000171	8.2
89	-0.472050	429.287101	0.006190	9.0
90	-0.447941	427.937140	0.007011	9.3
91	-0.081433	426.598440	0.001173	8.9
92	-0.666655	425.270849	0.009128	10.8
93	-0.148259	423.954220	0.003713	8.9
94	-1.227435	422.648404	0.013028	9.2
95	-0.108954	421.353259	0.001615	9.5
96	0.000000	420.068643	0.000000	7.7
97	-0.154345	418.794419	0.002709	8.0
98	-0.895292	417.530451	0.008539	8.3
99	-0.001068	416.276604	0.000103	8.5
100	-1.254980	415.032748	0.017577	8.9
101	-1.014253	413.798754	0.012768	9.4
102	-0.003061	412.574495	0.000714	8.8
103	-0.855588	411.359849	0.010751	9.4
104	-1.189341	410.154691	0.010659	8.7
105	-0.715944	408.958904	0.015989	9.3
106	-1.139780	407.772368	0.015034	9.6
107	-1.151566	406.594968	0.013344	9.2
108	-0.881295	405.426590	0.007818	8.9
109	-0.712338	404.267122	0.007498	7.8
110	-1.186345	403.116456	0.008601	9.0
111	-0.501433	401.974481	0.005187	8.4
112	-0.489454	400.841093	0.009221	8.2
113	-1.233546	399.716187	0.011734	8.1
114	-0.743124	398.599660	0.006065	8.5
115	-0.426719	397.491411	0.004701	8.7
116	-0.012056	396.391342	0.001695	8.5
117	-0.738959	395.299353	0.008601	8.8
118	-1.327111	394.215350	0.009253	9.6
119	-1.086564	393.139238	0.009663	9.1
120	-1.221773	392.070924	0.010448	10.9
121	-0.920231	391.010316	0.009908	8.4
122	-0.366744	389.957325	0.002818	9.0
123	-1.281236	388.911862	0.012061	8.2
124	-1.216094	387.873839	0.010635	8.8
125	-1.213950	386.843173	0.009049	11.1
126	-0.000000	385.819777	0.000000	7.8
127	-1.251201	384.803569	0.008584	11.4
128	-0.820515	383.794468	0.006906	8.7
129	-0.276340	382.792393	0.006385	8.0
130	-1.065104	381.797264	0.014417	12.7
131	-1.226199	380.809005	0.009253	12.5
132	-0.655401	379.827537	0.007362	7.9
133	-0.637732	378.852786	0.005983	8.9
134	-1.013590	377.884678	0.011463	8.9
135	-1.306097	376.923138	0.015656	8.3
136	-0.230170	375.968095	0.004744	9.1
137	-1.022817	375.019479	0.011616	7.9
138	-1.136708	374.077218	0.007208	8.8
139	-1.097310	373.141244	0.012061	19.3
140	-0.806616	372.211489	0.007117	8.7
141	-0.994175	371.287887	0.012489	8.4
142	-1.244102	370.370370	0.010972	8.3
143	-1.020351	369.458876	0.007522	8.3
144	-0.667490	368.553338	0.003658	8.0
145	-0.372418	367.653696	0.009390	7.4
146	-1.034057	366.759885	0.006093	8.1
147	-0.755000	365.871846	0.004458	7.2
148	-0.656289	364.989518	0.004269	7.5
149	-0.694112	364.112841	0.007875	8.5
150	-0.221361	363.241757	0.004588	9.2
151	-0.858285	362.376208	0.009660	9.4
152	-0.006315	361.516137	0.001392	10.0
153	-1.206513	360.661488	0.014649	9.8
154	-1.047778	359.812206	0.011447	9.4
155	-1.113657	358.968236	0.011870	8.4
156	-1.228611	358.129524	0.010956	8.6
157	-1.277208	357.296018	0.008798	9.5
158	0.000000	356.467665	0.000000	9.2
159	-1.197167	355.644414	0.013456	8.3
160	-1.162212	354.826213	0.010557	9.0
161	-1.113046	354.013012	0.018530	10.2
162	-0.009799	353.204763	0.002319	8.6
163	-0.268334	352.401415	0.009864	8.8
164	-0.347310	351.602922	0.003019	9.4
165	-0.204695	350.809235	0.003815	8.6
166	-0.586195	350.020308	0.005381	9.9
167	-1.279150	349.236095	0.007107	8.5
168	-1.048524	348.456550	0.007073	9.6
169	-0.376359	347.681627	0.003129	14.2
170	-1.245876	346.911283	0.011442	9.2
171	-1.129892	346.145474	0.011711	9.5
172	-0.839394	345.384157	0.009022	10.0
173	-1.161990	344.627288	0.008089	8.9
174	-1.226387	343.874826	0.013763	9.1
175	-0.032456	343.126729	0.001749	8.7
176	-1.190533	342.382957	0.009964	10.2
177	-0.420785	341.643469	0.004491	10.0
178	-1.096107	340.908224	0.007202	9.4
179	-0.951094	340.177184	0.018437	8.8
180	-1.266002	339.450309	0.011779	10.1
181	-0.342813	338.727561	0.006175	9.2
182	-1.054848	338.008902	0.008241	9.6
183	-0.202758	337.294295	0.004117	8.9
184	-1.011807	336.583703	0.011533	9.3
185	-0.812434	335.877089	0.012928	9.5
186	-0.855357	335.174416	0.013887	8.3
187	-1.297199	334.475651	0.011232	13.8
188	-0.015515	333.780756	0.000678	12.2
189	-0.100895	333.089698	0.004516	8.5
190	-0.107300	332.402443	0.002123	8.7
191	-0.698000	331.718955	0.010162	9.7
192	-0.998097	331.039203	0.010352	9.3
193	-0.052999	330.363153	0.003949	8.9
194	-0.393924	329.690771	0.003064	9.5
195	-0.101331	329.022027	0.002217	7.8
196	-1.176422	328.356888	0.011231	9.0
197	-0.000369	327.695322	0.000103	9.6
198	-0.689569	327.037299	0.010829	8.6
199	-0.043451	326.382787	0.001606	8.4
200	-0.815622	325.731758	0.006461	9.9
201	0.000000	325.084179	0.000000	8.2
202	-0.738544	324.440023	0.008690	8.9
203	-1.201326	323.799258	0.009081	8.9
204	-1.034363	323.161858	0.011426	8.4
205	-0.003342	322.527792	0.001019	8.8
206	-0.555872	321.897034	0.004396	9.8
207	-0.072490	321.269554	0.000953	8.6
208	-0.174386	320.645325	0.004745	8.8
209	-1.003504	320.024320	0.005706	7.9
210	-0.518919	319.406512	0.007776	10.0
211	-1.088101	318.791875	0.011846	9.4
212	-0.590111	318.180381	0.005131	8.3
213	-0.394701	317.572005	0.002760	7.6
214	-1.206409	316.966721	0.011694	9.2
215	0.000000	316.364504	0.000000	9.3
216	-0.239363	315.765329	0.004837	10.2
217	-0.319698	315.169170	0.002572	8.6
218	-1.100448	314.576003	0.007308	17.6
219	-1.001786	313.985804	0.011176	9.2
220	-1.310526	313.398548	0.007861	9.0
221	-0.219978	312.814213	0.002996	9.1
222	-0.552311	312.232773	0.009221	9.8
223	-0.985249	311.654207	0.008557	11.5
224	-0.742349	311.078491	0.007221	13.0
225	-0.151582	310.505602	0.002322	11.5
226	-0.229199	309.935518	0.002829	8.6
227	-0.930380	309.368217	0.009335	8.7
228	-1.227899	308.803676	0.007650	10.2
229	-0.003572	308.241874	0.000083	9.6
230	-0.928108	307.682789	0.014321	9.3
231	0.000000	307.126400	0.000000	8.4
232	-0.000000	306.572687	0.000000	9.5
233	-0.669166	306.021627	0.003890	9.0
234	-1.217749	305.473201	0.009815	9.8
235	0.000000	304.927388	0.000000	8.7
236	-1.098247	304.384168	0.009186	8.8
237	-0.531762	303.843521	0.005940	9.1
238	-1.124479	303.305427	0.015271	9.4
239	-0.781005	302.769867	0.006509	8.7
240	-0.822537	302.236821	0.010741	15.5
241	-0.556548	301.706270	0.002645	9.3
242	-1.069340	301.178196	0.007283	9.1
243	-0.765764	300.652580	0.004795	8.5
244	-1.247502	300.129402	0.014798	9.0
245	-1.209904	299.608645	0.008707	11.7
246	0.000000	299.090291	0.000000	10.0
247	-0.725511	298.574321	0.010305	8.6
248	-0.625783	298.060718	0.004917	8.5
249	-1.147595	297.549465	0.013343	9.3
250	-0.942886	297.040543	0.010073	9.7
251	-0.467844	296.533936	0.005356	9.8
252	-0.007159	296.029626	0.000114	9.0
253	-0.870199	295.527597	0.008465	7.7
254	-1.016249	295.027832	0.009464	11.3
255	-0.245705	294.530315	0.003236	8.9
256	-0.148550	294.035028	0.005174	12.4
257	-1.071115	293.541956	0.008249	9.3
258	-0.148978	293.051083	0.003458	9.2
259	-0.673357	292.562393	0.006955	9.8
260	-0.000052	292.075870	0.000029	9.8
261	-1.274018	291.591498	0.007742	10.2
262	-0.085075	291.109263	0.003030	10.9
263	-1.087601	290.629149	0.006776	11.0
264	-0.900354	290.151140	0.007070	11.3
265	-1.268787	289.675222	0.017843	10.2
266	-0.001177	289.201380	0.000350	8.3
267	-0.047335	288.729600	0.001564	10.6
268	-0.320870	288.259866	0.003162	10.1
269	-1.318042	287.792165	0.016768	9.1
270	-0.000018	287.326481	0.000011	9.7
271	-0.590345	286.862802	0.006775	9.0
272	-1.075278	286.401113	0.007509	9.4
273	-1.160353	285.941400	0.008549	13.9
274	-0.497262	285.483649	0.003106	8.7
275	-0.469001	285.027847	0.004420	9.2
276	-0.856965	284.573981	0.009329	10.6
277	-0.745338	284.122037	0.008302	8.9
278	-1.170292	283.672002	0.007343	9.1
279	-0.000000	283.223863	0.000000	10.2
280	-1.257906	282.777607	0.010383	9.9
281	0.000000	282.333221	0.000000	9.3
282	-1.093133	281.890692	0.012145	10.0
283	-0.420385	281.450008	0.005644	10.3
284	-1.126532	281.011157	0.016720	10.0
285	-1.223138	280.574125	0.009845	9.5
286	-0.350616	280.138901	0.005305	10.1
287	-1.214603	279.705473	0.011327	9.2
288	-0.000171	279.273829	0.000057	10.2
289	-0.208368	278.843956	0.004702	10.7
290	-1.107849	278.415844	0.007965	7.8
291	-1.304176	277.989479	0.011937	8.4
292	-0.000054	277.564851	0.000047	9.8
293	-0.151631	277.141949	0.002525	9.4
294	-0.934078	276.720761	0.008755	10.7
295	-0.760337	276.301275	0.007855	11.5
296	-0.952641	275.883480	0.007681	8.9
297	-1.048914	275.467366	0.005577	8.6
298	-0.477061	275.052922	0.005114	8.8
299	-0.123763	274.640136	0.001586	9.3
300	-0.637445	274.228998	0.006528	9.1
301	-0.845430	273.819497	0.004778	9.7
302	-0.000008	273.411623	0.000009	11.7
303	-1.174277	273.005365	0.008880	9.6
304	-0.162242	272.600712	0.004158	9.4
305	-0.027481	272.197655	0.000683	10.1
306	-0.000805	271.796184	0.000240	8.8
307	-0.335127	271.396287	0.002431	8.3
308	-0.005893	270.997956	0.001146	8.8
309	-0.979998	270.601180	0.010063	9.2
310	0.000000	270.205949	0.000000	9.7
311	-1.104267	269.812254	0.011217	8.6
312	-1.163192	269.420085	0.010648	8.8
313	-0.657156	269.029432	0.004523	8.5
314	-0.797644	268.640287	0.006966	8.9
315	-1.118800	268.252638	0.008411	10.3
316	-0.251103	267.866478	0.002032	8.0
317	-0.697555	267.481796	0.005705	12.2
318	-0.055103	267.098584	0.000192	11.3
319	-0.245819	266.716833	0.004150	8.9
320	-1.405401	266.336533	0.016213	9.6
321	-0.061807	265.957676	0.001535	10.3
322	-0.245148	265.580253	0.003324	10.6
323	-1.311444	265.204254	0.008371	10.6
324	-0.389659	264.829672	0.003787	9.3
325	-1.059383	264.456497	0.007114	9.5
326	-0.238126	264.084721	0.005808	11.3
327	0.000000	263.714335	0.000000	11.5
328	-1.040137	263.345332	0.005834	8.5
329	-0.734208	262.977702	0.008456	10.6
330	-1.236315	262.611438	0.007916	10.2
331	-1.308988	262.246531	0.011087	8.3
332	-0.248034	261.882973	0.004638	8.4
333	-0.899824	261.520756	0.007022	10.7
334	-1.096395	261.159871	0.008452	10.6
335	-1.238963	260.800312	0.008649	8.4
336	-0.438051	260.442070	0.005793	7.5
337	-1.216703	260.085137	0.007472	9.4
338	-1.163826	259.729505	0.007476	8.3
339	-0.292419	259.375167	0.002814	8.5
340	0.000000	259.022116	0.000000	11.4
341	-0.699575	258.670343	0.004999	8.7
342	-0.326580	258.319841	0.003660	9.9
343	-1.057931	257.970602	0.011219	8.6
344	-0.813170	257.622620	0.007487	8.2
345	-0.024175	257.275887	0.001255	8.8
346	-1.153731	256.930396	0.007156	8.0
347	-0.752333	256.586139	0.007602	8.4
348	-1.179980	256.243109	0.012883	9.5
349	-0.991612	255.901300	0.008813	11.7
350	-0.504440	255.560703	0.005125	8.9
351	-0.550541	255.221313	0.006333	9.0
352	-1.161061	254.883122	0.008265	8.0
353	-1.023557	254.546124	0.010768	9.1
354	-0.856728	254.210311	0.006757	8.0
355	-1.222187	253.875677	0.007966	8.8
356	-0.601839	253.542215	0.006822	8.5
357	-1.017228	253.209918	0.007462	9.3
358	-0.011917	252.878781	0.001074	9.8
359	-0.819560	252.548795	0.006675	8.5
360	-0.587459	252.219956	0.005158	9.0
361	-1.162496	251.892255	0.008469	13.8
362	-1.163203	251.565688	0.009676	9.3
363	-0.385903	251.240247	0.002417	9.4
364	-0.134686	250.915926	0.001808	9.7
365	-0.491903	250.592720	0.006904	9.8
366	-0.908046	250.270621	0.012850	8.9
367	-0.860380	249.949624	0.005641	10.0
368	0.000000	249.629723	0.000000	10.0
369	-0.768625	249.310911	0.005203	9.5
370	0.000000	248.993182	0.000000	8.2
371	-1.014887	248.676531	0.006794	9.9
372	-0.118408	248.360952	0.003152	10.0
373	-0.643913	248.046438	0.006240	8.4
374	-1.049186	247.732984	0.006837	8.7
375	-1.107476	247.420584	0.010363	11.8
376	-1.224140	247.109233	0.015688	12.2
377	-0.000000	246.798924	0.000000	15.8
378	-0.331789	246.489652	0.003485	8.7
379	-0.074855	246.181412	0.001541	9.4
380	-0.000001	245.874197	0.000001	11.0
381	-0.041592	245.568002	0.004635	7.1
382	-0.390320	245.262822	0.005292	9.6
383	-1.008767	244.958652	0.015863	11.6
384	-1.066802	244.655485	0.007442	9.0
385	-0.003698	244.353317	0.000965	8.4
386	-0.930081	244.052142	0.006200	9.5
387	-0.944236	243.751955	0.007709	9.0
388	-1.167614	243.452750	0.010364	16.5
389	-0.000000	243.154523	0.000000	8.9
390	-1.232451	242.857268	0.007644	8.3
391	-1.142498	242.560980	0.010481	11.1
392	-0.423071	242.265654	0.005227	8.8
393	0.000000	241.971285	0.000000	13.2
394	-0.057162	241.677868	0.002521	12.9
395	-1.160367	241.385397	0.012790	8.4
396	-0.721751	241.093869	0.007442	8.6
397	-1.063910	240.803278	0.007483	8.8
398	-1.027167	240.513619	0.008286	8.9
399	-0.788706	240.224887	0.009170	9.3
400	0.000000	239.937077	0.000000	9.0
401	-0.441618	239.650186	0.003483	9.1
402	-0.209233	239.364207	0.003051	7.5
403	-0.927208	239.079136	0.011088	9.6
404	-1.242777	238.794969	0.009745	7.3
405	-0.004386	238.511701	0.000115	9.6
406	-0.278862	238.229327	0.003973	7.4
407	-0.968493	237.947843	0.009368	8.0
408	-1.298182	237.667244	0.010664	8.9
409	-0.031715	237.387526	0.000927	8.1
410	-0.611914	237.108684	0.002862	10.6
411	-0.444939	236.830714	0.006128	10.3
412	-1.133267	236.553610	0.008242	9.2
413	-0.000005	236.277370	0.000003	9.4
414	-0.092520	236.001989	0.002728	8.9
415	0.000000	235.727461	0.000000	7.5
416	-1.262871	235.453784	0.010220	8.6
417	-0.950704	235.180952	0.011579	8.5
418	-1.206964	234.908962	0.009141	12.4
419	-0.810343	234.637809	0.007779	8.7
420	-1.082339	234.367488	0.006101	9.7
421	-0.514081	234.097997	0.003446	9.3
422	-0.307487	233.829331	0.002693	8.3
423	-1.174365	233.561485	0.006485	9.2
424	-0.123604	233.294456	0.003163	8.7
425	-0.302453	233.028239	0.002071	8.8
426	-1.257942	232.762831	0.013265	8.4
427	-0.768081	232.498228	0.005600	20.3
428	-0.483691	232.234425	0.005061	13.9
429	-0.000005	231.971419	0.000003	13.4
430	-1.240119	231.709205	0.008852	15.8
431	-1.371188	231.447781	0.013400	8.7
432	-0.811395	231.187141	0.007604	9.7
433	-0.573415	230.927283	0.005523	9.5
434	-0.005451	230.668202	0.001084	8.6
435	-0.780346	230.409895	0.009504	8.8
436	-0.276240	230.152358	0.002991	10.7
437	0.000000	229.895587	0.000000	7.8
438	-0.508702	229.639578	0.004301	9.3
439	-1.022736	229.384329	0.010116	8.8
440	-0.551700	229.129834	0.005302	9.2
441	-1.197760	228.876091	0.016510	11.4
442	-1.351146	228.623096	0.010911	8.4
443	-0.945250	228.370846	0.007379	10.7
444	-0.063781	228.119336	0.002836	11.9
445	-0.017737	227.868563	0.001069	11.2
446	-0.003444	227.618525	0.000350	10.1
447	-0.302759	227.369216	0.003349	10.0
448	-1.346276	227.120635	0.013374	7.9
449	-1.129696	226.872777	0.008466	10.8
450	-1.246787	226.625638	0.007048	9.4
451	-0.978448	226.379217	0.006645	8.6
452	-0.808926	226.133509	0.009814	9.4
453	-0.714436	225.888510	0.003896	19.5
454	-1.195192	225.644218	0.007870	9.9
455	-0.601348	225.400630	0.004416	8.3
456	-1.217146	225.157741	0.014897	12.5
457	-0.776588	224.915549	0.006245	10.7
458	0.000000	224.674051	0.000000	8.5
459	-0.000323	224.433242	0.000194	9.3
460	-0.227337	224.193121	0.004255	7.8
461	0.000000	223.953684	0.000000	9.0
462	-0.962492	223.714927	0.012427	9.6
463	-0.026138	223.476848	0.003200	9.1
464	-0.551334	223.239444	0.004909	10.3
465	-0.750657	223.002710	0.006155	8.6
466	-0.718591	222.766645	0.012957	8.3
467	-0.340332	222.531245	0.003582	10.4
468	-0.175334	222.296508	0.004860	8.7
469	-0.785143	222.062429	0.005679	9.1
470	-0.097192	221.829007	0.001618	7.6
471	-0.201372	221.596238	0.002514	10.3
472	-1.254906	221.364119	0.008462	9.0
473	-1.198621	221.132647	0.005852	7.3
474	-0.761107	220.901820	0.005644	11.8
475	-0.886861	220.671634	0.008798	8.9
476	-0.846745	220.442086	0.008620	8.1
477	-1.217640	220.213174	0.007450	9.6
478	-0.032377	219.984895	0.003902	8.9
479	-0.160376	219.757246	0.005244	8.9
480	-1.213423	219.530224	0.006826	8.7
481	-0.495665	219.303826	0.004213	8.9
482	-0.538169	219.078050	0.004484	18.0
483	-0.526764	218.852893	0.005241	10.0
484	-0.386738	218.628352	0.003013	8.6
485	-1.027815	218.404424	0.005947	12.2
486	-0.794023	218.181106	0.004683	12.2
487	-0.917610	217.958397	0.011848	7.5
488	-0.428231	217.736292	0.003566	9.9
489	-0.000000	217.514790	0.000000	9.9
490	0.000000	217.293888	0.000000	47.7
491	-0.046123	217.073584	0.001584	20.6
492	-0.231406	216.853873	0.004030	21.1
493	-0.754873	216.634755	0.008243	20.4
494	-0.745486	216.416227	0.007532	13.7
495	-1.290522	216.198285	0.006882	9.0
496	-0.188577	215.980927	0.002619	10.1
497	-0.829243	215.764151	0.005936	11.0
498	-0.710490	215.547955	0.007330	7.3
499	-1.197440	215.332335	0.006453	8.8
500	-0.606881	215.117289	0.003335	9.2
501	-0.630930	214.902815	0.003929	10.1
502	-1.285100	214.688911	0.009723	8.5
503	-1.207719	214.475573	0.010816	9.6
504	-1.214295	214.262800	0.007863	9.2
505	-1.165606	214.050588	0.017426	8.4
506	-0.199354	213.838936	0.003392	9.0
507	-0.424438	213.627842	0.005196	9.3
508	-0.961017	213.417302	0.007891	8.2
509	0.000000	213.207314	0.000000	8.2
510	-0.811378	212.997877	0.004389	9.4
511	-1.211220	212.788987	0.008912	8.8
512	-0.967141	212.580642	0.006130	8.6
513	0.000000	212.372841	0.000000	8.6
514	-0.985457	212.165581	0.008948	9.0
515	-0.176877	211.958859	0.005845	9.1
516	0.000000	211.752673	0.000000	17.4
517	-1.137551	211.547021	0.010338	9.2
518	-0.933258	211.341902	0.010704	8.2
519	-0.389907	211.137311	0.004829	8.0
520	-1.018489	210.933248	0.008387	14.0
521	-0.202022	210.729710	0.003086	9.9
522	-1.282105	210.526695	0.009549	9.6
523	-1.001961	210.324200	0.006410	11.5
524	-0.000000	210.122224	0.000000	12.0
525	-0.346081	209.920765	0.002788	8.6
526	-0.030463	209.719820	0.001706	9.8
527	-0.166781	209.519387	0.005339	8.0
528	-0.006018	209.319463	0.000537	8.1
529	-1.272257	209.120048	0.010734	8.2
530	-0.986128	208.921139	0.006064	13.1
531	-0.769824	208.722733	0.004608	9.0
532	-1.137935	208.524829	0.008036	10.1
533	-1.247230	208.327425	0.010081	8.7
534	-0.005563	208.130518	0.000328	8.6
535	-1.056046	207.934107	0.008474	8.0
536	-0.284754	207.738189	0.006241	9.9
537	-1.169132	207.542762	0.007918	9.7
538	-1.248957	207.347825	0.009251	9.5
539	-0.068241	207.153376	0.002033	9.9
540	-0.001961	206.959412	0.000453	9.4
541	-0.099399	206.765932	0.002688	7.8
542	-1.275477	206.572933	0.010752	9.2
543	-1.003734	206.380414	0.004566	8.0
544	-0.900004	206.188373	0.008649	8.8
545	-0.578610	205.996807	0.006372	8.2
546	-1.107239	205.805716	0.008651	10.9
547	-1.282933	205.615096	0.010577	9.1
548	-1.358600	205.424946	0.008109	8.4
549	-0.000000	205.235265	0.000000	8.9
550	-0.202848	205.046050	0.002549	14.7
551	-0.148010	204.857299	0.005509	7.7
552	-0.146661	204.669011	0.003762	8.4
553	-1.007489	204.481184	0.008022	8.7
554	-0.742094	204.293816	0.005384	9.4
555	-1.315622	204.106905	0.004882	10.6
556	-0.317741	203.920449	0.006057	7.6
557	-0.932977	203.734447	0.006456	9.5
558	-1.036874	203.548896	0.009583	8.3
559	-0.865416	203.363795	0.011776	8.3
560	0.000000	203.179143	0.000000	10.0
561	-1.158140	202.994937	0.006541	9.5
562	-0.897045	202.811176	0.007998	8.7
563	0.000000	202.627857	0.000000	8.9
564	-0.414287	202.444980	0.004494	9.5
565	-1.251801	202.262543	0.012225	10.3
566	0.000000	202.080543	0.000000	8.1
567	-1.226919	201.898979	0.008152	8.5
568	-0.594863	201.717849	0.006723	8.8
569	-1.040663	201.537153	0.013350	9.7
570	-1.314390	201.356887	0.011334	8.4
571	-0.411119	201.177050	0.005806	9.5
572	-0.628606	200.997642	0.006890	9.5
573	-0.845041	200.818659	0.005296	9.8
574	-0.766581	200.640100	0.006947	9.4
575	-0.033331	200.461965	0.001201	9.2
576	-1.040716	200.284250	0.006648	9.5
577	-1.329878	200.106955	0.011483	8.7
578	-0.827799	199.930078	0.011941	8.6
579	-0.020148	199.753617	0.000834	7.9
580	-1.018934	199.577571	0.012196	10.7
581	-1.252320	199.401938	0.009874	8.8
582	-0.904626	199.226717	0.009990	13.0
583	-0.755779	199.051905	0.010667	9.9
584	-1.187086	198.877502	0.008200	8.8
585	-1.231180	198.703506	0.007642	9.1
586	-0.645232	198.529916	0.004297	10.1
587	-0.182605	198.356729	0.002909	9.1
588	-1.019817	198.183944	0.009592	9.8
589	-0.211231	198.011560	0.005178	10.1
590	-0.101399	197.839576	0.002042	9.2
591	-1.262328	197.667989	0.009657	10.6
592	-1.152474	197.496798	0.006898	11.9
593	-0.265556	197.326002	0.004464	9.0
594	-0.714684	197.155600	0.003830	9.1
595	-0.809452	196.985589	0.014315	8.8
596	-0.875437	196.815969	0.008769	11.4
597	-0.837329	196.646738	0.005063	9.5
598	-0.239604	196.477894	0.001757	9.5
599	-1.448844	196.309436	0.008089	10.7
600	-0.073774	196.141363	0.000673	9.6
601	-0.506416	195.973673	0.003042	12.8
602	-0.004118	195.806365	0.001240	9.2
603	-0.532775	195.639437	0.004887	11.2
604	-0.645979	195.472888	0.003680	16.8
605	-0.715623	195.306717	0.005693	8.1
606	-0.150619	195.140922	0.003745	14.1
607	-0.528082	194.975501	0.007389	16.5
608	-0.004233	194.810454	0.000003	17.3
609	-1.375056	194.645779	0.009971	11.8
610	-0.628030	194.481475	0.003608	16.3
611	-0.998288	194.317540	0.006096	12.9
612	-1.293561	194.153973	0.008157	12.7
613	-0.239555	193.990773	0.003111	15.4
614	-0.549920	193.827938	0.004516	10.1
615	-0.000000	193.665467	0.000000	11.5
616	-1.127871	193.503358	0.010335	16.3
617	-0.931444	193.341611	0.006864	12.3
618	-0.547020	193.180224	0.004103	12.9
619	-0.566743	193.019196	0.004870	13.3
620	-0.009977	192.858525	0.001023	11.5
621	-0.343122	192.698210	0.003878	13.6
622	-0.524823	192.538251	0.004639	11.4
623	-1.159920	192.378644	0.009414	11.8
624	-0.988080	192.219391	0.007385	10.0
625	-1.316610	192.060488	0.012647	14.9
626	-1.222648	191.901935	0.012706	9.1
627	-1.392212	191.743730	0.012727	9.2
628	-0.772199	191.585873	0.008873	9.2
629	-1.094150	191.428362	0.005490	11.1
630	-1.053943	191.271196	0.006911	13.1
631	-1.071877	191.114374	0.007117	10.3
632	-1.080356	190.957893	0.008049	14.9
633	-1.294719	190.801755	0.008141	12.6
634	-1.206715	190.645956	0.007350	12.4
635	-0.948204	190.490495	0.006392	13.3
636	-1.045825	190.335373	0.010260	11.8
637	-0.168379	190.180587	0.002601	10.8
638	-1.089038	190.026136	0.008417	12.5
639	-1.062630	189.872019	0.007452	11.9
640	-1.271770	189.718235	0.008301	12.1
641	-1.335866	189.564782	0.010959	9.7
642	-0.963471	189.411661	0.011144	10.4
643	-0.968336	189.258868	0.009355	14.1
644	-0.845437	189.106404	0.003906	13.8
645	-1.267204	188.954267	0.007747	9.1
646	-1.124431	188.802456	0.009195	8.4
647	-0.852281	188.650969	0.006676	9.0
648	-1.106453	188.499807	0.009284	8.6
649	-1.155932	188.348967	0.009300	9.8
650	-0.863495	188.198448	0.010423	8.5
651	-0.312230	188.048250	0.005068	9.5
652	-1.102324	187.898371	0.006828	8.6
653	-0.032908	187.748810	0.000632	8.6
654	-1.218989	187.599566	0.009927	10.1
655	-0.429098	187.450638	0.003117	9.3
656	-1.162166	187.302025	0.008316	9.1
657	-1.179721	187.153725	0.008697	10.2
658	-1.154870	187.005739	0.006700	9.7
659	-0.848078	186.858064	0.006367	9.5
660	-0.360985	186.710699	0.007271	9.0
661	-0.487288	186.563645	0.006421	9.2
662	-0.254020	186.416898	0.003484	8.8
663	-0.846140	186.270459	0.006378	9.7
664	-1.046964	186.124326	0.014105	9.4
665	-0.100103	185.978499	0.002170	9.8
666	-0.404332	185.832976	0.004881	8.8
667	-0.000000	185.687756	0.000000	11.0
668	-1.095347	185.542838	0.007720	9.3
669	-0.231868	185.398222	0.003568	8.5
670	-1.283839	185.253906	0.007610	8.9
671	-0.445735	185.109889	0.004837	9.3
672	-0.690290	184.966170	0.006487	10.2
673	-0.889751	184.822748	0.006719	10.3
674	-0.334033	184.679623	0.003981	8.3
675	-1.015863	184.536792	0.008971	9.8
676	-1.189863	184.394256	0.007260	8.7
677	-1.155118	184.252013	0.005993	8.6
678	-0.561200	184.110062	0.003468	8.2
679	-0.303277	183.968403	0.002677	8.7
680	-0.112065	183.827034	0.002607	10.6
681	-1.123499	183.685954	0.009530	9.0
682	-0.001012	183.545163	0.000139	8.4
683	-1.169354	183.404658	0.009362	10.1
684	-1.005591	183.264441	0.005003	8.7
685	-0.584033	183.124509	0.003756	8.5
686	-0.853708	182.984861	0.010474	14.3
687	-0.573633	182.845497	0.009917	12.8
688	-0.884024	182.706416	0.009819	9.3
689	-0.791634	182.567616	0.005442	9.8
690	-0.209514	182.429098	0.003606	11.3
691	-0.020710	182.290859	0.000638	7.3
692	-0.281297	182.152899	0.004952	11.2
693	-1.195241	182.015217	0.004945	11.0
694	-1.140208	181.877813	0.013197	8.3
695	-0.525659	181.740684	0.004672	10.9
696	-1.239052	181.603832	0.008075	8.1
697	-1.184111	181.467253	0.005217	11.1
698	-1.000140	181.330948	0.013259	9.9
699	-1.309774	181.194916	0.011412	9.3
700	-0.103873	181.059155	0.002738	9.8
701	0.000000	180.923666	0.000000	9.9
702	-1.300346	180.788446	0.007800	8.9
703	-0.668243	180.653496	0.007154	8.9
704	-1.200238	180.518814	0.006225	8.9
705	-0.298637	180.384399	0.005743	9.7
706	-1.110379	180.250251	0.009169	9.2
707	-0.981689	180.116369	0.006670	11.0
708	-0.548265	179.982752	0.003089	9.3
709	-1.148642	179.849398	0.013747	8.5
710	-0.069375	179.716308	0.000932	12.4
711	-0.343564	179.583480	0.001704	9.6
712	-0.268348	179.450913	0.004459	9.9
713	-1.183570	179.318607	0.005079	10.2
714	-0.097477	179.186561	0.004056	9.9
715	-0.004117	179.054774	0.000067	8.4
716	-1.221662	178.923245	0.008888	9.3
717	-0.770448	178.791973	0.009111	10.9
718	-0.571678	178.660958	0.005690	7.7
719	-0.977855	178.530199	0.007741	8.8
720	-1.174025	178.399694	0.009120	19.0
721	-1.208204	178.269444	0.013856	8.9
722	-0.131762	178.139447	0.003097	8.0
723	-0.000038	178.009702	0.000002	8.9
724	-0.820560	177.880209	0.006601	7.9
725	-1.360024	177.750967	0.013167	8.9
726	-0.445326	177.621975	0.005263	8.9
727	-0.740083	177.493232	0.005591	8.6
728	-0.865971	177.364738	0.011639	10.6
729	-1.232685	177.236492	0.009049	8.4
730	-1.338894	177.108492	0.011930	9.3
731	-1.228396	176.980739	0.011000	8.4
732	-1.278388	176.853231	0.006187	8.5
733	-0.272031	176.725968	0.005890	8.9
734	-0.025148	176.598949	0.002887	8.9
735	-0.722858	176.472173	0.007452	9.0
736	-1.253465	176.345639	0.011936	8.4
737	-0.625830	176.219348	0.006065	9.0
738	-1.231293	176.093296	0.008124	9.3
739	-0.816202	175.967486	0.008450	9.1
740	-1.286405	175.841914	0.005388	9.3
741	-0.900009	175.716581	0.010561	8.1
742	-0.769047	175.591486	0.005958	8.6
743	-1.251145	175.466629	0.007120	11.4
744	-0.302049	175.342008	0.003245	7.0
745	-0.782328	175.217622	0.006008	9.3
746	-1.031860	175.093472	0.004862	9.4
747	-0.059155	174.969556	0.002537	8.6
748	-0.987203	174.845873	0.005088	9.3
749	-0.924633	174.722423	0.012044	8.9
750	-1.208981	174.599206	0.008634	9.6
751	0.000000	174.476220	0.000000	7.4
752	-1.150684	174.353464	0.005730	9.4
753	-1.200464	174.230939	0.010937	8.9
754	-1.167625	174.108643	0.010538	10.0
755	-0.004911	173.986576	0.001845	9.6
756	-0.805195	173.864737	0.007333	9.1
757	-0.572055	173.743124	0.003211	8.7
758	-1.116543	173.621739	0.010877	9.0
759	-1.083418	173.500579	0.007259	9.7
760	-0.983724	173.379645	0.008059	8.1
761	-0.002208	173.258935	0.001044	8.9
762	-0.996224	173.138449	0.010164	11.2
763	-0.589128	173.018186	0.006182	8.2
764	-1.061616	172.898146	0.008135	9.2
765	-0.676955	172.778327	0.004951	8.8
766	-0.963748	172.658730	0.006477	9.2
767	-1.166186	172.539353	0.009815	8.1
768	-1.195596	172.420196	0.009676	9.8
769	-0.216874	172.301258	0.004110	9.8
770	-0.053278	172.182539	0.000331	20.6
771	-0.003062	172.064037	0.000719	8.5
772	-0.853410	171.945753	0.009491	8.4
773	-0.038314	171.827686	0.002777	7.9
774	-0.795195	171.709834	0.009848	9.4
775	-1.134262	171.592198	0.006009	10.6
776	-0.279751	171.474776	0.004274	8.9
777	-0.988351	171.357568	0.009784	9.1
778	-0.361093	171.240574	0.004992	8.2
779	-0.429147	171.123793	0.002797	13.9
780	-1.095061	171.007223	0.006746	7.7
781	-0.000000	170.890865	0.000000	9.0
782	-1.123979	170.774718	0.008970	8.3
783	-0.255397	170.658782	0.003060	12.3
784	-0.000000	170.543055	0.000000	8.1
785	-1.102405	170.427537	0.005819	8.6
786	-0.366979	170.312227	0.004908	9.3
787	-0.494686	170.197125	0.003488	9.4
788	-1.192245	170.082231	0.008286	8.1
789	-0.122186	169.967543	0.004590	9.2
790	-1.308939	169.853061	0.005103	8.9
791	-1.016032	169.738784	0.006020	7.9
792	-0.958053	169.624713	0.007636	8.9
793	-0.790300	169.510845	0.004312	7.9
794	-1.270499	169.397181	0.006133	8.9
795	-0.855573	169.283720	0.005313	7.1
796	-0.893918	169.170462	0.008855	10.4
797	-1.062730	169.057405	0.019763	8.4
798	-0.623745	168.944549	0.004550	8.7
799	-0.692571	168.831895	0.005590	15.5
800	-1.307313	168.719440	0.006111	7.8
801	-0.720315	168.607185	0.003673	8.8
802	-1.240023	168.495129	0.011506	10.4
803	-1.274166	168.383271	0.009473	9.3
804	-1.108241	168.271611	0.005997	9.2
805	-0.657695	168.160148	0.007287	9.2
806	-0.732779	168.048882	0.006747	8.3
807	-0.173556	167.937812	0.003613	13.4
808	-1.155652	167.826938	0.010793	8.4
809	-0.918004	167.716258	0.007283	12.2
810	-0.566155	167.605773	0.002515	11.1
811	-0.836010	167.495482	0.006868	8.9
812	-1.040880	167.385384	0.005733	8.3
813	-0.061862	167.275479	0.002578	13.3
814	-0.541412	167.165766	0.005333	9.1
815	-1.310221	167.056245	0.009086	9.3
816	-0.427476	166.946915	0.005064	8.6
817	-0.888059	166.837776	0.006374	9.4
818	-0.753838	166.728826	0.006547	8.2
819	-0.867752	166.620067	0.006982	8.1
820	-0.339246	166.511496	0.004735	8.6
821	-0.185261	166.403113	0.002260	13.1
822	-0.001210	166.294919	0.000268	8.8
823	-1.100248	166.186912	0.009389	8.1
824	-1.027571	166.079091	0.009851	8.3
825	-1.119656	165.971458	0.011515	8.4
826	-0.663844	165.864009	0.005739	9.5
827	-0.274569	165.756747	0.002911	10.1
828	-1.291447	165.649669	0.009121	8.6
829	-0.015150	165.542775	0.000711	8.8
830	-0.201950	165.436065	0.004157	8.2
831	-1.190400	165.329538	0.007761	8.5
832	-0.375080	165.223194	0.004132	8.5
833	-0.026836	165.117032	0.002494	9.2
834	-1.278225	165.011052	0.006477	10.4
835	-1.342550	164.905253	0.009725	9.2
836	-1.324705	164.799635	0.009974	9.4
837	-0.664394	164.694197	0.003075	8.3
838	-0.788055	164.588939	0.004815	9.3
839	-1.312413	164.483859	0.009911	9.4
840	-0.339474	164.378959	0.003247	8.0
841	-0.818956	164.274237	0.006457	8.9
842	-0.941469	164.169692	0.012005	8.4
843	-1.187384	164.065325	0.006926	8.8
844	-1.072957	163.961135	0.012271	9.0
845	-0.488271	163.857120	0.002955	8.7
846	-0.271610	163.753282	0.003161	9.4
847	-0.811629	163.649619	0.006528	8.7
848	-0.983995	163.546130	0.006553	9.2
849	-0.296002	163.442816	0.004250	8.6
850	-0.052696	163.339676	0.001534	7.8
851	-1.041626	163.236709	0.012644	8.6
852	-0.644570	163.133915	0.005489	8.9
853	-0.000082	163.031294	0.000050	9.7
854	-0.298927	162.928844	0.002895	8.1
855	-0.906492	162.826566	0.006325	8.9
856	-0.796715	162.724459	0.010697	8.8
857	-0.025757	162.622523	0.001654	9.6
858	-0.639300	162.520757	0.005295	9.6
859	-0.951434	162.419160	0.005460	8.2
860	-0.893047	162.317733	0.005256	12.0
861	-0.967647	162.216474	0.005634	9.1
862	-0.732161	162.115383	0.005406	10.4
863	-0.385033	162.014461	0.003980	9.1
864	-0.070453	161.913705	0.001045	8.0
865	-0.735567	161.813117	0.010070	8.3
866	0.000000	161.712695	0.000000	8.6
867	-1.296906	161.612439	0.010780	8.7
868	-1.223801	161.512349	0.009579	14.9
869	-1.008735	161.412424	0.005332	9.1
870	-1.193380	161.312663	0.007310	8.8
871	0.000000	161.213067	0.000000	9.0
872	-0.060520	161.113635	0.002049	8.8
873	-0.153302	161.014366	0.004017	8.8
874	-0.682018	160.915260	0.008570	8.3
875	-1.080629	160.816316	0.010916	7.0
876	-1.319701	160.717535	0.008127	9.0
877	-0.941595	160.618915	0.009140	8.1
878	-0.738988	160.520456	0.004606	10.3
879	-0.656018	160.422158	0.006251	8.7
880	-0.034344	160.324021	0.001223	8.9
881	-0.244057	160.226043	0.003977	8.0
882	0.000000	160.128225	0.000000	8.9
883	-1.077394	160.030566	0.006752	9.0
884	-0.696981	159.933066	0.005992	9.9
885	-1.000950	159.835723	0.007946	9.1
886	-1.018077	159.738539	0.006774	7.6
887	-0.988976	159.641512	0.005939	9.2
888	-1.193999	159.544642	0.008946	23.0
889	-0.893072	159.447929	0.005149	7.6
890	-1.133737	159.351372	0.011635	17.4
891	0.000000	159.254971	0.000000	8.6
892	-0.479581	159.158725	0.005692	7.3
893	-0.129704	159.062634	0.004772	8.4
894	-1.358199	158.966697	0.013530	9.4
895	-0.008403	158.870915	0.001296	9.7
896	-1.331535	158.775286	0.012899	12.6
897	-1.059528	158.679811	0.009267	8.0
898	-1.062147	158.584489	0.005752	7.7
899	-1.000378	158.489319	0.008277	7.6
900	-0.152547	158.394302	0.002564	7.6
901	-1.201353	158.299436	0.011152	8.9
902	-0.953781	158.204721	0.007626	8.7
903	-0.382629	158.110158	0.005660	8.8
904	0.000000	158.015745	0.000000	8.2
905	-0.428145	157.921482	0.006441	12.8
906	-0.018148	157.827369	0.000095	8.6
907	0.000000	157.733406	0.000000	8.8
908	-0.109365	157.639591	0.001431	11.1
909	-1.234509	157.545925	0.005623	9.9
910	-0.842990	157.452408	0.004645	6.9
911	-1.216735	157.359038	0.006311	8.6
912	-1.387222	157.265816	0.007869	8.2
913	-1.192770	157.172741	0.006275	9.5
914	-1.101632	157.079813	0.005145	8.7
915	-1.153570	156.987031	0.011247	9.7
916	-0.000000	156.894395	0.000000	10.3
917	-1.259403	156.801904	0.009592	7.8
918	-1.314042	156.709559	0.008522	8.4
919	-0.537578	156.617359	0.004677	9.0
920	-1.370176	156.525304	0.009737	11.3
921	-1.374602	156.433392	0.006195	9.0
922	-1.166482	156.341624	0.010391	7.1
923	-1.086456	156.250000	0.011392	8.8
924	-0.977111	156.158519	0.005559	8.3
925	-0.705816	156.067180	0.004636	8.7
926	-1.067594	155.975984	0.006782	7.7
927	-0.836941	155.884930	0.008786	9.3
928	-0.522988	155.794017	0.005267	7.9
929	-1.222293	155.703246	0.012246	7.6
930	-0.136346	155.612615	0.003659	10.1
931	-0.360916	155.522125	0.004356	8.8
932	-0.695574	155.431775	0.004969	8.7
933	-1.226220	155.341565	0.008772	9.0
934	-0.455796	155.251495	0.005296	8.0
935	-0.574141	155.161563	0.005720	9.0
936	-0.627355	155.071771	0.002561	9.1
937	-0.894999	154.982117	0.005051	9.1
938	-1.171147	154.892601	0.006924	9.3
939	-1.256221	154.803222	0.011371	8.0
940	-0.083826	154.713981	0.001722	9.2
941	-1.276045	154.624878	0.011719	8.8
942	-0.949790	154.535910	0.010616	10.2
943	-1.053932	154.447080	0.010538	9.7
944	-1.250931	154.358385	0.009567	8.2
945	-0.123949	154.269826	0.004249	10.6
946	0.000000	154.181402	0.000000	16.5
947	-0.969297	154.093114	0.013475	7.0
948	-0.965838	154.004960	0.004395	8.1
949	-1.228172	153.916940	0.011005	7.5
950	-0.969932	153.829054	0.006011	8.5
951	-1.099193	153.741303	0.008249	9.2
952	-1.258298	153.653684	0.011744	9.1
953	-1.181031	153.566198	0.010512	10.6
954	-0.007375	153.478846	0.000572	8.5
955	-0.045165	153.391625	0.000369	36.5
956	-1.310471	153.304537	0.010385	8.1
957	-1.260480	153.217580	0.007569	10.5
958	-1.284808	153.130755	0.009247	11.8
959	-0.767351	153.044061	0.006445	8.0
960	-0.846369	152.957498	0.008355	8.2
961	-0.531522	152.871065	0.008004	8.7
962	-0.676893	152.784762	0.006117	9.0
963	-1.157738	152.698589	0.013694	10.6
964	-1.014757	152.612545	0.005007	7.8
965	-0.902742	152.526631	0.005594	8.9
966	-0.798393	152.440845	0.010220	8.3
967	-1.181397	152.355188	0.009311	12.1
968	-1.233816	152.269660	0.009800	8.5
969	-1.289781	152.184259	0.013656	8.6
970	-1.171934	152.098986	0.009535	8.2
971	-0.810102	152.013840	0.008841	8.7
972	-0.741340	151.928821	0.004605	9.0
973	-0.597368	151.843928	0.003822	10.0
974	-0.491077	151.759163	0.005879	8.1
975	-1.335362	151.674523	0.004944	8.6
976	-1.142603	151.590009	0.003685	9.0
977	-0.802207	151.505620	0.003853	9.8
978	-0.795295	151.421357	0.006156	8.2
979	-0.000000	151.337218	0.000000	9.2
980	-0.928329	151.253204	0.006094	9.5
981	-0.333104	151.169314	0.005752	8.3
982	-0.765120	151.085549	0.007725	9.0
983	-1.130465	151.001907	0.009237	19.8
984	-0.828808	150.918388	0.006728	9.0
985	-1.306955	150.834992	0.011044	8.1
986	-1.137535	150.751719	0.008734	8.4
987	-1.256946	150.668569	0.010628	9.5
988	-0.730172	150.585541	0.006969	8.5
989	-1.194699	150.502634	0.007338	9.5
990	-0.929231	150.419849	0.010318	9.5
991	-1.193192	150.337186	0.007667	8.5
992	-1.183292	150.254644	0.010071	8.6
993	-0.191016	150.172222	0.003056	8.1
994	-0.879589	150.089921	0.005577	8.8
995	-0.017955	150.007740	0.002271	8.3
996	-1.069314	149.925679	0.012533	8.9
997	-0.091308	149.843737	0.002767	8.3
998	-1.318036	149.761915	0.009773	10.1
999	-1.318729	149.680212	0.010091	8.1
1000	-0.880060	149.598627	0.007486	8.9
1001	-0.648691	149.517161	0.006151	9.5
1002	-1.081825	149.435814	0.015240	8.0
1003	-0.638055	149.354584	0.005310	8.8
1004	-1.015515	149.273472	0.006646	13.0
1005	-1.184223	149.192477	0.013082	8.0
1006	-1.308088	149.111599	0.007819	8.9
1007	-0.487460	149.030838	0.003227	8.7
1008	-0.592416	148.950194	0.006706	9.0
1009	-0.925748	148.869666	0.006182	9.8
1010	-1.136402	148.789253	0.012960	8.1
1011	-0.988431	148.708957	0.004776	8.8
1012	-1.078152	148.628776	0.009280	19.3
1013	-1.323501	148.548710	0.009035	8.7
1014	-0.237955	148.468759	0.002949	8.1
1015	-0.254354	148.388923	0.003156	8.8
1016	-1.089492	148.309201	0.006237	8.1
1017	-1.305697	148.229594	0.007912	8.6
1018	-0.973018	148.150100	0.011674	8.2
1019	-0.286852	148.070719	0.006014	8.0
1020	-0.236939	147.991452	0.005665	8.3
1021	-1.266698	147.912298	0.008031	8.3
1022	-0.601530	147.833257	0.006693	8.8
1023	-0.308083	147.754329	0.003992	8.6
1024	-0.579438	147.675512	0.005253	8.7
1025	-0.541553	147.596808	0.007848	9.2
1026	-0.954569	147.518216	0.006089	9.5
1027	-0.788345	147.439735	0.004782	10.6
1028	-0.000000	147.361365	0.000000	8.8
1029	-1.171779	147.283106	0.007855	8.7
1030	-1.097615	147.204958	0.010446	9.4
1031	-0.909845	147.126920	0.009557	8.6
1032	-0.814617	147.048993	0.010675	9.3
1033	-1.067633	146.971175	0.011228	8.8
1034	-0.811982	146.893468	0.011640	9.3
1035	-1.333918	146.815869	0.011887	8.7
1036	-0.921823	146.738380	0.005883	9.3
1037	-1.041806	146.661000	0.006532	11.8
1038	-1.331264	146.583729	0.007335	8.0
1039	-0.697485	146.506566	0.004935	9.1
1040	-0.000198	146.429511	0.000127	9.5
1041	-1.045986	146.352565	0.006556	8.0
1042	-0.337330	146.275726	0.004198	16.0
1043	-0.604201	146.198994	0.004232	7.9
1044	-0.044735	146.122370	0.002259	7.7
1045	-0.037711	146.045853	0.002535	8.8
1046	-0.319389	145.969442	0.003097	9.1
1047	-0.788496	145.893139	0.005598	9.0
1048	-0.457711	145.816941	0.006410	8.3
1049	-1.217742	145.740849	0.007111	8.4
1050	-0.476686	145.664863	0.003032	9.6
1051	-1.019930	145.588983	0.007730	8.5
1052	-1.035486	145.513208	0.009244	9.0
1053	-1.111930	145.437538	0.011747	8.9
1054	-1.262839	145.361973	0.008746	12.6
1055	-0.616917	145.286513	0.005242	16.9
1056	-0.090033	145.211157	0.001252	9.8
1057	-0.112160	145.135905	0.001930	8.3
1058	-0.528547	145.060757	0.004040	8.1
1059	-0.000000	144.985712	0.000000	11.4
1060	-0.076088	144.910771	0.002015	9.0
1061	-1.153693	144.835934	0.006004	10.9
1062	-0.118857	144.761199	0.004047	8.2
1063	-0.451225	144.686567	0.003181	9.2
1064	0.000000	144.612037	0.000000	8.2
1065	0.000000	144.537610	0.000000	8.1
1066	-1.233451	144.463285	0.008244	9.3
1067	-0.928779	144.389062	0.009986	8.5
1068	-0.939052	144.314940	0.006179	8.4
1069	-0.244517	144.240920	0.002214	9.9
1070	-0.948491	144.167001	0.009747	7.9
1071	-0.446522	144.093182	0.005552	8.8
1072	-1.099739	144.019465	0.013020	8.6
1073	-1.142695	143.945848	0.007338	8.3
1074	-1.255148	143.872331	0.011071	8.9
1075	-1.236253	143.798914	0.007215	9.2
1076	-0.901120	143.725597	0.005115	9.0
1077	-1.328701	143.652380	0.009303	7.7
1078	-1.242165	143.579262	0.007000	8.4
1079	-1.313466	143.506243	0.009109	9.5
1080	-0.748027	143.433323	0.008152	9.0
1081	-1.043629	143.360502	0.005821	8.6
1082	-1.247163	143.287780	0.012345	8.3
1083	-0.000000	143.215155	0.000000	9.2
1084	-0.402038	143.142629	0.003494	8.2
1085	-1.266493	143.070201	0.006232	11.0
1086	0.000000	142.997870	0.000000	7.6
1087	-0.983459	142.925637	0.014453	9.3
1088	-1.275448	142.853501	0.009856	8.8
1089	-1.249684	142.781462	0.004883	8.6
1090	-0.910152	142.709519	0.003927	8.8
1091	-0.928663	142.637674	0.009809	8.9
1092	-1.318533	142.565924	0.008019	8.5
1093	-1.304562	142.494271	0.010479	8.5
1094	-0.000000	142.422714	0.000000	8.3
1095	-0.107451	142.351252	0.004238	8.6
1096	-1.182409	142.279886	0.011609	8.6
1097	-0.775416	142.208616	0.009020	11.2
1098	-0.132620	142.137440	0.003315	13.6
1099	-0.654285	142.066360	0.003860	18.0
1100	-1.286102	141.995374	0.006244	8.5
1101	-0.000000	141.924483	0.000000	8.2
1102	-1.313996	141.853685	0.012206	9.2
1103	-0.523369	141.782983	0.004865	8.7
1104	-0.048784	141.712373	0.001899	9.0
1105	-1.151844	141.641858	0.004905	8.6
1106	-1.185602	141.571436	0.007511	8.7
1107	-0.918636	141.501108	0.007954	8.1
1108	-1.318530	141.430872	0.008523	8.2
1109	-1.278682	141.360730	0.005849	8.2
1110	0.000000	141.290680	0.000000	8.5
1111	-0.559806	141.220722	0.006667	21.2
1112	-1.115771	141.150857	0.005727	16.6
1113	-0.764444	141.081084	0.007638	15.7
1114	-1.034054	141.011403	0.008991	16.1
1115	-0.337229	140.941813	0.002350	14.9
1116	-0.220334	140.872315	0.003134	16.1
1117	-0.470087	140.802909	0.003051	14.1
1118	-0.908955	140.733593	0.007489	8.4
1119	-0.776283	140.664369	0.005706	23.6
1120	-0.002269	140.595235	0.000444	6.8
1121	-0.236384	140.526192	0.003388	8.9
1122	-0.852966	140.457239	0.006982	8.4
1123	-0.832348	140.388376	0.008247	15.1
1124	-0.000000	140.319603	0.000000	10.5
1125	-1.185945	140.250920	0.009822	10.2
1126	-1.260815	140.182326	0.007580	8.2
1127	-0.776992	140.113822	0.005896	9.8
1128	-0.291067	140.045407	0.004764	8.2
1129	-1.241491	139.977081	0.006004	9.4
1130	-0.026961	139.908844	0.000946	9.9
1131	-1.311038	139.840696	0.007022	8.8
1132	-0.609115	139.772635	0.003736	8.5
1133	-0.961251	139.704664	0.004757	11.8
1134	-1.202110	139.636780	0.005166	8.9
1135	-0.357514	139.568984	0.003945	7.5
1136	-0.249321	139.501276	0.002255	12.0
1137	0.000000	139.433655	0.000000	9.7
1138	-0.092244	139.366122	0.001933	8.9
1139	-0.803872	139.298676	0.004648	8.7
1140	-0.759807	139.231317	0.008266	8.2
1141	-0.084866	139.164045	0.002726	8.9
1142	-1.258149	139.096859	0.014638	8.4
1143	-0.860327	139.029760	0.008241	9.7
1144	-0.450355	138.962747	0.005447	8.0
1145	-1.340672	138.895820	0.008624	9.8
1146	-0.630082	138.828978	0.007513	9.0
1147	-1.110238	138.762223	0.005498	9.8
1148	-1.107756	138.695553	0.007375	8.9
1149	-0.336970	138.628969	0.004609	12.3
1150	-0.726615	138.562469	0.004269	9.5
1151	-0.265295	138.496055	0.003764	11.9
1152	-0.879185	138.429725	0.009054	12.4
1153	-1.197745	138.363481	0.007885	11.8
1154	-0.403973	138.297320	0.005567	9.1
1155	-0.052113	138.231244	0.002398	11.7
1156	-0.816843	138.165252	0.008024	8.8
1157	-1.076789	138.099344	0.004075	9.2
1158	-1.105642	138.033520	0.008260	8.6
1159	-1.055268	137.967779	0.008025	9.7
1160	-0.056374	137.902122	0.001194	9.5
1161	-1.364355	137.836548	0.009528	9.7
1162	-1.126352	137.771057	0.009751	9.9
1163	-0.003965	137.705649	0.000749	11.4
1164	-1.108194	137.640324	0.009041	12.1
1165	-0.302002	137.575081	0.003514	10.8
1166	-1.253463	137.509921	0.007557	10.6
1167	-0.365923	137.444842	0.004671	10.8
1168	-1.066440	137.379846	0.005378	10.9
1169	0.000000	137.314932	0.000000	10.8
1170	-0.117167	137.250100	0.001518	9.5
1171	-1.057142	137.185349	0.006800	9.6
1172	-0.854473	137.120680	0.005478	10.4
1173	-0.012925	137.056092	0.000998	10.5
1174	-1.331639	136.991585	0.011588	14.5
1175	-0.792691	136.927158	0.008044	9.1
1176	-1.036335	136.862813	0.007798	11.3
1177	-0.128784	136.798548	0.004950	11.3
1178	-1.113079	136.734363	0.005924	10.7
1179	-1.268459	136.670259	0.009334	9.9
1180	-1.055774	136.606235	0.006626	11.3
1181	-0.175216	136.542291	0.001859	9.2
1182	-1.271084	136.478426	0.012063	10.0
1183	-0.889224	136.414641	0.006866	9.7
1184	-1.217645	136.350936	0.007837	10.0
1185	-1.184475	136.287310	0.007752	9.8
1186	-0.090495	136.223763	0.001992	9.3
1187	-0.284546	136.160295	0.002092	10.2
1188	-1.037821	136.096905	0.009245	10.2
1189	-0.890931	136.033594	0.004381	13.4
1190	-0.065636	135.970362	0.001519	8.4
1191	-0.574527	135.907208	0.004611	17.8
1192	-1.221041	135.844133	0.008265	8.6
1193	-1.052309	135.781135	0.007111	8.6
1194	-0.011390	135.718215	0.000022	9.3
1195	-0.189824	135.655373	0.002226	11.2
1196	-1.242426	135.592608	0.015628	9.8
1197	-0.125397	135.529921	0.001893	9.1
1198	-1.084171	135.467311	0.003955	10.5
1199	-1.211202	135.404778	0.008974	9.5
1200	-1.133605	135.342322	0.011738	11.0
1201	-1.190425	135.279942	0.010151	10.7
1202	-0.118699	135.217640	0.005139	11.7
1203	-0.903575	135.155413	0.008573	9.8
1204	-1.151391	135.093263	0.008652	10.5
1205	-0.830530	135.031190	0.005140	10.7
1206	-1.014552	134.969192	0.013208	9.9
1207	-0.941858	134.907270	0.005957	10.9
1208	-0.425315	134.845424	0.004904	11.3
1209	-0.351301	134.783653	0.005127	11.3
1210	-0.305980	134.721958	0.002771	10.4
1211	-0.145729	134.660338	0.002486	10.1
1212	-1.029021	134.598793	0.010943	9.8
1213	-1.178239	134.537323	0.008578	10.4
1214	-0.700334	134.475927	0.005424	12.6
1215	-1.219668	134.414607	0.008829	11.5
1216	-0.135613	134.353361	0.002824	10.6
1217	-0.686306	134.292189	0.005218	10.2
1218	-0.734345	134.231092	0.006335	11.3
1219	-0.999033	134.170068	0.011350	9.8
1220	-0.102230	134.109119	0.001187	11.3
1221	-1.237125	134.048243	0.008641	10.6
1222	-0.442734	133.987441	0.003930	10.6
1223	-1.030936	133.926713	0.010991	11.4
1224	-1.345478	133.866057	0.009703	10.1
1225	-0.887000	133.805475	0.004244	10.3
1226	-0.954839	133.744966	0.005840	10.3
1227	-0.022859	133.684530	0.001002	10.5
1228	-1.083755	133.624167	0.007464	9.9
1229	-0.901176	133.563877	0.013607	10.9
1230	-0.804201	133.503658	0.004970	10.6
1231	-0.920588	133.443513	0.006657	11.9
1232	-0.173866	133.383439	0.004642	10.2
1233	-1.255063	133.323437	0.009750	9.0
1234	-1.044429	133.263508	0.005899	10.4
1235	-1.288400	133.203650	0.007203	9.5
1236	-1.137573	133.143864	0.010706	10.0
1237	-1.081626	133.084149	0.005880	9.4
1238	-0.969556	133.024506	0.006859	8.9
1239	-1.127396	132.964934	0.006937	8.5
1240	-1.320464	132.905433	0.005802	9.5
1241	-0.782177	132.846003	0.004556	7.9
1242	-0.447154	132.786643	0.003801	9.0
1243	-1.009149	132.727355	0.008567	8.9
1244	-0.675893	132.668137	0.005909	8.6
1245	-1.198700	132.608989	0.010543	10.9
1246	-0.141777	132.549912	0.002935	8.6
1247	-0.931370	132.490904	0.010149	10.6
1248	-0.605038	132.431967	0.004326	9.8
1249	-0.871666	132.373100	0.010527	9.2
1250	-0.055784	132.314302	0.001478	9.3
1251	-1.258430	132.255574	0.009962	8.9
1252	-0.742844	132.196916	0.003663	8.6
1253	-0.901817	132.138326	0.006718	47.5
1254	-1.022279	132.079806	0.006087	41.6
1255	-0.000000	132.021355	0.000000	21.8
1256	-0.529987	131.962973	0.005811	26.4
1257	-1.341256	131.904660	0.009694	28.2
1258	-0.074488	131.846415	0.003288	17.5
1259	-0.495853	131.788239	0.003209	16.9
1260	-1.031438	131.730131	0.009278	13.8
1261	-0.820523	131.672092	0.005135	13.6
1262	-0.909697	131.614121	0.004393	15.3
1263	-1.173024	131.556217	0.004646	18.0
1264	-0.993677	131.498382	0.009293	20.7
1265	-1.221114	131.440614	0.007722	20.0
1266	-1.018964	131.382914	0.007819	13.4
1267	-0.434150	131.325282	0.005683	10.4
1268	-0.350285	131.267717	0.004066	15.4
1269	-1.184212	131.210219	0.007167	10.6
1270	-1.282427	131.152788	0.014115	18.1
1271	-1.073754	131.095424	0.008306	13.9
1272	-0.844537	131.038127	0.006958	16.7
1273	-0.592504	130.980897	0.005535	21.1
1274	-0.569646	130.923733	0.004114	26.6
1275	-1.041224	130.866636	0.013722	15.8
1276	-1.275405	130.809605	0.007313	16.3
1277	-0.923414	130.752641	0.010396	12.7
1278	-1.098531	130.695742	0.005139	17.2
1279	-0.236384	130.638910	0.004418	10.6
1280	-1.053398	130.582143	0.007254	17.4
1281	0.000000	130.525442	0.000000	8.9
1282	-0.384243	130.468807	0.004276	11.6
1283	-0.100764	130.412237	0.002305	11.5
1284	-1.151941	130.355733	0.007827	9.6
1285	-1.153481	130.299294	0.008608	8.9
1286	-0.087583	130.242920	0.002854	12.2
1287	-1.023122	130.186611	0.006725	10.1
1288	-1.160991	130.130366	0.008037	9.7
1289	-0.930683	130.074187	0.007090	11.5
1290	-0.811205	130.018072	0.007039	14.1
1291	-1.282044	129.962022	0.008854	11.7
1292	0.000000	129.906036	0.000000	8.5
1293	-0.047127	129.850114	0.003899	11.9
1294	0.000000	129.794257	0.000000	11.0
1295	-1.211631	129.738463	0.005245	9.3
1296	-0.036581	129.682734	0.000850	11.2
1297	-1.119751	129.627068	0.004669	8.9
1298	-0.927537	129.571466	0.007233	10.7
1299	-1.365853	129.515927	0.010984	8.1
1300	-0.600757	129.460452	0.004517	8.6
1301	-0.229951	129.405040	0.005510	9.6
1302	-1.083796	129.349692	0.010072	9.5
1303	-0.139857	129.294406	0.005881	13.0
1304	-1.209579	129.239183	0.006332	10.4
1305	-1.403566	129.184024	0.006431	11.2
1306	-1.193653	129.128927	0.014267	11.5
1307	-0.978864	129.073892	0.009544	9.3
1308	-0.468240	129.018921	0.003720	10.2
1309	-0.096084	128.964011	0.001910	8.7
1310	-0.203264	128.909164	0.003922	9.3
1311	-0.297108	128.854379	0.007179	11.3
1312	-0.645325	128.799656	0.007724	11.9
1313	-0.035751	128.744995	0.001617	8.5
1314	-1.254435	128.690396	0.010304	9.8
1315	-1.190598	128.635858	0.011102	11.5
1316	-1.271769	128.581382	0.009129	9.1
1317	-1.360614	128.526968	0.012807	9.7
1318	-0.697768	128.472615	0.006916	15.4
1319	-0.460197	128.418323	0.004079	15.0
1320	-0.869005	128.364092	0.006748	9.2
1321	-0.633562	128.309922	0.007722	13.4
1322	-0.795774	128.255814	0.007215	12.2
1323	-1.039326	128.201766	0.005587	10.1
1324	-0.929049	128.147778	0.008991	9.3
1325	-0.985304	128.093852	0.004897	11.6
1326	-0.216284	128.039985	0.005496	9.1
1327	-0.884174	127.986180	0.007988	11.1
1328	-1.315898	127.932434	0.008818	11.7
1329	-1.088538	127.878749	0.009064	13.0
1330	-0.013667	127.825123	0.000548	15.5
1331	-0.000000	127.771558	0.000000	15.8
1332	-0.000048	127.718052	0.000037	9.5
1333	-0.926705	127.664606	0.007528	11.8
1334	-1.164082	127.611220	0.006729	11.3
1335	-0.909568	127.557893	0.013608	9.6
1336	-0.766481	127.504625	0.005173	11.5
1337	-0.964689	127.451417	0.007705	11.0
1338	-0.203494	127.398268	0.004907	12.6
1339	-0.045425	127.345178	0.001355	9.3
1340	-0.087511	127.292147	0.002806	11.3
1341	-1.289210	127.239175	0.007672	12.1
1342	-1.223005	127.186261	0.008556	8.7
1343	-0.873318	127.133407	0.006435	9.8
1344	-1.310417	127.080610	0.009355	11.0
1345	-0.558530	127.027872	0.007146	9.5
1346	-1.187035	126.975193	0.007750	11.0
1347	-1.263030	126.922572	0.012952	11.0
1348	-1.078036	126.870008	0.012263	9.0
1349	-0.041098	126.817503	0.003894	12.5
1350	-1.209239	126.765056	0.008446	9.3
1351	-0.757303	126.712667	0.010127	9.4
1352	-0.772392	126.660335	0.008694	9.1
1353	0.000000	126.608061	0.000000	8.6
1354	-0.015650	126.555844	0.001995	9.1
1355	-1.003843	126.503685	0.004597	8.5
1356	-0.050003	126.451583	0.001188	8.5
1357	-1.314593	126.399538	0.007830	8.5
1358	-1.260980	126.347550	0.006834	8.9
1359	-0.000432	126.295619	0.000257	8.8
1360	-0.070685	126.243745	0.004127	12.0
1361	-0.153737	126.191928	0.004052	9.0
1362	-0.875448	126.140168	0.009575	9.5
1363	-0.821438	126.088464	0.005440	9.4
1364	-0.308071	126.036817	0.003996	8.6
1365	-0.004792	125.985226	0.000322	8.9
1366	-1.160910	125.933691	0.005630	10.6
1367	-0.339504	125.882212	0.004010	7.5
1368	-1.179343	125.830790	0.007487	8.7
1369	-0.477480	125.779423	0.003289	9.0
1370	-1.073259	125.728113	0.008230	8.6
1371	-0.988972	125.676858	0.003931	8.4
1372	-1.148293	125.625659	0.010456	8.5
1373	-1.061714	125.574515	0.006046	8.0
1374	-0.262764	125.523427	0.002874	8.3
1375	-0.842800	125.472394	0.006712	8.3
1376	-1.016694	125.421417	0.008286	8.5
1377	-0.441889	125.370495	0.007060	11.0
1378	-0.562070	125.319628	0.005906	9.2
1379	-1.299360	125.268815	0.009501	9.1
1380	-1.086203	125.218058	0.008382	10.3
1381	-1.320926	125.167356	0.013191	8.2
1382	-0.174274	125.116708	0.003467	9.0
1383	-0.726469	125.066115	0.007462	8.1
1384	-1.131707	125.015576	0.005235	11.1
1385	-0.578768	124.965092	0.002870	8.6
1386	-0.123191	124.914662	0.002609	9.1
1387	-0.081648	124.864287	0.001872	8.4
1388	-0.230298	124.813965	0.005363	8.8
1389	-1.290446	124.763698	0.009036	8.0
1390	-0.711254	124.713485	0.007536	9.0
1391	-1.402377	124.663325	0.011817	8.9
1392	-0.811162	124.613219	0.008037	8.7
1393	-0.610777	124.563167	0.006161	9.1
1394	-0.016761	124.513168	0.000185	9.5
1395	-1.359105	124.463223	0.012810	8.3
1396	-0.356898	124.413332	0.006018	11.3
1397	-1.252551	124.363493	0.008246	9.1
1398	-1.100669	124.313708	0.010240	9.4
1399	-0.128665	124.263976	0.001551	8.7
1400	-1.142177	124.214297	0.015566	8.5
1401	-0.645988	124.164671	0.002961	8.5
1402	-0.782552	124.115097	0.004198	8.3
1403	-0.874415	124.065577	0.009221	8.5
1404	-0.793607	124.016109	0.006497	8.5
1405	-1.188231	123.966693	0.009596	14.5
1406	-0.675172	123.917330	0.004858	7.7
1407	-1.197783	123.868020	0.005158	10.0
1408	-0.159742	123.818762	0.002807	9.0
1409	-1.198035	123.769556	0.008876	8.2
1410	-1.293455	123.720402	0.009847	10.3
1411	-1.329450	123.671300	0.008257	8.8
1412	-0.931565	123.622250	0.010863	8.1
1413	-0.000000	123.573252	0.000000	8.1
1414	-1.097533	123.524305	0.005441	9.6
1415	-0.976138	123.475411	0.009870	8.1
1416	-1.070922	123.426568	0.004498	9.0
1417	-0.453636	123.377776	0.002800	8.7
1418	-0.772016	123.329036	0.005592	9.1
1419	-0.441679	123.280347	0.004186	9.3
1420	-0.093993	123.231709	0.002788	9.3
1421	-0.228965	123.183122	0.007985	8.7
1422	-0.749069	123.134587	0.005111	8.8
1423	-1.212011	123.086102	0.009279	9.3
1424	-0.922531	123.037669	0.004961	7.6
1425	-1.235358	122.989286	0.007332	9.4
1426	-0.236016	122.940954	0.003853	11.7
1427	-0.719317	122.892672	0.003140	13.1
1428	-1.310260	122.844441	0.008265	11.9
1429	-1.182383	122.796261	0.009414	8.8
1430	-0.259572	122.748130	0.002863	9.5
1431	-1.321188	122.700050	0.007107	9.4
1432	-1.257218	122.652021	0.011528	8.4
1433	-1.050619	122.604041	0.010537	9.6
1434	-0.775927	122.556111	0.007275	9.7
1435	-0.060606	122.508232	0.002531	9.0
1436	-0.877278	122.460402	0.007368	9.7
1437	-0.788473	122.412622	0.007782	9.5
1438	-1.329205	122.364891	0.007040	8.6
1439	-0.853556	122.317210	0.004207	10.4
1440	-0.915990	122.269579	0.006421	13.0
1441	-0.353484	122.221997	0.003782	9.0
1442	0.000000	122.174465	0.000000	8.8
1443	0.000000	122.126981	0.000000	10.5
1444	-0.034597	122.079547	0.003679	8.5
1445	-0.706345	122.032162	0.003505	8.6
1446	-0.431735	121.984826	0.006450	14.2
1447	-0.993672	121.937539	0.008657	8.8
1448	-1.269373	121.890301	0.010762	9.0
1449	-0.843026	121.843112	0.004745	10.2
1450	-0.963136	121.795971	0.004969	8.1
1451	-1.299223	121.748879	0.006572	7.5
1452	-1.221703	121.701835	0.010193	7.8
1453	-0.292190	121.654840	0.004121	7.4
1454	-0.073227	121.607893	0.000655	7.9
1455	-1.354319	121.560994	0.008041	7.9
1456	-0.520908	121.514144	0.003675	8.3
1457	-1.261349	121.467342	0.009976	7.5
1458	-0.519883	121.420588	0.004855	8.6
1459	-1.323697	121.373882	0.012081	8.9
1460	-0.688242	121.327223	0.006381	11.6
1461	-1.181831	121.280613	0.008782	8.8
1462	0.000000	121.234050	0.000000	8.8
1463	0.000000	121.187535	0.000000	8.5
1464	-1.075409	121.141067	0.013422	9.7
1465	-1.230161	121.094647	0.009694	8.6
1466	-1.284519	121.048274	0.009562	16.5
1467	-0.710779	121.001949	0.005480	7.9
1468	-0.514897	120.955671	0.003276	8.6
1469	-0.927784	120.909440	0.007453	8.7
1470	-0.029102	120.863256	0.001147	8.3
1471	-0.681363	120.817119	0.003701	7.8
1472	-0.379458	120.771029	0.003107	8.8
1473	-1.178745	120.724986	0.006566	8.5
1474	0.000000	120.678990	0.000000	9.3
1475	-1.160707	120.633040	0.011647	8.9
1476	-1.046994	120.587137	0.006894	9.0
1477	-0.078678	120.541281	0.003522	9.5
1478	-1.049766	120.495471	0.005169	8.6
1479	-0.686959	120.449707	0.004367	8.3
1480	-1.129516	120.403990	0.008546	8.5
1481	-0.046757	120.358319	0.001894	8.4
1482	-1.366312	120.312694	0.008658	8.4
1483	-0.023437	120.267115	0.000913	8.6
1484	0.000000	120.221582	0.000000	9.2
1485	-1.084918	120.176096	0.007650	8.9
1486	-1.036686	120.130655	0.013084	8.9
1487	-1.141456	120.085260	0.009609	8.4
1488	-1.169007	120.039910	0.006475	8.4
1489	-1.155391	119.994606	0.005307	8.9
1490	-0.231149	119.949348	0.002335	8.3
1491	-1.315977	119.904135	0.008849	9.9
1492	-0.351156	119.858968	0.004166	8.4
1493	-1.067995	119.813846	0.009646	8.9
1494	-1.289867	119.768769	0.007200	8.7
1495	0.000000	119.723738	0.000000	8.5
1496	-1.278305	119.678752	0.014745	8.7
1497	-1.023003	119.633810	0.008345	9.2
1498	-0.419864	119.588914	0.005454	8.4
1499	-0.883197	119.544062	0.010070	7.7
1500	-1.041379	119.499256	0.007131	9.5
1501	-1.133558	119.454494	0.010059	8.5
1502	-0.000000	119.409777	0.000000	8.7
1503	-0.639319	119.365104	0.002975	9.0
1504	-1.070688	119.320476	0.010254	8.1
1505	-0.883843	119.275893	0.004365	13.9
1506	-0.640946	119.231353	0.005569	9.0
1507	-0.817238	119.186859	0.006004	8.5
1508	-0.964875	119.142408	0.007375	7.5
1509	-0.981166	119.098002	0.007789	7.1
1510	-1.325839	119.053639	0.009437	7.6
1511	-1.233975	119.009321	0.008438	9.1
1512	-0.803174	118.965047	0.007572	9.0
1513	-0.015909	118.920816	0.000179	9.3
1514	-0.043826	118.876630	0.001893	8.8
1515	-0.795810	118.832487	0.006678	9.2
1516	-1.316250	118.788388	0.008623	8.7
1517	-1.253413	118.744332	0.007024	9.8
1518	-0.553087	118.700320	0.004041	9.9
1519	-0.553911	118.656352	0.003517	9.0
1520	-1.208893	118.612427	0.009462	8.0
1521	-0.998494	118.568545	0.010049	8.7
1522	-1.342016	118.524706	0.008610	8.4
1523	-0.669838	118.480911	0.004793	7.9
1524	-0.000000	118.437159	0.000000	9.6
1525	-1.174192	118.393450	0.004836	12.1
1526	-0.812645	118.349784	0.008027	13.6
1527	-1.234937	118.306160	0.011027	12.9
1528	-0.019840	118.262580	0.001348	9.2
1529	-1.158907	118.219042	0.009168	8.9
1530	-1.348595	118.175548	0.013359	8.3
1531	-1.424750	118.132095	0.011350	9.6
1532	-0.698183	118.088686	0.006073	9.3
1533	-1.353330	118.045319	0.009231	8.5
1534	-0.863633	118.001994	0.005206	9.6
1535	-0.160182	117.958712	0.004937	9.3
1536	-0.402460	117.915472	0.004894	9.8
1537	-0.641178	117.872274	0.005226	9.6
1538	-1.356699	117.829118	0.006300	9.0
1539	-0.386988	117.786005	0.004819	8.7
1540	-0.024001	117.742933	0.001362	8.3
1541	-1.262104	117.699904	0.007939	10.3
1542	-0.003467	117.656916	0.000470	9.2
1543	-0.586847	117.613971	0.004268	8.9
1544	-0.820091	117.571067	0.005250	11.1
1545	-1.278186	117.528205	0.005938	9.8
1546	-1.210415	117.485384	0.006343	8.8
1547	-0.003091	117.442605	0.000085	11.2
1548	-1.263174	117.399867	0.007697	7.2
1549	-1.012739	117.357171	0.006302	8.5
1550	-1.103461	117.314517	0.005018	7.9
1551	-0.803043	117.271903	0.004524	7.7
1552	-0.278509	117.229331	0.002728	9.0
1553	-0.000000	117.186800	0.000000	8.3
1554	-0.894089	117.144311	0.008160	9.2
1555	-0.745695	117.101862	0.006546	12.2
1556	-0.502724	117.059454	0.002490	8.5
1557	-1.291852	117.017087	0.008025	8.3
1558	-0.087201	116.974762	0.002547	7.7
1559	-0.907340	116.932476	0.006263	9.1
1560	-0.533957	116.890232	0.004895	9.8
1561	-0.921892	116.848028	0.008415	9.2
1562	-0.879408	116.805865	0.014758	9.0
1563	-0.152304	116.763743	0.003020	8.5
1564	-0.776910	116.721661	0.006147	10.9
1565	-1.231568	116.679619	0.009359	8.3
1566	-1.158188	116.637618	0.004941	15.8
1567	-1.122616	116.595657	0.010220	7.7
1568	-0.877358	116.553736	0.006578	8.4
1569	-0.228590	116.511855	0.001939	8.8
1570	-1.308638	116.470015	0.010185	10.2
1571	-1.105161	116.428214	0.011451	9.0
1572	-1.128876	116.386454	0.009625	8.8
1573	-1.073082	116.344733	0.008855	9.2
1574	-1.105069	116.303052	0.006833	9.0
1575	-1.180566	116.261412	0.006954	12.5
1576	-0.593877	116.219810	0.006326	9.0
1577	-1.172087	116.178249	0.013826	10.7
1578	-0.415597	116.136727	0.008368	9.5
1579	-1.057543	116.095245	0.009343	8.8
1580	-1.147569	116.053802	0.008088	13.1
1581	-1.263332	116.012398	0.010156	10.5
1582	-0.990462	115.971034	0.005846	10.7
1583	-1.002723	115.929710	0.008482	11.8
1584	-1.103014	115.888424	0.008540	12.4
1585	-0.522090	115.847178	0.007189	11.8
1586	-0.109340	115.805970	0.002474	8.6
1587	-0.379582	115.764802	0.003067	12.9
1588	-1.103314	115.723673	0.006343	11.3
1589	-1.067986	115.682583	0.009385	9.5
1590	-1.202587	115.641532	0.007176	9.8
1591	-0.202058	115.600519	0.003018	11.4
1592	-0.225555	115.559546	0.006746	12.6
1593	-1.270776	115.518610	0.007786	9.2
1594	-1.276759	115.477714	0.007348	11.4
1595	-1.203903	115.436856	0.008999	12.8
1596	-0.773623	115.396037	0.004425	11.1
1597	-1.123798	115.355256	0.005612	13.3
1598	-1.317807	115.314514	0.007831	9.9
1599	-1.060913	115.273810	0.005768	10.6
1600	-1.253309	115.233144	0.010600	15.0
1601	-0.047532	115.192517	0.002257	11.5
1602	-0.009454	115.151927	0.000966	12.2
1603	-0.951941	115.111376	0.007165	14.9
1604	-0.646079	115.070863	0.003670	13.2
1605	-0.318649	115.030388	0.006588	12.2
1606	-0.982003	114.989951	0.012764	15.6
1607	-1.034624	114.949551	0.007249	10.6
1608	-0.832846	114.909190	0.008339	9.0
1609	-1.019186	114.868866	0.005591	11.2
1610	-1.318384	114.828580	0.008603	23.8
1611	-0.738016	114.788332	0.005893	15.7
1612	-1.219452	114.748121	0.007206	17.4
1613	-0.957912	114.707948	0.007627	11.9
1614	-1.063866	114.667812	0.008692	8.4
1615	-0.940565	114.627714	0.011932	12.6
1616	-0.925194	114.587653	0.010745	12.2
1617	-0.709689	114.547629	0.010356	10.9
1618	-1.171321	114.507643	0.012210	12.9
1619	-1.324122	114.467693	0.007871	9.0
1620	-0.000018	114.427781	0.000013	13.4
1621	-0.767714	114.387907	0.004526	15.5
1622	-0.552472	114.348069	0.006919	11.7
1623	-0.618333	114.308268	0.002638	9.1
1624	-1.235730	114.268504	0.006841	13.2
1625	-0.805074	114.228777	0.009402	9.6
1626	-0.047787	114.189086	0.001524	9.0
1627	-1.301138	114.149433	0.008968	9.0
1628	-1.220926	114.109816	0.007935	12.8
1629	-0.009303	114.070235	0.002100	9.6
1630	-0.411864	114.030692	0.004506	12.2
1631	-1.139449	113.991185	0.004946	16.1
1632	-0.489573	113.951714	0.005710	13.1
1633	-0.013703	113.912280	0.000938	11.6
1634	-0.930716	113.872882	0.006698	8.2
1635	-1.226492	113.833521	0.010075	12.6
1636	-1.213608	113.794195	0.009338	12.5
1637	-0.957924	113.754906	0.013370	10.5
1638	-0.029595	113.715653	0.001572	10.5
1639	-1.040189	113.676437	0.005404	11.5
1640	-0.298601	113.637256	0.002323	12.4
1641	-0.861038	113.598111	0.006185	11.8
1642	0.000000	113.559002	0.000000	8.6
1643	-0.591138	113.519929	0.004023	7.7
1644	-1.163493	113.480892	0.009455	10.1
1645	-1.431924	113.441891	0.009776	13.5
1646	-1.329414	113.402925	0.011337	12.2
1647	-1.288290	113.363995	0.008777	9.7
1648	-1.267665	113.325101	0.011679	11.7
1649	-1.234537	113.286242	0.007375	7.7
1650	-0.290995	113.247419	0.006014	10.6
1651	-0.681721	113.208631	0.003519	11.0
1652	-0.905031	113.169879	0.006832	8.5
1653	-0.422659	113.131162	0.006626	11.4
1654	-0.380387	113.092480	0.002559	11.0
1655	-1.274272	113.053833	0.006595	9.5
1656	-0.633700	113.015222	0.005213	13.2
1657	-0.002932	112.976646	0.001086	14.6
1658	-0.245509	112.938105	0.006345	15.6
1659	-1.117493	112.899599	0.005125	13.8
1660	-1.263518	112.861128	0.008576	14.1
1661	-0.746857	112.822692	0.008446	14.1
1662	-0.403368	112.784291	0.003338	13.8
1663	-0.487523	112.745924	0.005292	14.8
1664	-0.000939	112.707593	0.000420	42.2
1665	-0.394744	112.669296	0.002237	13.5
1666	-0.794511	112.631034	0.005971	14.6
1667	-0.282452	112.592806	0.004463	28.1
1668	-1.198857	112.554613	0.005102	20.1
1669	-0.433549	112.516455	0.005500	17.1
1670	-0.453874	112.478331	0.004114	13.5
1671	-1.041474	112.440241	0.007095	13.1
1672	-1.262387	112.402186	0.012465	15.0
1673	-0.087867	112.364165	0.001919	12.1
1674	-1.136377	112.326179	0.005375	17.7
1675	-1.107912	112.288227	0.007625	14.5
1676	-0.000000	112.250309	0.000000	14.1
1677	-0.795288	112.212425	0.008558	17.7
1678	-1.203559	112.174575	0.009379	14.9
1679	-0.931311	112.136759	0.010723	17.7
1680	-1.297607	112.098977	0.007867	8.4
1681	-0.158814	112.061229	0.001813	15.0
1682	-0.779619	112.023515	0.004631	11.4
1683	-0.896627	111.985834	0.004875	16.8
1684	-1.297908	111.948188	0.008248	12.1
1685	-1.039653	111.910575	0.005441	17.0
1686	-1.196274	111.872996	0.008566	15.0
1687	-1.126543	111.835450	0.006347	13.4
1688	-0.666790	111.797939	0.004741	13.7
1689	-1.105925	111.760460	0.005121	13.2
1690	-0.841807	111.723015	0.008707	15.6
1691	-0.784142	111.685604	0.008520	8.6
1692	-0.002029	111.648226	0.000542	14.6
1693	-1.192532	111.610881	0.005954	15.8
1694	-1.271174	111.573570	0.010697	15.5
1695	-1.238143	111.536292	0.014928	17.6
1696	-1.189348	111.499047	0.009110	13.0
1697	-1.232436	111.461835	0.005586	16.5
1698	-0.321516	111.424656	0.004517	13.0
1699	-1.122923	111.387510	0.005654	13.7
1700	-0.254927	111.350398	0.004218	15.5
1701	-0.734006	111.313318	0.005413	15.5
1702	-0.375170	111.276271	0.003937	16.4
1703	-1.337871	111.239257	0.007837	14.3
1704	-1.035137	111.202276	0.004914	15.6
1705	-1.386052	111.165328	0.006753	19.6
1706	-1.308914	111.128412	0.009475	17.3
1707	-0.075248	111.091529	0.001993	7.9
1708	-1.089132	111.054679	0.007207	16.0
1709	-0.843597	111.017861	0.010941	15.1
1710	-1.051839	110.981076	0.012224	17.0
1711	-0.064462	110.944323	0.002452	18.9
1712	-1.059512	110.907603	0.005854	19.9
1713	-0.295445	110.870915	0.003397	21.9
1714	-0.271905	110.834259	0.003956	19.4
1715	-1.110275	110.797636	0.007016	15.4
1716	-1.225631	110.761045	0.006493	13.2
1717	-1.183067	110.724486	0.007049	16.3
1718	-0.272729	110.687959	0.005340	11.4
1719	-0.097662	110.651465	0.001647	14.5
1720	-0.870826	110.615002	0.006632	11.9
1721	0.000000	110.578572	0.000000	11.1
1722	-0.923713	110.542173	0.008144	15.6
1723	-1.228393	110.505807	0.007413	7.7
1724	-0.421750	110.469472	0.004070	20.0
1725	-0.000000	110.433169	0.000000	14.0
1726	-1.159027	110.396898	0.009503	16.1
1727	-0.348377	110.360659	0.006196	18.0
1728	-1.045854	110.324451	0.010213	14.2
1729	-1.340475	110.288276	0.010617	15.0
1730	-1.402899	110.252131	0.008285	10.6
1731	-0.018157	110.216019	0.001958	11.1
1732	-1.312698	110.179937	0.010039	11.3
1733	-1.170068	110.143888	0.005713	22.9
1734	-0.067636	110.107869	0.002803	14.1
1735	-0.407888	110.071882	0.002643	24.2
1736	-1.099876	110.035927	0.005457	17.6
1737	-1.352246	110.000003	0.008672	13.1
1738	-1.269348	109.964110	0.008419	13.5
1739	-0.989107	109.928248	0.009609	8.8
1740	-0.488883	109.892417	0.005633	20.6
1741	-0.898898	109.856618	0.006733	13.6
1742	-0.952649	109.820850	0.009034	13.4
1743	-1.387922	109.785112	0.011026	10.9
1744	-1.076609	109.749406	0.005201	11.1
1745	-0.853598	109.713730	0.005991	14.4
1746	-0.804786	109.678086	0.004281	14.4
1747	-1.249817	109.642472	0.009202	16.6
1748	-0.360946	109.606890	0.007166	14.1
1749	-1.236851	109.571337	0.005064	13.6
1750	-1.383158	109.535816	0.007621	14.0
1751	-0.062882	109.500326	0.000405	9.9
1752	-0.679722	109.464866	0.007915	19.6
1753	-1.107995	109.429436	0.006784	7.7
1754	-0.305012	109.394038	0.007609	14.6
1755	-1.348410	109.358669	0.008852	8.7
1756	-1.145630	109.323331	0.005388	14.8
1757	-0.532670	109.288024	0.007210	13.8
1758	-0.003336	109.252747	0.000300	17.7
1759	-0.115870	109.217501	0.001306	11.0
1760	-1.281082	109.182284	0.008832	18.5
1761	-0.139956	109.147098	0.002867	15.8
1762	-1.113271	109.111942	0.004447	11.7
1763	-0.383097	109.076817	0.004224	16.4
1764	-1.105889	109.041721	0.007232	14.4
1765	-0.984376	109.006656	0.006377	11.8
1766	-0.924814	108.971620	0.005109	13.7
1767	-0.634936	108.936615	0.005470	13.4
1768	-1.012735	108.901640	0.011108	15.6
1769	-1.290181	108.866694	0.008307	13.9
1770	-0.417866	108.831779	0.005130	13.9
1771	-1.335203	108.796893	0.007776	10.8
1772	-0.876095	108.762037	0.009265	18.8
1773	-1.221723	108.727211	0.007407	27.5
1774	-1.148365	108.692415	0.005156	12.9
1775	-1.095972	108.657648	0.008174	15.7
1776	0.000000	108.622911	0.000000	11.2
1777	-1.253360	108.588203	0.006695	12.0
1778	-1.309576	108.553525	0.008229	13.8
1779	-1.045924	108.518877	0.010629	12.8
1780	-0.434936	108.484258	0.004861	14.3
1781	-0.572589	108.449668	0.006765	13.5
1782	-0.619706	108.415108	0.003640	11.7
1783	-0.801141	108.380578	0.013516	12.6
1784	-0.350698	108.346076	0.006774	13.2
1785	-1.027759	108.311604	0.010101	13.9
1786	-0.039376	108.277161	0.003261	10.2
1787	-1.190253	108.242747	0.009831	11.6
1788	-0.492099	108.208363	0.004574	11.6
1789	-0.442137	108.174007	0.005203	13.8
1790	-0.980226	108.139681	0.009706	14.7
1791	-0.399733	108.105383	0.007924	14.9
1792	-0.619961	108.071115	0.004877	13.4
1793	-1.241000	108.036875	0.014364	11.8
1794	-1.426753	108.002665	0.011547	13.5
1795	-1.235635	107.968483	0.010143	12.3
1796	-1.103627	107.934330	0.004467	13.3
1797	-0.670553	107.900206	0.006325	10.7
1798	-1.378241	107.866111	0.008947	13.1
1799	-1.078469	107.832044	0.007243	13.8
1800	-1.091164	107.798007	0.013694	13.8
1801	-0.664346	107.763997	0.003844	14.3
1802	-1.322774	107.730017	0.008533	14.4
1803	-1.267271	107.696065	0.005543	14.0
1804	-1.201846	107.662141	0.009423	12.0
1805	-0.324692	107.628246	0.003004	16.5
1806	-0.676998	107.594379	0.008576	12.9
1807	-1.146795	107.560541	0.009760	15.7
1808	-0.050102	107.526731	0.001949	11.3
1809	-0.033084	107.492949	0.001195	12.3
1810	-1.263832	107.459196	0.014623	17.8
1811	-0.509257	107.425471	0.004860	16.3
1812	-1.051763	107.391774	0.011044	20.1
1813	-0.623548	107.358106	0.003800	32.0
1814	-0.875211	107.324465	0.004942	23.4
1815	-0.785250	107.290853	0.005929	23.5
1816	-1.300669	107.257268	0.008965	21.3
1817	0.000000	107.223712	0.000000	10.7
1818	-1.290900	107.190184	0.009080	23.3
1819	-0.677976	107.156683	0.004071	14.2
1820	-0.899606	107.123211	0.004694	16.5
1821	-0.610930	107.089766	0.005428	14.3
1822	0.000000	107.056349	0.000000	13.8
1823	-1.219745	107.022960	0.005883	10.4
1824	-0.012128	106.989599	0.001835	15.4
1825	-0.903083	106.956265	0.004168	15.9
1826	-0.386763	106.922960	0.004936	15.7
1827	-0.369281	106.889681	0.002989	17.1
1828	-0.177815	106.856431	0.004812	15.7
1829	-0.344501	106.823208	0.005385	15.0
1830	-0.776157	106.790012	0.007890	10.6
1831	-0.167173	106.756844	0.003989	11.7
1832	-1.320929	106.723703	0.007204	15.4
1833	0.000000	106.690590	0.000000	11.6
1834	-1.016141	106.657505	0.004592	16.3
1835	-0.681805	106.624446	0.005083	14.1
1836	-1.372499	106.591415	0.007774	8.5
1837	-0.453910	106.558411	0.005487	13.3
1838	-1.264734	106.525435	0.006219	12.7
1839	-1.075371	106.492485	0.012409	12.4
1840	-1.298074	106.459563	0.006531	16.3
1841	-0.574906	106.426668	0.004630	14.9
1842	-0.436728	106.393800	0.004658	15.5
1843	-1.267064	106.360959	0.007103	15.9
1844	-1.193022	106.328145	0.009162	14.2
1845	-0.927207	106.295358	0.008116	11.8
1846	-1.294443	106.262598	0.007410	18.6
1847	-0.968653	106.229865	0.008383	14.4
1848	-0.853643	106.197158	0.006829	20.7
1849	-0.757352	106.164479	0.009176	15.8
1850	-0.008887	106.131826	0.000025	9.7
1851	-0.892521	106.099201	0.003913	9.0
1852	-1.220383	106.066602	0.008340	10.5
1853	-0.412535	106.034029	0.004470	8.9
1854	-0.936812	106.001483	0.009085	13.9
1855	-1.042677	105.968964	0.008595	13.9
1856	-0.912707	105.936472	0.007647	14.7
1857	-1.300787	105.904006	0.009574	12.8
1858	-0.592283	105.871566	0.007531	18.2
1859	-0.819855	105.839153	0.007512	14.2
1860	-0.726688	105.806767	0.005023	13.5
1861	-0.000000	105.774407	0.000000	128.9
1862	-0.009200	105.742073	0.002409	31.2
1863	-1.337476	105.709766	0.009131	32.0
1864	-1.238382	105.677485	0.007611	32.6
1865	-1.280631	105.645230	0.006462	28.1
1866	-0.062830	105.613001	0.001585	143.9
1867	0.000000	105.580799	0.000000	13.9
1868	-0.956346	105.548623	0.007016	16.3
1869	-0.000000	105.516473	0.000000	12.9
1870	0.000000	105.484349	0.000000	11.2
1871	-0.014435	105.452251	0.000029	13.9
1872	-0.000000	105.420179	0.000000	10.4
1873	-1.188072	105.388133	0.011053	15.0
1874	-0.016138	105.356113	0.001171	11.8
1875	-1.177102	105.324119	0.005747	8.1
1876	-0.207314	105.292151	0.002468	10.4
1877	-1.192131	105.260209	0.009991	61.3
1878	-0.066327	105.228293	0.001341	13.6
1879	-0.896460	105.196402	0.006806	15.6
1880	-0.443627	105.164537	0.004860	15.6
1881	-0.776414	105.132698	0.007023	16.2
1882	-1.386821	105.100885	0.008962	14.2
1883	-0.471209	105.069097	0.005208	14.6
1884	-0.006338	105.037335	0.000526	16.1
1885	-0.971961	105.005598	0.007934	18.5
1886	-0.187763	104.973887	0.002329	16.4
1887	-1.349245	104.942202	0.009064	12.7
1888	-1.345937	104.910542	0.007582	18.2
1889	-0.906747	104.878907	0.006161	14.9
1890	-1.268109	104.847298	0.007021	17.5
1891	-0.686307	104.815715	0.003693	13.7
1892	-0.514640	104.784156	0.003361	14.9
1893	-0.223387	104.752623	0.003506	14.5
1894	-1.116983	104.721116	0.008489	14.6
1895	-1.368814	104.689633	0.009136	10.3
1896	-0.000000	104.658176	0.000000	12.9
1897	-0.000000	104.626744	0.000000	12.9
1898	-0.352732	104.595337	0.002667	11.8
1899	-1.236256	104.563955	0.011263	11.8
1900	-0.871773	104.532599	0.007895	13.2
1901	-1.317637	104.501267	0.009960	14.0
1902	-1.009193	104.469960	0.005379	10.5
1903	-1.319393	104.438679	0.006500	12.5
1904	-1.148162	104.407422	0.008888	24.4
1905	-1.013160	104.376191	0.004900	25.2
1906	-0.091085	104.344984	0.002260	31.4
1907	-1.307684	104.313802	0.005457	11.7
1908	-0.953906	104.282645	0.009371	22.3
1909	-0.715061	104.251513	0.006566	17.2
1910	-0.976125	104.220405	0.006700	15.3
1911	-0.972796	104.189323	0.007556	14.5
1912	-1.273688	104.158265	0.007450	22.8
1913	-0.297597	104.127231	0.003312	8.7
1914	-0.438328	104.096222	0.002509	19.4
1915	-0.059757	104.065238	0.000929	12.6
1916	0.000000	104.034279	0.000000	21.0
1917	-1.301555	104.003344	0.010024	16.7
1918	-0.729991	103.972433	0.005547	15.2
1919	-1.335466	103.941547	0.007037	12.1
1920	-0.270944	103.910686	0.004248	19.2
1921	-1.220718	103.879849	0.006913	14.8
1922	-0.000096	103.849036	0.000020	17.6
1923	-1.008558	103.818248	0.009910	13.2
1924	-0.020284	103.787484	0.003102	19.1
1925	-1.210739	103.756744	0.006926	14.6
1926	-1.174994	103.726029	0.008019	10.4
1927	-0.922904	103.695338	0.012975	9.6
1928	-0.269369	103.664671	0.003284	11.7
1929	-0.264283	103.634028	0.003442	9.6
1930	-1.265222	103.603409	0.005944	8.7
1931	-0.859843	103.572814	0.007093	8.2
1932	-0.816183	103.542244	0.006609	11.3
1933	-0.527864	103.511698	0.004999	9.0
1934	-1.239896	103.481175	0.007406	13.6
1935	-1.220134	103.450677	0.007296	9.2
1936	-0.952394	103.420202	0.008139	11.0
1937	-1.231740	103.389752	0.009209	7.9
1938	-0.970553	103.359325	0.006017	9.8
1939	-0.453931	103.328922	0.003746	8.2
1940	-0.222195	103.298543	0.004504	9.3
1941	-1.129549	103.268188	0.010129	8.3
1942	-0.802716	103.237857	0.005292	10.3
1943	-1.043456	103.207549	0.007453	9.3
1944	-0.687544	103.177265	0.006465	7.8
1945	-0.254273	103.147005	0.002962	11.3
1946	0.000000	103.116768	0.000000	8.8
1947	-0.251892	103.086556	0.006304	8.8
1948	-1.108522	103.056366	0.008379	8.8
1949	-0.550258	103.026200	0.004801	8.4
1950	-1.202616	102.996058	0.007733	8.3
1951	-0.014789	102.965939	0.001541	9.0
1952	-0.468626	102.935844	0.003295	10.8
1953	-1.346718	102.905772	0.006584	9.5
1954	-0.212210	102.875724	0.002489	8.6
1955	-0.025429	102.845699	0.001672	8.9
1956	0.000000	102.815697	0.000000	9.3
1957	-0.501847	102.785719	0.004016	8.7
1958	-0.865576	102.755764	0.005482	10.3
1959	-1.327205	102.725832	0.008012	8.6
1960	-1.041090	102.695924	0.009859	9.0
1961	-0.415249	102.666038	0.006539	9.8
1962	-0.405486	102.636176	0.004624	10.9
1963	-0.272049	102.606337	0.003668	10.9
1964	-0.788859	102.576521	0.003577	9.2
1965	-0.455548	102.546728	0.005769	9.8
1966	-0.718029	102.516959	0.006266	11.2
1967	-1.321165	102.487212	0.011095	7.9
1968	-1.259382	102.457488	0.007704	14.0
1969	-0.826785	102.427788	0.011091	8.9
1970	-0.358749	102.398110	0.004782	9.6
1971	-0.343753	102.368455	0.004149	7.9
1972	-1.247320	102.338823	0.009943	10.1
1973	-0.038619	102.309214	0.000963	9.5
1974	-1.230895	102.279628	0.005352	10.3
1975	-0.378448	102.250064	0.003599	9.3
1976	-0.738782	102.220524	0.005737	8.0
1977	-0.007497	102.191006	0.001468	17.1
1978	-0.642194	102.161511	0.004848	17.4
1979	-1.148424	102.132038	0.006225	16.6
1980	-1.303174	102.102588	0.008940	12.0
1981	-0.414710	102.073161	0.002813	11.4
1982	-0.543668	102.043757	0.007051	8.7
1983	-0.761996	102.014375	0.004411	7.8
1984	-0.882554	101.985015	0.006006	13.5
1985	-0.386741	101.955678	0.004628	9.0
1986	-0.907428	101.926364	0.007960	8.7
1987	-1.195234	101.897072	0.004910	9.7
1988	-1.242198	101.867802	0.009100	9.4
1989	-0.867222	101.838555	0.007574	13.9
1990	-0.025011	101.809330	0.000472	14.6
1991	0.000000	101.780128	0.000000	15.6
1992	0.000000	101.750948	0.000000	14.9
1993	-0.664829	101.721790	0.005591	10.7
1994	-1.213795	101.692654	0.007872	8.0
1995	-0.766531	101.663541	0.006451	10.8
1996	-0.235104	101.634450	0.004246	13.5
1997	-0.650295	101.605381	0.005713	9.6
1998	-1.286382	101.576335	0.010364	8.8
1999	-1.100133	101.547310	0.004238	10.8
