1:ItNr	2:Metric	3:StepSize	4:||Gradient||	Time[ms]
0	-0.382315	627.201626	0.003601	619.2
1	-0.212357	623.504937	0.002632	12.6
2	-0.004973	619.865785	0.000560	12.4
3	-0.697030	616.282728	0.004067	12.2
4	-0.139639	612.754375	0.002624	12.5
5	-0.032144	609.279381	0.001006	11.6
6	0.000000	605.856447	0.000000	13.3
7	0.000000	602.484317	0.000000	11.3
8	0.000000	599.161779	0.000000	11.3
9	-0.269550	595.887656	0.002737	13.4
10	-0.617498	592.660813	0.005510	16.7
11	0.000000	589.480151	0.000000	11.3
12	-0.000392	586.344606	0.000414	13.3
13	0.000000	583.253145	0.000000	12.0
14	-0.709696	580.204771	0.004541	13.4
15	-0.081475	577.198517	0.002303	15.3
16	-0.073886	574.233444	0.001633	13.2
17	-0.936789	571.308645	0.005173	12.8
18	-0.000433	568.423237	0.000316	14.8
19	-0.010612	565.576365	0.001093	10.9
20	0.000000	562.767201	0.000000	14.2
21	-1.002746	559.994938	0.004999	11.7
22	-0.823874	557.258797	0.004794	22.0
23	-1.030682	554.558018	0.006083	12.0
24	-0.210086	551.891865	0.001880	12.6
25	-0.880497	549.259621	0.004484	13.0
26	-1.034131	546.660592	0.005374	11.8
27	0.000000	544.094102	0.000000	15.0
28	-0.651390	541.559494	0.005625	11.4
29	-0.224932	539.056129	0.002432	11.5
30	-0.025704	536.583387	0.000991	15.8
31	-1.041008	534.140663	0.005126	12.2
32	0.000000	531.727370	0.000000	13.3
33	-0.000023	529.342935	0.000017	11.8
34	-1.082317	526.986802	0.007027	14.5
35	0.000000	524.658430	0.000000	14.0
36	-0.566056	522.357290	0.003456	11.8
37	-0.000907	520.082868	0.000774	12.5
38	-0.788627	517.834665	0.003671	13.2
39	-0.840149	515.612193	0.005514	11.2
40	-0.849686	513.414976	0.004110	14.7
41	-1.009818	511.242551	0.005879	12.7
42	-0.694211	509.094468	0.006400	11.5
43	-0.000000	506.970285	0.000000	12.1
44	-0.413969	504.869574	0.003967	11.3
45	-0.765679	502.791916	0.005102	13.1
46	-0.014073	500.736903	0.000742	11.2
47	0.000000	498.704137	0.000000	12.0
48	-1.007274	496.693228	0.008308	13.2
49	-0.608128	494.703798	0.003456	12.3
50	0.000000	492.735476	0.000000	12.3
51	-0.382544	490.787900	0.002937	11.9
52	0.000000	488.860718	0.000000	12.4
53	-1.067417	486.953585	0.005676	11.6
54	-0.974859	485.066164	0.004958	13.4
55	-0.008095	483.198126	0.001069	11.8
56	0.000000	481.349149	0.000000	11.2
57	-0.076630	479.518920	0.002056	12.4
58	0.000000	477.707132	0.000000	11.0
59	-0.760481	475.913485	0.006061	11.4
60	-0.082254	474.137684	0.002109	14.2
61	0.000000	472.379445	0.000000	12.4
62	-0.981682	470.638485	0.004904	14.3
63	-0.000000	468.914531	0.000000	11.3
64	-0.933774	467.207315	0.005606	12.7
65	-0.764043	465.516573	0.004577	12.5
66	-0.855462	463.842050	0.004158	11.7
67	-0.647208	462.183494	0.005403	11.9
68	-0.463115	460.540658	0.004173	12.9
69	0.000000	458.913303	0.000000	13.2
70	-0.040459	457.301192	0.003264	11.6
71	-0.136963	455.704096	0.003526	12.3
72	-0.474442	454.121787	0.003452	13.5
73	-0.081569	452.554045	0.001442	12.8
74	-1.061239	451.000653	0.006318	11.5
75	-0.107337	449.461399	0.002067	12.1
76	-0.967968	447.936075	0.004481	12.7
77	-0.109344	446.424477	0.002129	11.1
78	0.000000	444.926406	0.000000	14.3
79	0.000000	443.441666	0.000000	14.7
80	0.000000	441.970065	0.000000	11.8
81	0.000000	440.511415	0.000000	12.8
82	-0.467095	439.065533	0.003456	12.7
83	-0.427973	437.632238	0.003222	12.0
84	-0.081131	436.211351	0.002089	13.5
85	-0.094353	434.802701	0.001504	13.4
86	0.000000	433.406117	0.000000	23.8
87	-0.423622	432.021430	0.003198	17.1
88	0.000000	430.648479	0.000000	20.4
89	0.000000	429.287101	0.000000	18.0
90	-0.837114	427.937140	0.004594	22.0
91	-0.582461	426.598440	0.003388	23.2
92	0.000000	425.270849	0.000000	18.7
93	0.000000	423.954220	0.000000	14.5
94	0.000000	422.648404	0.000000	12.7
95	-1.021881	421.353259	0.004995	11.9
96	0.000000	420.068643	0.000000	12.4
97	0.000000	418.794419	0.000000	11.5
98	-0.814064	417.530451	0.007635	13.4
99	-0.481612	416.276604	0.002823	12.1
100	-0.461621	415.032748	0.002981	12.2
101	-0.793315	413.798754	0.006570	12.5
102	-0.803279	412.574495	0.005858	11.9
103	-0.986079	411.359849	0.003866	13.3
104	-0.000000	410.154691	0.000000	10.9
105	-0.033043	408.958904	0.001663	13.2
106	-0.410654	407.772368	0.002750	11.6
107	-0.917429	406.594968	0.004031	12.7
108	-0.210519	405.426590	0.004178	13.2
109	-0.000001	404.267122	0.000001	11.9
110	-0.000001	403.116456	0.000001	11.7
111	-0.910833	401.974481	0.004522	12.4
112	-0.712186	400.841093	0.004511	14.4
113	0.000000	399.716187	0.000000	13.0
114	-0.364784	398.599660	0.003258	11.6
115	-0.583228	397.491411	0.003473	12.6
116	0.000000	396.391342	0.000000	11.6
117	0.000000	395.299353	0.000000	10.4
118	-0.000000	394.215350	0.000000	11.5
119	0.000000	393.139238	0.000000	12.1
120	0.000000	392.070924	0.000000	12.5
121	-0.609267	391.010316	0.003195	13.2
122	-0.852662	389.957325	0.004968	20.8
123	0.000000	388.911862	0.000000	16.0
124	-0.000000	387.873839	0.000000	11.6
125	-0.029899	386.843173	0.001211	13.1
126	0.000000	385.819777	0.000000	12.9
127	-0.187732	384.803569	0.001937	11.2
128	-0.996505	383.794468	0.006455	13.5
129	-0.065068	382.792393	0.002642	11.4
130	-0.327824	381.797264	0.002232	13.5
131	0.000000	380.809005	0.000000	12.1
132	-0.007787	379.827537	0.000478	13.3
133	-0.027127	378.852786	0.001123	12.3
134	-0.874890	377.884678	0.004494	12.9
135	-0.101779	376.923138	0.000757	12.4
136	-0.502767	375.968095	0.003664	19.2
137	-1.181286	375.019479	0.006696	11.4
138	-0.600905	374.077218	0.003647	13.0
139	-0.000005	373.141244	0.000008	11.7
140	-0.754822	372.211489	0.005979	12.7
141	0.000000	371.287887	0.000000	11.7
142	-0.761969	370.370370	0.005057	11.5
143	-0.000512	369.458876	0.000493	11.7
144	0.000000	368.553338	0.000000	14.4
145	-0.728167	367.653696	0.004964	12.1
146	-0.985640	366.759885	0.004319	12.5
147	-0.379664	365.871846	0.002105	12.0
148	-0.986555	364.989518	0.004304	12.2
149	-1.031785	364.112841	0.005497	14.2
150	-0.775880	363.241757	0.005640	11.5
151	-0.010459	362.376208	0.000116	12.2
152	-0.864269	361.516137	0.006869	12.5
153	-0.038697	360.661488	0.001522	12.3
154	0.000000	359.812206	0.000000	12.3
155	-0.144522	358.968236	0.002370	11.5
156	-0.963289	358.129524	0.004421	14.6
157	0.000000	357.296018	0.000000	11.4
158	-0.000000	356.467665	0.000000	12.8
159	-0.723874	355.644414	0.004272	13.2
160	-0.328151	354.826213	0.003050	12.7
161	0.000000	354.013012	0.000000	11.3
162	-0.192621	353.204763	0.002192	11.4
163	0.000000	352.401415	0.000000	12.0
164	0.000000	351.602922	0.000000	13.8
165	-0.002833	350.809235	0.001771	11.8
166	-1.014647	350.020308	0.004869	11.7
167	0.000000	349.236095	0.000000	11.4
168	-0.061922	348.456550	0.001485	11.4
169	-0.642544	347.681627	0.004029	13.6
170	-0.932065	346.911283	0.004230	12.0
171	0.000000	346.145474	0.000000	12.6
172	-0.020274	345.384157	0.001857	13.4
173	0.000000	344.627288	0.000000	12.6
174	-0.872694	343.874826	0.004813	12.4
175	-0.000000	343.126729	0.000000	12.0
176	-0.032618	342.382957	0.001815	12.3
177	0.000000	341.643469	0.000000	14.3
178	-0.384465	340.908224	0.003573	11.6
179	-0.011822	340.177184	0.000521	13.9
180	-0.440841	339.450309	0.002573	13.3
181	-1.058800	338.727561	0.006295	11.7
182	-1.165491	338.008902	0.005907	14.5
183	0.000000	337.294295	0.000000	11.4
184	-1.042349	336.583703	0.004403	11.8
185	-0.033134	335.877089	0.000700	11.9
186	0.000000	335.174416	0.000000	13.4
187	-0.766650	334.475651	0.006668	12.0
188	-0.235698	333.780756	0.002751	12.2
189	-0.928069	333.089698	0.004565	12.7
190	0.000000	332.402443	0.000000	12.6
191	-0.516126	331.718955	0.002954	12.1
192	-0.060249	331.039203	0.001468	11.4
193	-0.001429	330.363153	0.000552	13.4
194	-0.068047	329.690771	0.000827	14.1
195	-0.926303	329.022027	0.005112	11.9
196	0.000000	328.356888	0.000000	13.3
197	0.000000	327.695322	0.000000	12.6
198	-1.021052	327.037299	0.005189	11.2
199	-0.673792	326.382787	0.006500	14.7
200	-0.056779	325.731758	0.003396	13.1
201	0.000000	325.084179	0.000000	14.7
202	-0.005441	324.440023	0.001195	13.0
203	-1.028164	323.799258	0.006013	12.1
204	-0.325506	323.161858	0.002405	11.3
205	-0.928638	322.527792	0.004596	13.6
206	-0.948874	321.897034	0.004738	14.6
207	-0.159725	321.269554	0.003516	12.0
208	-0.516678	320.645325	0.004858	12.3
209	-1.039763	320.024320	0.006218	13.3
210	-1.053781	319.406512	0.006012	11.3
211	0.000000	318.791875	0.000000	14.0
212	-0.000001	318.180381	0.000000	13.3
213	-0.000407	317.572005	0.000172	10.9
214	-0.159843	316.966721	0.001498	12.4
215	-0.083899	316.364504	0.002175	12.4
216	-0.540067	315.765329	0.002881	11.3
217	-0.033211	315.169170	0.001000	11.0
218	-0.931019	314.576003	0.004106	12.4
219	-0.722626	313.985804	0.004919	11.7
220	-0.584943	313.398548	0.004061	12.4
221	-0.908364	312.814213	0.005229	11.7
222	-0.529625	312.232773	0.003126	13.0
223	-0.127394	311.654207	0.001697	13.4
224	-0.057423	311.078491	0.001910	12.4
225	0.000000	310.505602	0.000000	12.4
226	-0.011295	309.935518	0.001083	11.8
227	0.000000	309.368217	0.000000	12.7
228	0.000000	308.803676	0.000000	11.9
229	0.000000	308.241874	0.000000	11.7
230	-0.629537	307.682789	0.003054	11.7
231	-0.967542	307.126400	0.004784	11.8
232	-0.918837	306.572687	0.006486	17.2
233	-0.987938	306.021627	0.004756	13.4
234	-0.656805	305.473201	0.005613	12.0
235	-0.794611	304.927388	0.004172	10.6
236	-0.859425	304.384168	0.004421	13.7
237	0.000000	303.843521	0.000000	15.6
238	-0.876044	303.305427	0.004821	11.4
239	-0.591924	302.769867	0.005581	16.2
240	-0.487590	302.236821	0.004069	12.1
241	-0.659020	301.706270	0.004958	11.9
242	-0.705937	301.178196	0.005113	12.5
243	-1.050808	300.652580	0.004751	12.5
244	0.000000	300.129402	0.000000	11.6
245	-0.004904	299.608645	0.000458	14.0
246	0.000000	299.090291	0.000000	13.1
247	-1.009305	298.574321	0.006389	12.1
248	-0.821291	298.060718	0.003859	12.9
249	-0.399148	297.549465	0.003204	11.2
250	-0.531029	297.040543	0.004081	12.4
251	-0.999417	296.533936	0.005287	13.3
252	-0.330109	296.029626	0.001985	10.7
253	-0.604617	295.527597	0.003501	11.9
254	-1.078258	295.027832	0.006016	13.1
255	0.000000	294.530315	0.000000	11.7
256	-0.068725	294.035028	0.003691	11.4
257	0.000000	293.541956	0.000000	14.4
258	-0.058855	293.051083	0.001585	11.7
259	-0.591951	292.562393	0.003440	12.3
260	-0.760512	292.075870	0.004186	12.2
261	-0.736613	291.591498	0.005442	11.5
262	-0.620481	291.109263	0.002670	20.9
263	-0.852149	290.629149	0.003431	12.1
264	-0.890465	290.151140	0.004451	12.8
265	0.000000	289.675222	0.000000	12.2
266	-0.079652	289.201380	0.001051	13.0
267	-0.915076	288.729600	0.004288	12.1
268	-1.075386	288.259866	0.005486	11.8
269	-0.026308	287.792165	0.001524	13.1
270	0.000000	287.326481	0.000000	11.6
271	0.000000	286.862802	0.000000	11.9
272	-1.055983	286.401113	0.004629	13.0
273	-0.661535	285.941400	0.002938	11.4
274	0.000000	285.483649	0.000000	14.8
275	0.000000	285.027847	0.000000	11.9
276	0.000000	284.573981	0.000000	17.5
277	0.000000	284.122037	0.000000	11.2
278	0.000000	283.672002	0.000000	11.4
279	-0.939784	283.223863	0.004437	11.8
280	-0.232177	282.777607	0.003327	13.1
281	0.000000	282.333221	0.000000	11.8
282	-0.968416	281.890692	0.004831	11.9
283	-1.015704	281.450008	0.004702	13.2
284	0.000000	281.011157	0.000000	12.3
285	-1.078581	280.574125	0.005712	11.6
286	-0.204712	280.138901	0.003558	11.4
287	0.000000	279.705473	0.000000	13.1
288	0.000000	279.273829	0.000000	11.2
289	0.000000	278.843956	0.000000	13.0
290	-0.137399	278.415844	0.002181	14.4
291	-1.074324	277.989479	0.006699	12.2
292	-0.585310	277.564851	0.005008	11.2
293	-0.802533	277.141949	0.004098	11.0
294	0.000000	276.720761	0.000000	13.0
295	0.000000	276.301275	0.000000	13.3
296	-0.000000	275.883480	0.000000	10.7
297	0.000000	275.467366	0.000000	12.0
298	-0.001345	275.052922	0.001139	12.2
299	-0.446692	274.640136	0.004400	12.7
300	0.000000	274.228998	0.000000	11.2
301	-0.000015	273.819497	0.000017	12.9
302	0.000000	273.411623	0.000000	12.1
303	-0.505242	273.005365	0.002652	12.9
304	-0.875383	272.600712	0.006555	12.3
305	-0.966078	272.197655	0.003929	12.0
306	-1.041051	271.796184	0.006291	16.3
307	-0.122493	271.396287	0.002888	12.1
308	-0.715889	270.997956	0.004711	12.5
309	-0.635180	270.601180	0.003843	11.5
310	-0.641111	270.205949	0.003087	14.2
311	-0.013032	269.812254	0.000970	13.8
312	-0.082255	269.420085	0.001227	12.3
313	0.000000	269.029432	0.000000	12.2
314	-0.109651	268.640287	0.001755	12.2
315	-0.930950	268.252638	0.004535	12.3
316	-0.963092	267.866478	0.004230	11.7
317	0.000000	267.481796	0.000000	11.8
318	-0.435837	267.098584	0.002779	12.0
319	-0.140191	266.716833	0.002225	11.7
320	-0.963101	266.336533	0.004543	12.0
321	-0.709505	265.957676	0.003534	18.4
322	-0.987891	265.580253	0.004342	18.5
323	-0.607555	265.204254	0.003712	11.1
324	-0.067101	264.829672	0.002207	12.1
325	0.000000	264.456497	0.000000	13.2
326	-0.365228	264.084721	0.003615	16.1
327	-0.053806	263.714335	0.000786	12.2
328	-0.929515	263.345332	0.003624	12.6
329	-0.280994	262.977702	0.002624	18.0
330	-0.737083	262.611438	0.004515	11.9
331	-0.133553	262.246531	0.001825	14.2
332	-0.007910	261.882973	0.001068	11.9
333	0.000000	261.520756	0.000000	13.5
334	-0.760269	261.159871	0.005259	14.0
335	-0.003469	260.800312	0.001500	11.3
336	-0.927760	260.442070	0.004477	12.3
337	-0.081421	260.085137	0.002622	12.6
338	-0.478697	259.729505	0.003514	11.5
339	-0.170774	259.375167	0.002103	13.1
340	0.000000	259.022116	0.000000	11.7
341	-0.024698	258.670343	0.000946	11.2
342	0.000000	258.319841	0.000000	12.2
343	-0.958389	257.970602	0.004644	12.1
344	-0.775465	257.622620	0.003567	12.2
345	-0.002107	257.275887	0.000505	13.5
346	-0.642165	256.930396	0.003187	11.9
347	0.000000	256.586139	0.000000	12.5
348	-0.927107	256.243109	0.003451	12.3
349	-1.109918	255.901300	0.007641	11.3
350	-1.062375	255.560703	0.005109	13.7
351	-0.069946	255.221313	0.001724	12.1
352	-0.022592	254.883122	0.001853	12.0
353	-0.035470	254.546124	0.001538	12.5
354	-0.565130	254.210311	0.003025	11.1
355	-0.408696	253.875677	0.003243	12.6
356	-1.085147	253.542215	0.005380	12.2
357	-1.028502	253.209918	0.004900	19.7
358	-1.084302	252.878781	0.005611	12.0
359	-0.441817	252.548795	0.001930	12.7
360	-0.896613	252.219956	0.004238	14.2
361	-0.044491	251.892255	0.002201	12.4
362	-0.005955	251.565688	0.000115	12.7
363	0.000000	251.240247	0.000000	12.2
364	-0.794771	250.915926	0.003729	11.5
365	-0.867768	250.592720	0.005091	12.7
366	-0.004793	250.270621	0.002150	13.3
367	-0.930916	249.949624	0.005843	14.0
368	-0.574507	249.629723	0.003358	13.0
369	0.000000	249.310911	0.000000	13.1
370	-1.009089	248.993182	0.004533	13.6
371	0.000000	248.676531	0.000000	13.1
372	-0.639992	248.360952	0.004439	12.1
373	-0.858370	248.046438	0.006620	12.6
374	-0.451756	247.732984	0.001975	11.7
375	-1.096980	247.420584	0.005592	12.1
376	-0.995803	247.109233	0.005640	13.1
377	-0.137020	246.798924	0.002621	13.0
378	-1.021095	246.489652	0.004863	12.5
379	0.000000	246.181412	0.000000	11.6
380	-0.994249	245.874197	0.004532	10.9
381	0.000000	245.568002	0.000000	20.6
382	0.000000	245.262822	0.000000	17.6
383	-0.806650	244.958652	0.004848	11.3
384	0.000000	244.655485	0.000000	11.6
385	0.000000	244.353317	0.000000	21.5
386	-0.003440	244.052142	0.000526	14.9
387	-0.935710	243.751955	0.005432	14.2
388	-1.133159	243.452750	0.005537	11.9
389	-0.167972	243.154523	0.002542	13.2
390	-0.894524	242.857268	0.004050	12.1
391	0.000000	242.560980	0.000000	13.7
392	-0.184768	242.265654	0.002012	12.3
393	-0.795664	241.971285	0.003463	12.3
394	-0.649225	241.677868	0.003951	12.8
395	-0.808587	241.385397	0.004392	12.0
396	-0.019264	241.093869	0.000861	12.9
397	-0.257827	240.803278	0.001992	14.4
398	-1.033640	240.513619	0.006295	12.9
399	-0.782484	240.224887	0.004473	12.4
400	-0.448507	239.937077	0.002874	12.9
401	-1.060715	239.650186	0.004512	12.4
402	-0.864804	239.364207	0.005268	12.9
403	0.000000	239.079136	0.000000	11.9
404	0.000000	238.794969	0.000000	11.1
405	-0.010910	238.511701	0.001417	13.8
406	-0.151923	238.229327	0.002048	12.9
407	-0.561808	237.947843	0.003769	12.8
408	-0.115544	237.667244	0.002247	11.5
409	0.000000	237.387526	0.000000	12.9
410	0.000000	237.108684	0.000000	13.2
411	-0.431223	236.830714	0.003078	12.3
412	0.000000	236.553610	0.000000	14.4
413	-1.034468	236.277370	0.005197	12.7
414	0.000000	236.001989	0.000000	12.7
415	-0.400026	235.727461	0.002838	12.8
416	-0.999611	235.453784	0.004691	13.5
417	-0.066861	235.180952	0.003277	14.0
418	-0.954335	234.908962	0.004527	13.9
419	-0.740560	234.637809	0.004562	12.5
420	-0.133529	234.367488	0.001040	17.9
421	-0.229373	234.097997	0.002606	11.5
422	-0.122444	233.829331	0.002302	13.8
423	0.000000	233.561485	0.000000	20.3
424	-0.643340	233.294456	0.004159	12.0
425	-0.747345	233.028239	0.006316	12.2
426	-0.936129	232.762831	0.004952	12.4
427	-0.730466	232.498228	0.005753	12.1
428	-0.000000	232.234425	0.000000	12.6
429	-0.325587	231.971419	0.005195	12.3
430	-0.636079	231.709205	0.002899	13.4
431	-1.076697	231.447781	0.006548	15.9
432	0.000000	231.187141	0.000000	13.0
433	0.000000	230.927283	0.000000	13.7
434	-0.190854	230.668202	0.001959	13.2
435	-0.252438	230.409895	0.003665	12.1
436	-1.037509	230.152358	0.004121	14.5
437	-0.404741	229.895587	0.003415	13.2
438	-0.000058	229.639578	0.000111	11.0
439	-1.049094	229.384329	0.005199	13.2
440	-0.586431	229.129834	0.003847	10.9
441	0.000000	228.876091	0.000000	15.3
442	-0.280770	228.623096	0.002798	11.9
443	-0.454704	228.370846	0.003748	12.1
444	-0.612493	228.119336	0.003456	12.0
445	0.000000	227.868563	0.000000	13.0
446	-0.784176	227.618525	0.004225	12.2
447	-0.238651	227.369216	0.002186	11.4
448	-1.025284	227.120635	0.004711	12.6
449	0.000000	226.872777	0.000000	11.9
450	-0.318066	226.625638	0.002281	13.9
451	0.000000	226.379217	0.000000	13.1
452	-0.296663	226.133509	0.002527	11.3
453	0.000000	225.888510	0.000000	11.2
454	-0.777583	225.644218	0.004323	13.3
455	-0.636590	225.400630	0.002776	12.0
456	-1.062009	225.157741	0.006486	12.1
457	-0.870134	224.915549	0.003461	18.0
458	0.000000	224.674051	0.000000	18.0
459	-0.000000	224.433242	0.000000	17.3
460	-0.177259	224.193121	0.001533	11.3
461	-0.363056	223.953684	0.003329	15.5
462	-0.157015	223.714927	0.001868	11.1
463	0.000000	223.476848	0.000000	16.5
464	-0.748756	223.239444	0.003392	13.2
465	-0.897006	223.002710	0.003926	12.5
466	-0.734557	222.766645	0.003823	13.8
467	-0.361937	222.531245	0.004133	17.2
468	-0.000331	222.296508	0.000220	19.4
469	-0.960157	222.062429	0.004589	19.0
470	-0.004586	221.829007	0.000414	20.1
471	-1.068237	221.596238	0.005406	17.8
472	-0.126558	221.364119	0.001501	15.4
473	-1.032679	221.132647	0.006194	14.7
474	-0.004196	220.901820	0.000792	12.8
475	-0.283355	220.671634	0.002418	14.3
476	-0.764932	220.442086	0.005146	17.2
477	-0.947185	220.213174	0.003876	19.0
478	-0.816678	219.984895	0.004942	15.2
479	0.000000	219.757246	0.000000	17.2
480	-0.876398	219.530224	0.006011	26.7
481	-0.654089	219.303826	0.004601	17.3
482	0.000000	219.078050	0.000000	15.4
483	0.000000	218.852893	0.000000	12.1
484	-0.283332	218.628352	0.002607	14.1
485	-0.159212	218.404424	0.002703	24.8
486	-0.662710	218.181106	0.002645	28.3
487	0.000000	217.958397	0.000000	15.4
488	-1.041536	217.736292	0.005765	14.8
489	-0.965264	217.514790	0.003899	16.3
490	-0.472216	217.293888	0.003041	14.4
491	-0.404024	217.073584	0.002686	15.6
492	0.000000	216.853873	0.000000	18.3
493	0.000000	216.634755	0.000000	14.7
494	-0.371671	216.416227	0.003526	15.5
495	0.000000	216.198285	0.000000	18.4
496	-0.935437	215.980927	0.003526	13.4
497	-0.868745	215.764151	0.004619	22.2
498	-0.113603	215.547955	0.001040	15.9
499	-0.443696	215.332335	0.004277	12.3
500	-0.700523	215.117289	0.005595	13.8
501	-0.953471	214.902815	0.004235	13.4
502	-0.009225	214.688911	0.000459	12.1
503	-0.006127	214.475573	0.000263	16.3
504	-1.047588	214.262800	0.004819	19.5
505	0.000000	214.050588	0.000000	15.7
506	-0.577971	213.838936	0.003568	14.2
507	-0.318786	213.627842	0.002875	16.7
508	-0.011460	213.417302	0.000108	12.2
509	-1.026465	213.207314	0.004764	14.0
510	-0.882295	212.997877	0.005068	13.3
511	-0.915614	212.788987	0.005373	20.1
512	-1.022598	212.580642	0.004532	14.7
513	0.000000	212.372841	0.000000	12.7
514	-0.148349	212.165581	0.002849	19.3
515	-0.057648	211.958859	0.001585	14.7
516	-1.007515	211.752673	0.004682	17.1
517	-0.817373	211.547021	0.003841	11.5
518	0.000000	211.341902	0.000000	13.5
519	-0.085631	211.137311	0.002347	13.6
520	-0.038736	210.933248	0.001053	19.8
521	-0.825614	210.729710	0.005250	13.7
522	-0.921416	210.526695	0.004848	14.5
523	-0.710237	210.324200	0.005196	13.1
524	-0.049548	210.122224	0.001505	13.5
525	0.000000	209.920765	0.000000	12.6
526	-0.775632	209.719820	0.004794	14.5
527	0.000000	209.519387	0.000000	15.8
528	0.000000	209.319463	0.000000	19.1
529	-0.581051	209.120048	0.003542	15.0
530	0.000000	208.921139	0.000000	16.2
531	-0.056396	208.722733	0.001185	12.3
532	-0.521868	208.524829	0.004196	11.6
533	0.000000	208.327425	0.000000	15.5
534	-0.083553	208.130518	0.002095	12.5
535	-0.862363	207.934107	0.005223	17.1
536	-0.039496	207.738189	0.001698	15.4
537	0.000000	207.542762	0.000000	14.3
538	-0.351376	207.347825	0.003092	12.9
539	0.000000	207.153376	0.000000	13.1
540	-1.169649	206.959412	0.006260	12.9
541	-0.081115	206.765932	0.001602	16.5
542	0.000000	206.572933	0.000000	11.5
543	-1.057522	206.380414	0.004463	13.9
544	0.000000	206.188373	0.000000	12.4
545	-0.792049	205.996807	0.003668	14.2
546	-1.153354	205.805716	0.006192	15.0
547	-0.691380	205.615096	0.003508	13.4
548	-0.021683	205.424946	0.000808	13.8
549	-0.995797	205.235265	0.005777	12.6
550	-0.538952	205.046050	0.003844	14.7
551	-0.997458	204.857299	0.005484	11.3
552	-0.139836	204.669011	0.002655	12.8
553	-0.904234	204.481184	0.004102	14.8
554	-0.765485	204.293816	0.004498	12.6
555	-1.052327	204.106905	0.005426	12.2
556	-0.182910	203.920449	0.002881	18.0
557	-0.803036	203.734447	0.004174	15.7
558	-0.011652	203.548896	0.000075	14.9
559	-0.902420	203.363795	0.004651	10.7
560	-0.059971	203.179143	0.001129	13.5
561	-0.747765	202.994937	0.004935	13.9
562	-0.000054	202.811176	0.000087	13.4
563	-0.771443	202.627857	0.004179	13.7
564	-0.310060	202.444980	0.002306	12.4
565	-1.030952	202.262543	0.004475	12.9
566	-0.473821	202.080543	0.002934	13.7
567	-0.745375	201.898979	0.003951	14.7
568	-0.899578	201.717849	0.003918	13.6
569	0.000000	201.537153	0.000000	19.0
570	-0.713780	201.356887	0.005491	15.3
571	-0.413201	201.177050	0.002684	15.9
572	0.000000	200.997642	0.000000	13.2
573	-0.530481	200.818659	0.003261	14.6
574	-0.475319	200.640100	0.003238	15.0
575	-1.029875	200.461965	0.004602	14.6
576	0.000000	200.284250	0.000000	12.8
577	-1.053405	200.106955	0.005448	14.0
578	-0.986383	199.930078	0.004301	12.0
579	-0.178955	199.753617	0.002511	16.7
580	-0.380958	199.577571	0.003267	12.1
581	-0.211261	199.401938	0.002088	13.8
582	-0.014658	199.226717	0.001235	13.5
583	-0.731806	199.051905	0.004499	15.1
584	-0.404839	198.877502	0.003905	12.7
585	0.000000	198.703506	0.000000	13.3
586	-0.960019	198.529916	0.004023	11.9
587	-0.967809	198.356729	0.004144	15.2
588	-0.654260	198.183944	0.005253	14.2
589	0.000000	198.011560	0.000000	14.5
590	-0.018587	197.839576	0.001439	13.0
591	0.000000	197.667989	0.000000	13.8
592	0.000000	197.496798	0.000000	16.0
593	-1.077351	197.326002	0.005546	13.0
594	0.000000	197.155600	0.000000	11.7
595	-0.959303	196.985589	0.006168	13.1
596	-0.797225	196.815969	0.003151	14.9
597	-0.745787	196.646738	0.004440	12.5
598	0.000000	196.477894	0.000000	13.0
599	0.000000	196.309436	0.000000	11.4
600	-0.209060	196.141363	0.001403	12.1
601	-0.791507	195.973673	0.004838	12.3
602	-1.079172	195.806365	0.004692	13.4
603	-0.041496	195.639437	0.001660	15.9
604	0.000000	195.472888	0.000000	12.2
605	-0.115134	195.306717	0.001796	12.4
606	0.000000	195.140922	0.000000	14.2
607	0.000000	194.975501	0.000000	12.7
608	-0.016660	194.810454	0.001241	16.9
609	-0.377394	194.645779	0.003225	16.1
610	-0.916543	194.481475	0.005532	16.4
611	-1.163451	194.317540	0.005361	27.0
612	-0.743476	194.153973	0.003531	19.8
613	-0.000000	193.990773	0.000000	19.6
614	0.000000	193.827938	0.000000	16.0
615	0.000000	193.665467	0.000000	15.6
616	0.000000	193.503358	0.000000	14.2
617	-0.995996	193.341611	0.003901	14.4
618	-0.001213	193.180224	0.000810	18.8
619	-0.006210	193.019196	0.001163	22.6
620	-0.000053	192.858525	0.000042	25.9
621	-0.764778	192.698210	0.003969	19.0
622	-0.792230	192.538251	0.004043	18.5
623	-0.125521	192.378644	0.001856	19.0
624	-0.979368	192.219391	0.007392	12.0
625	-1.049278	192.060488	0.004468	18.1
626	-0.965019	191.901935	0.004946	29.9
627	-0.937333	191.743730	0.005022	15.5
628	-0.020104	191.585873	0.000826	21.8
629	-0.713209	191.428362	0.003948	20.7
630	-1.013416	191.271196	0.005632	17.4
631	0.000000	191.114374	0.000000	15.6
632	-1.108235	190.957893	0.005416	11.8
633	-0.711789	190.801755	0.003778	14.8
634	0.000000	190.645956	0.000000	12.8
635	-1.053718	190.490495	0.004292	12.0
636	-0.309217	190.335373	0.002148	13.4
637	-1.000386	190.180587	0.004210	14.5
638	-0.462611	190.026136	0.003906	18.7
639	-0.062511	189.872019	0.001098	17.1
640	0.000000	189.718235	0.000000	17.4
641	-0.055427	189.564782	0.002901	17.8
642	-0.921433	189.411661	0.003967	12.5
643	-1.067663	189.258868	0.006393	12.1
644	-0.000415	189.106404	0.000103	14.1
645	-0.732582	188.954267	0.004096	12.9
646	0.000000	188.802456	0.000000	11.4
647	-0.189510	188.650969	0.002553	11.1
648	-1.035835	188.499807	0.004621	15.0
649	0.000000	188.348967	0.000000	12.8
650	-0.455099	188.198448	0.003551	10.2
651	-0.016201	188.048250	0.000346	13.6
652	0.000000	187.898371	0.000000	12.2
653	-0.180687	187.748810	0.003728	11.9
654	-0.391036	187.599566	0.003508	12.4
655	0.000000	187.450638	0.000000	11.8
656	0.000000	187.302025	0.000000	13.3
657	0.000000	187.153725	0.000000	10.8
658	-0.438117	187.005739	0.003268	13.4
659	-0.079609	186.858064	0.001250	14.1
660	-0.780952	186.710699	0.003976	11.8
661	0.000000	186.563645	0.000000	10.8
662	0.000000	186.416898	0.000000	11.7
663	0.000000	186.270459	0.000000	12.9
664	0.000000	186.124326	0.000000	11.9
665	-0.724130	185.978499	0.005350	12.5
666	-0.256314	185.832976	0.003379	12.2
667	-0.620166	185.687756	0.003231	12.0
668	-0.896177	185.542838	0.004383	13.3
669	-1.062670	185.398222	0.005376	13.1
670	-0.984662	185.253906	0.004688	12.0
671	0.000000	185.109889	0.000000	12.1
672	-0.622571	184.966170	0.003791	13.8
673	0.000000	184.822748	0.000000	12.1
674	-0.003894	184.679623	0.000635	14.3
675	-0.775966	184.536792	0.005751	15.4
676	-1.057776	184.394256	0.005893	16.6
677	0.000000	184.252013	0.000000	12.3
678	0.000000	184.110062	0.000000	14.3
679	0.000000	183.968403	0.000000	14.3
680	-0.919373	183.827034	0.004133	12.3
681	-0.075178	183.685954	0.001095	11.3
682	-0.036923	183.545163	0.000367	15.1
683	-0.346385	183.404658	0.002090	13.1
684	0.000000	183.264441	0.000000	11.8
685	-0.808566	183.124509	0.006215	13.4
686	-0.162316	182.984861	0.002235	16.7
687	-0.974905	182.845497	0.006319	13.6
688	0.000000	182.706416	0.000000	12.9
689	0.000000	182.567616	0.000000	11.3
690	0.000000	182.429098	0.000000	12.2
691	-0.300420	182.290859	0.002632	14.7
692	-0.673257	182.152899	0.003853	11.0
693	-1.048724	182.015217	0.004725	12.6
694	-0.990582	181.877813	0.004008	12.5
695	0.000000	181.740684	0.000000	13.2
696	-1.119974	181.603832	0.005197	11.5
697	0.000000	181.467253	0.000000	12.3
698	-0.384630	181.330948	0.003508	11.8
699	0.000000	181.194916	0.000000	12.7
700	-0.012337	181.059155	0.001152	14.9
701	0.000000	180.923666	0.000000	11.3
702	-0.208256	180.788446	0.001826	15.9
703	-0.169200	180.653496	0.002635	13.0
704	-0.981754	180.518814	0.004753	11.7
705	-0.124805	180.384399	0.002031	12.7
706	-0.118778	180.250251	0.001326	12.0
707	-0.890483	180.116369	0.003604	12.0
708	-0.327669	179.982752	0.002786	12.6
709	-0.864083	179.849398	0.004102	11.3
710	-0.149332	179.716308	0.002709	13.2
711	-0.295187	179.583480	0.003661	12.7
712	-1.041771	179.450913	0.004165	11.6
713	-1.053238	179.318607	0.004774	11.4
714	-0.229576	179.186561	0.003237	12.8
715	-0.008222	179.054774	0.000252	11.6
716	0.000000	178.923245	0.000000	11.2
717	-0.805755	178.791973	0.003409	13.0
718	-0.867162	178.660958	0.003900	12.1
719	-0.003292	178.530199	0.000311	12.5
720	-0.463249	178.399694	0.003779	14.1
721	-0.014093	178.269444	0.001851	11.6
722	-0.395945	178.139447	0.002984	12.1
723	-0.254727	178.009702	0.002880	11.1
724	-0.693119	177.880209	0.003155	13.6
725	-1.031102	177.750967	0.004663	13.0
726	-0.911343	177.621975	0.006904	13.9
727	0.000000	177.493232	0.000000	12.2
728	-0.467265	177.364738	0.004130	12.8
729	-1.017999	177.236492	0.004522	11.7
730	-0.974539	177.108492	0.005022	13.5
731	-0.714820	176.980739	0.004014	15.9
732	-0.474161	176.853231	0.002710	13.6
733	-1.083180	176.725968	0.005726	12.4
734	-0.800869	176.598949	0.005774	12.0
735	-0.386947	176.472173	0.002507	11.7
736	-0.004313	176.345639	0.000021	14.4
737	0.000000	176.219348	0.000000	11.3
738	-0.458886	176.093296	0.003919	11.9
739	-1.006442	175.967486	0.007979	13.5
740	-0.509529	175.841914	0.003060	12.0
741	-1.000892	175.716581	0.004192	11.5
742	0.000000	175.591486	0.000000	12.8
743	-1.087031	175.466629	0.006101	11.4
744	-0.836492	175.342008	0.004041	12.9
745	-0.008417	175.217622	0.000850	12.1
746	-0.647620	175.093472	0.005049	11.6
747	-0.970987	174.969556	0.004093	11.5
748	-0.933714	174.845873	0.003585	12.6
749	-0.398480	174.722423	0.002479	12.1
750	-0.473627	174.599206	0.003451	12.8
751	0.000000	174.476220	0.000000	12.3
752	-0.687503	174.353464	0.003604	12.8
753	-0.020217	174.230939	0.000968	11.7
754	-0.114777	174.108643	0.001583	11.3
755	-0.348838	173.986576	0.003201	13.2
756	-0.898293	173.864737	0.004231	13.6
757	0.000000	173.743124	0.000000	12.2
758	-0.888052	173.621739	0.006822	12.0
759	0.000000	173.500579	0.000000	20.2
760	-0.295742	173.379645	0.001730	17.6
761	-0.008279	173.258935	0.000204	11.6
762	-0.922492	173.138449	0.005767	16.1
763	-0.062548	173.018186	0.001813	14.7
764	-1.083902	172.898146	0.005020	12.7
765	-0.112119	172.778327	0.001060	13.4
766	-0.550145	172.658730	0.003282	12.6
767	0.000000	172.539353	0.000000	12.6
768	0.000000	172.420196	0.000000	12.1
769	0.000000	172.301258	0.000000	11.3
770	-0.303212	172.182539	0.004200	11.4
771	0.000000	172.064037	0.000000	22.1
772	-1.010119	171.945753	0.004507	11.4
773	-0.000046	171.827686	0.000049	11.8
774	-0.089952	171.709834	0.002742	12.4
775	0.000000	171.592198	0.000000	12.3
776	0.000000	171.474776	0.000000	11.5
777	-0.104897	171.357568	0.000793	12.2
778	-0.704728	171.240574	0.005111	14.9
779	0.000000	171.123793	0.000000	14.2
780	-0.717829	171.007223	0.006778	12.6
781	-0.298241	170.890865	0.003312	11.8
782	0.000000	170.774718	0.000000	12.5
783	-0.156223	170.658782	0.003208	13.4
784	-0.926823	170.543055	0.004363	13.1
785	-0.457679	170.427537	0.003698	12.3
786	0.000000	170.312227	0.000000	12.1
787	-1.068066	170.197125	0.005373	12.7
788	-0.413419	170.082231	0.003243	11.2
789	-0.620455	169.967543	0.002968	13.6
790	-0.678175	169.853061	0.003462	12.0
791	0.000000	169.738784	0.000000	13.3
792	-0.921466	169.624713	0.003653	12.2
793	-0.000000	169.510845	0.000000	11.6
794	-0.386549	169.397181	0.003080	13.8
795	-0.053183	169.283720	0.001382	13.1
796	0.000000	169.170462	0.000000	11.5
797	-0.078186	169.057405	0.000828	12.2
798	-0.028167	168.944549	0.000359	11.9
799	-0.011615	168.831895	0.000982	13.3
800	-0.763713	168.719440	0.005125	14.2
801	0.000000	168.607185	0.000000	11.1
802	-0.618699	168.495129	0.002897	12.5
803	-0.813558	168.383271	0.006352	11.7
804	-0.000000	168.271611	0.000000	13.2
805	-0.270741	168.160148	0.002968	11.9
806	-0.917103	168.048882	0.004917	12.1
807	-0.129535	167.937812	0.002551	12.1
808	-1.053054	167.826938	0.004795	12.5
809	-1.046244	167.716258	0.004306	13.1
810	0.000000	167.605773	0.000000	13.0
811	-1.080496	167.495482	0.004453	12.8
812	-0.593620	167.385384	0.004010	11.9
813	0.000000	167.275479	0.000000	14.4
814	-0.011915	167.165766	0.000218	11.4
815	-0.901072	167.056245	0.004116	16.0
816	0.000000	166.946915	0.000000	11.5
817	0.000000	166.837776	0.000000	11.7
818	-1.071437	166.728826	0.004332	13.7
819	0.000000	166.620067	0.000000	11.4
820	-0.718352	166.511496	0.003056	13.2
821	-0.007740	166.403113	0.001515	12.9
822	0.000000	166.294919	0.000000	10.7
823	-0.173610	166.186912	0.002082	17.6
824	-1.048684	166.079091	0.005867	13.7
825	-0.006666	165.971458	0.001777	12.3
826	0.000000	165.864009	0.000000	11.7
827	-0.000144	165.756747	0.000111	13.5
828	-0.957371	165.649669	0.004169	12.8
829	-0.067742	165.542775	0.000847	11.9
830	0.000000	165.436065	0.000000	11.5
831	-0.886024	165.329538	0.006162	14.2
832	-0.624070	165.223194	0.004121	15.8
833	0.000000	165.117032	0.000000	11.9
834	-1.093879	165.011052	0.006117	13.1
835	-0.862437	164.905253	0.003834	11.2
836	0.000000	164.799635	0.000000	12.7
837	-0.677328	164.694197	0.005412	12.3
838	-1.078947	164.588939	0.004609	12.6
839	-0.083963	164.483859	0.001927	13.6
840	0.000000	164.378959	0.000000	11.5
841	-0.908849	164.274237	0.004921	13.8
842	-0.047774	164.169692	0.002325	12.8
843	-0.957850	164.065325	0.004687	12.0
844	-1.023054	163.961135	0.004301	12.3
845	-0.324608	163.857120	0.003132	11.8
846	-0.822955	163.753282	0.004706	11.7
847	-0.900748	163.649619	0.003449	11.5
848	-0.346651	163.546130	0.002343	13.3
849	-0.867035	163.442816	0.003760	11.0
850	-0.767923	163.339676	0.003932	12.9
851	-0.006026	163.236709	0.000991	13.8
852	-1.161806	163.133915	0.005283	11.6
853	0.000000	163.031294	0.000000	20.9
854	0.000000	162.928844	0.000000	21.2
855	0.000000	162.826566	0.000000	15.2
856	0.000000	162.724459	0.000000	26.4
857	0.000000	162.622523	0.000000	11.8
858	-0.000002	162.520757	0.000002	12.9
859	-0.026098	162.419160	0.000538	13.5
860	-0.079400	162.317733	0.002786	14.0
861	-1.065945	162.216474	0.004704	13.0
862	0.000000	162.115383	0.000000	14.3
863	-0.018737	162.014461	0.001556	12.0
864	-0.104255	161.913705	0.001695	13.2
865	0.000000	161.813117	0.000000	12.9
866	0.000000	161.712695	0.000000	15.1
867	-0.986101	161.612439	0.004302	14.3
868	-1.038164	161.512349	0.004741	12.0
869	-0.869501	161.412424	0.004521	17.3
870	0.000000	161.312663	0.000000	14.5
871	0.000000	161.213067	0.000000	15.3
872	-0.740294	161.113635	0.005220	13.3
873	-1.069888	161.014366	0.004275	12.7
874	-0.889910	160.915260	0.003436	11.3
875	0.000000	160.816316	0.000000	15.5
876	-0.359557	160.717535	0.002520	14.2
877	-0.067112	160.618915	0.001351	14.3
878	-0.189177	160.520456	0.002652	13.0
879	0.000000	160.422158	0.000000	20.5
880	-0.780426	160.324021	0.003088	16.5
881	-0.134060	160.226043	0.002391	14.5
882	-0.883547	160.128225	0.005635	14.3
883	0.000000	160.030566	0.000000	12.2
884	-0.357509	159.933066	0.002303	13.8
885	0.000000	159.835723	0.000000	13.7
886	-0.096944	159.738539	0.001659	14.4
887	-1.048023	159.641512	0.004477	11.2
888	-1.052207	159.544642	0.005596	14.7
889	-0.038272	159.447929	0.001122	14.9
890	-0.186940	159.351372	0.002911	12.1
891	0.000000	159.254971	0.000000	13.5
892	-0.028243	159.158725	0.000424	12.3
893	-0.119528	159.062634	0.001012	11.1
894	-0.630347	158.966697	0.004847	13.8
895	0.000000	158.870915	0.000000	14.3
896	-0.596539	158.775286	0.003358	14.9
897	0.000000	158.679811	0.000000	16.4
898	0.000000	158.584489	0.000000	12.0
899	0.000000	158.489319	0.000000	15.6
900	-0.999412	158.394302	0.004525	14.5
901	0.000000	158.299436	0.000000	14.3
902	-1.123035	158.204721	0.005131	12.4
903	-1.021497	158.110158	0.003777	11.5
904	-0.128087	158.015745	0.002738	12.9
905	-0.977292	157.921482	0.005445	12.0
906	-0.021178	157.827369	0.000208	14.7
907	-0.000000	157.733406	0.000000	11.8
908	0.000000	157.639591	0.000000	15.5
909	-0.696898	157.545925	0.003697	13.9
910	-0.671657	157.452408	0.005134	12.3
911	-1.023224	157.359038	0.005827	13.4
912	-0.043605	157.265816	0.002116	11.4
913	-1.089469	157.172741	0.004461	12.4
914	-0.783261	157.079813	0.005922	12.5
915	-0.174492	156.987031	0.002972	13.3
916	-0.813684	156.894395	0.006637	13.3
917	-0.908231	156.801904	0.005363	11.1
918	-1.039130	156.709559	0.004714	14.3
919	0.000000	156.617359	0.000000	12.4
920	0.000000	156.525304	0.000000	11.8
921	-1.052556	156.433392	0.004126	14.1
922	-0.806807	156.341624	0.004375	11.5
923	-0.126474	156.250000	0.001453	12.0
924	-0.011590	156.158519	0.000140	13.1
925	-0.064562	156.067180	0.001198	12.7
926	0.000000	155.975984	0.000000	14.8
927	-0.224175	155.884930	0.001919	11.2
928	0.000000	155.794017	0.000000	12.1
929	-0.794394	155.703246	0.003823	14.1
930	-0.868816	155.612615	0.004048	12.0
931	-0.920170	155.522125	0.005994	11.8
932	-0.170913	155.431775	0.002239	13.6
933	-1.089634	155.341565	0.005833	18.2
934	0.000000	155.251495	0.000000	12.3
935	-0.431591	155.161563	0.003685	14.1
936	-0.915842	155.071771	0.003481	12.1
937	-0.322827	154.982117	0.002904	12.3
938	-0.986586	154.892601	0.005490	15.2
939	-1.022247	154.803222	0.004164	12.0
940	-0.745566	154.713981	0.005129	14.1
941	-0.000042	154.624878	0.000036	13.1
942	-0.009957	154.535910	0.000836	11.8
943	0.000000	154.447080	0.000000	12.0
944	0.000000	154.358385	0.000000	12.5
945	-0.789197	154.269826	0.004251	11.6
946	0.000000	154.181402	0.000000	11.0
947	-0.171916	154.093114	0.002293	13.6
948	-0.000000	154.004960	0.000000	12.6
949	-0.635894	153.916940	0.003160	12.3
950	0.000000	153.829054	0.000000	13.8
951	0.000000	153.741303	0.000000	13.4
952	-0.459633	153.653684	0.003219	12.4
953	-0.484141	153.566198	0.003122	11.8
954	-0.002611	153.478846	0.001534	12.2
955	-1.005589	153.391625	0.005628	15.5
956	0.000000	153.304537	0.000000	12.8
957	-0.033809	153.217580	0.000567	12.4
958	0.000000	153.130755	0.000000	11.7
959	-1.050904	153.044061	0.004366	11.9
960	0.000000	152.957498	0.000000	13.0
961	-1.078440	152.871065	0.004757	13.1
962	-0.266852	152.784762	0.002604	23.3
963	0.000000	152.698589	0.000000	11.0
964	-1.049778	152.612545	0.004501	13.8
965	-0.535213	152.526631	0.003564	12.0
966	-0.444860	152.440845	0.003458	10.7
967	0.000000	152.355188	0.000000	13.3
968	-0.856755	152.269660	0.004786	10.8
969	-0.947837	152.184259	0.005201	16.2
970	-0.628127	152.098986	0.004511	12.7
971	0.000000	152.013840	0.000000	12.7
972	-1.033001	151.928821	0.004882	15.4
973	-1.068760	151.843928	0.004701	13.2
974	-0.963421	151.759163	0.004195	12.0
975	-0.047630	151.674523	0.002798	13.3
976	-1.009021	151.590009	0.005561	11.3
977	-0.900478	151.505620	0.004470	12.5
978	-0.552395	151.421357	0.003262	13.1
979	-1.079572	151.337218	0.004592	11.3
980	-0.308604	151.253204	0.003025	15.4
981	-0.019117	151.169314	0.000476	12.2
982	0.000000	151.085549	0.000000	10.9
983	-0.091119	151.001907	0.001771	13.0
984	-0.567176	150.918388	0.003602	13.5
985	-0.809601	150.834992	0.005676	11.7
986	-0.010213	150.751719	0.001041	13.6
987	-0.977142	150.668569	0.005400	14.1
988	-0.994379	150.585541	0.005182	12.2
989	-0.091578	150.502634	0.001246	11.9
990	-0.763005	150.419849	0.005398	11.9
991	0.000000	150.337186	0.000000	12.8
992	-0.121465	150.254644	0.002917	18.0
993	-0.015336	150.172222	0.001660	18.9
994	-0.476802	150.089921	0.004051	26.3
995	0.000000	150.007740	0.000000	21.8
996	-0.876802	149.925679	0.003590	26.5
997	-0.067144	149.843737	0.001151	24.0
998	0.000000	149.761915	0.000000	18.5
999	-0.657025	149.680212	0.003515	13.7
1000	-0.696065	149.598627	0.004609	12.7
1001	-0.015533	149.517161	0.000846	11.3
1002	-0.100522	149.435814	0.001441	13.5
1003	0.000000	149.354584	0.000000	12.5
1004	-0.104275	149.273472	0.001440	11.8
1005	-0.000774	149.192477	0.000459	12.4
1006	-0.647214	149.111599	0.003336	11.5
1007	-0.941573	149.030838	0.003646	14.6
1008	-0.747212	148.950194	0.003506	14.5
1009	-0.820612	148.869666	0.004224	12.8
1010	-0.004244	148.789253	0.000056	12.2
1011	-1.020164	148.708957	0.003790	12.3
1012	-0.017541	148.628776	0.000516	13.6
1013	-0.085950	148.548710	0.001759	11.8
1014	-1.083837	148.468759	0.005489	11.6
1015	-0.516148	148.388923	0.003576	12.1
1016	0.000000	148.309201	0.000000	13.7
1017	-1.141362	148.229594	0.006327	12.2
1018	-0.398603	148.150100	0.003057	11.9
1019	0.000000	148.070719	0.000000	13.6
1020	-0.034145	147.991452	0.001885	12.9
1021	-0.711914	147.912298	0.002978	12.1
1022	0.000000	147.833257	0.000000	11.6
1023	-0.058431	147.754329	0.001673	10.8
1024	-0.231900	147.675512	0.002614	13.3
1025	-0.000083	147.596808	0.000071	12.7
1026	-1.148900	147.518216	0.005630	12.6
1027	-0.976958	147.439735	0.004822	11.3
1028	0.000000	147.361365	0.000000	13.3
1029	-0.810473	147.283106	0.003888	12.5
1030	-0.608073	147.204958	0.003538	11.6
1031	-0.006551	147.126920	0.001459	12.4
1032	0.000000	147.048993	0.000000	11.0
1033	-0.072836	146.971175	0.001954	19.0
1034	-0.725154	146.893468	0.003668	11.2
1035	-0.025056	146.815869	0.001845	14.1
1036	0.000000	146.738380	0.000000	11.9
1037	-0.140885	146.661000	0.002093	12.3
1038	0.000000	146.583729	0.000000	12.9
1039	-0.350816	146.506566	0.003943	11.7
1040	0.000000	146.429511	0.000000	13.9
1041	-1.006643	146.352565	0.005627	11.8
1042	-0.998008	146.275726	0.005342	11.9
1043	-0.658179	146.198994	0.004364	12.5
1044	-0.842399	146.122370	0.003505	12.4
1045	0.000000	146.045853	0.000000	13.9
1046	-1.011460	145.969442	0.004076	13.8
1047	-0.171231	145.893139	0.002173	15.3
1048	0.000000	145.816941	0.000000	13.8
1049	0.000000	145.740849	0.000000	13.6
1050	-0.016720	145.664863	0.001687	14.0
1051	-0.000000	145.588983	0.000000	13.5
1052	-1.149965	145.513208	0.005223	11.3
1053	-0.084747	145.437538	0.001768	14.3
1054	0.000000	145.361973	0.000000	13.7
1055	0.000000	145.286513	0.000000	12.3
1056	-0.031020	145.211157	0.001769	12.8
1057	-0.496635	145.135905	0.003125	14.5
1058	-1.065658	145.060757	0.007188	13.0
1059	-0.024910	144.985712	0.001632	13.1
1060	-0.249180	144.910771	0.001871	11.0
1061	-0.703193	144.835934	0.005358	13.3
1062	0.000000	144.761199	0.000000	16.9
1063	0.000000	144.686567	0.000000	11.9
1064	-0.924349	144.612037	0.003803	11.8
1065	-0.742202	144.537610	0.002931	12.6
1066	0.000000	144.463285	0.000000	14.4
1067	-0.679513	144.389062	0.003493	14.1
1068	0.000000	144.314940	0.000000	13.3
1069	-1.074265	144.240920	0.006116	15.1
1070	-0.089126	144.167001	0.002093	11.3
1071	0.000000	144.093182	0.000000	13.9
1072	-1.001090	144.019465	0.005261	14.2
1073	-0.948865	143.945848	0.005247	12.3
1074	0.000000	143.872331	0.000000	11.5
1075	-0.009546	143.798914	0.001434	17.2
1076	0.000000	143.725597	0.000000	15.3
1077	-0.948807	143.652380	0.004157	11.9
1078	0.000000	143.579262	0.000000	15.2
1079	-1.152697	143.506243	0.005680	13.0
1080	-0.263788	143.433323	0.004171	14.0
1081	-0.040213	143.360502	0.000693	12.8
1082	-0.603497	143.287780	0.004225	12.9
1083	0.000000	143.215155	0.000000	13.7
1084	-0.816206	143.142629	0.003581	13.3
1085	-0.062202	143.070201	0.001133	12.8
1086	-0.985867	142.997870	0.005201	13.1
1087	-0.133925	142.925637	0.001880	11.7
1088	-0.203781	142.853501	0.002715	13.6
1089	-0.946603	142.781462	0.004727	12.2
1090	0.000000	142.709519	0.000000	11.2
1091	-0.172473	142.637674	0.002933	12.7
1092	-0.000000	142.565924	0.000000	12.3
1093	-0.040848	142.494271	0.001588	13.0
1094	0.000000	142.422714	0.000000	14.5
1095	-0.270107	142.351252	0.002179	13.9
1096	-0.232744	142.279886	0.001450	12.9
1097	-0.084708	142.208616	0.001677	15.7
1098	-0.479741	142.137440	0.002502	13.7
1099	-0.680030	142.066360	0.005570	14.0
1100	-0.719454	141.995374	0.005346	13.4
1101	0.000000	141.924483	0.000000	13.3
1102	-1.000714	141.853685	0.005753	13.8
1103	-0.298772	141.782983	0.002004	13.8
1104	-1.037262	141.712373	0.004502	12.1
1105	0.000000	141.641858	0.000000	12.3
1106	-0.959131	141.571436	0.006482	13.1
1107	0.000000	141.501108	0.000000	12.7
1108	0.000000	141.430872	0.000000	14.8
1109	-0.038669	141.360730	0.000634	15.8
1110	-0.530736	141.290680	0.002700	13.2
1111	-1.057291	141.220722	0.004763	12.1
1112	0.000000	141.150857	0.000000	11.6
1113	0.000000	141.081084	0.000000	14.2
1114	-0.965782	141.011403	0.005569	11.6
1115	0.000000	140.941813	0.000000	12.8
1116	0.000000	140.872315	0.000000	11.0
1117	-0.921775	140.802909	0.004293	11.6
1118	-0.959379	140.733593	0.004767	13.5
1119	-0.007677	140.664369	0.000892	11.3
1120	0.000000	140.595235	0.000000	12.7
1121	0.000000	140.526192	0.000000	14.1
1122	-0.057501	140.457239	0.001537	19.1
1123	-0.007673	140.388376	0.001731	11.3
1124	-0.365958	140.319603	0.003098	12.0
1125	-1.080325	140.250920	0.006191	13.0
1126	-0.445536	140.182326	0.003211	12.0
1127	0.000000	140.113822	0.000000	13.2
1128	0.000000	140.045407	0.000000	11.9
1129	-1.051896	139.977081	0.006416	12.0
1130	0.000000	139.908844	0.000000	11.7
1131	0.000000	139.840696	0.000000	11.0
1132	0.000000	139.772635	0.000000	13.0
1133	-0.958265	139.704664	0.004784	12.5
1134	0.000000	139.636780	0.000000	12.4
1135	-0.000000	139.568984	0.000000	12.7
1136	-0.998361	139.501276	0.004919	10.9
1137	-0.056925	139.433655	0.002254	17.4
1138	-0.685609	139.366122	0.005107	11.3
1139	-0.004272	139.298676	0.000091	11.9
1140	-0.974029	139.231317	0.004091	13.6
1141	-0.946425	139.164045	0.003809	12.2
1142	-0.855636	139.096859	0.003600	18.1
1143	-1.168879	139.029760	0.005302	11.1
1144	-0.012484	138.962747	0.000730	12.9
1145	0.000000	138.895820	0.000000	11.9
1146	-1.066785	138.828978	0.004803	12.7
1147	0.000000	138.762223	0.000000	11.5
1148	0.000000	138.695553	0.000000	12.6
1149	-0.456256	138.628969	0.002142	12.1
1150	-0.124177	138.562469	0.002572	16.7
1151	-0.081149	138.496055	0.001588	11.6
1152	-1.043717	138.429725	0.005275	12.3
1153	-0.975762	138.363481	0.004322	11.8
1154	-0.321531	138.297320	0.002045	12.1
1155	-1.026943	138.231244	0.004750	12.0
1156	-1.039695	138.165252	0.005771	12.6
1157	-0.475510	138.099344	0.002126	12.6
1158	-0.000000	138.033520	0.000000	11.6
1159	-0.816485	137.967779	0.005309	14.8
1160	0.000000	137.902122	0.000000	10.6
1161	0.000000	137.836548	0.000000	11.5
1162	-1.052295	137.771057	0.004033	18.0
1163	0.000000	137.705649	0.000000	11.8
1164	-0.295262	137.640324	0.002515	12.5
1165	-0.213474	137.575081	0.002881	12.9
1166	-0.117127	137.509921	0.000923	13.7
1167	-0.000000	137.444842	0.000000	13.2
1168	-0.481732	137.379846	0.003668	12.5
1169	-0.005135	137.314932	0.000614	11.7
1170	-0.957537	137.250100	0.005896	11.8
1171	0.000000	137.185349	0.000000	13.1
1172	0.000000	137.120680	0.000000	12.6
1173	0.000000	137.056092	0.000000	11.4
1174	-0.037613	136.991585	0.000605	12.0
1175	0.000000	136.927158	0.000000	11.5
1176	-0.631564	136.862813	0.004647	13.0
1177	-0.947751	136.798548	0.003847	11.9
1178	0.000000	136.734363	0.000000	11.9
1179	-0.843199	136.670259	0.004270	12.5
1180	-0.627285	136.606235	0.002666	12.2
1181	-0.715299	136.542291	0.003495	14.2
1182	-0.652498	136.478426	0.003561	12.2
1183	-0.009307	136.414641	0.000332	11.8
1184	0.000000	136.350936	0.000000	14.7
1185	-0.006706	136.287310	0.000406	11.2
1186	0.000000	136.223763	0.000000	12.5
1187	-1.090511	136.160295	0.006995	11.9
1188	-0.918176	136.096905	0.003541	12.2
1189	-0.203681	136.033594	0.002350	12.8
1190	-0.121107	135.970362	0.002062	11.9
1191	-0.235770	135.907208	0.002624	13.9
1192	0.000000	135.844133	0.000000	13.9
1193	-0.899352	135.781135	0.005141	11.9
1194	-0.125579	135.718215	0.002065	12.0
1195	0.000000	135.655373	0.000000	12.0
1196	-0.531139	135.592608	0.002841	13.4
1197	0.000000	135.529921	0.000000	13.8
1198	0.000000	135.467311	0.000000	11.6
1199	-0.214698	135.404778	0.003320	11.9
1200	-0.794436	135.342322	0.003887	11.9
1201	-0.343225	135.279942	0.002386	13.3
1202	-0.000008	135.217640	0.000019	13.8
1203	-0.066641	135.155413	0.000827	15.1
1204	0.000000	135.093263	0.000000	11.8
1205	0.000000	135.031190	0.000000	13.1
1206	-0.946235	134.969192	0.004237	15.3
1207	-0.904971	134.907270	0.003595	11.5
1208	-0.432265	134.845424	0.003006	13.9
1209	0.000000	134.783653	0.000000	13.3
1210	-0.993684	134.721958	0.003953	12.3
1211	-0.071320	134.660338	0.001722	15.6
1212	-1.033022	134.598793	0.005298	12.9
1213	-0.962988	134.537323	0.004397	12.0
1214	-0.161480	134.475927	0.001663	14.1
1215	-1.030623	134.414607	0.005375	13.4
1216	-1.074329	134.353361	0.003922	12.2
1217	-0.319151	134.292189	0.003527	13.8
1218	-0.084880	134.231092	0.001523	11.3
1219	0.000000	134.170068	0.000000	11.0
1220	-0.916281	134.109119	0.004303	13.6
1221	0.000000	134.048243	0.000000	12.7
1222	-0.938419	133.987441	0.003729	11.4
1223	-0.959361	133.926713	0.004155	11.1
1224	-0.982468	133.866057	0.003670	12.0
1225	-0.269904	133.805475	0.002265	11.8
1226	-0.161336	133.744966	0.001654	13.1
1227	0.000000	133.684530	0.000000	11.5
1228	-0.000000	133.624167	0.000000	11.5
1229	-0.042288	133.563877	0.000353	12.3
1230	-0.875224	133.503658	0.003572	11.5
1231	-0.000004	133.443513	0.000008	13.1
1232	-0.269831	133.383439	0.002658	13.9
1233	-1.035723	133.323437	0.006561	11.3
1234	-0.606484	133.263508	0.002935	12.2
1235	-0.055885	133.203650	0.001564	12.4
1236	0.000000	133.143864	0.000000	12.1
1237	-0.127385	133.084149	0.001814	11.6
1238	-0.132384	133.024506	0.002076	14.2
1239	-0.740871	132.964934	0.003156	12.2
1240	-0.763614	132.905433	0.003914	12.4
1241	-0.647097	132.846003	0.003663	12.4
1242	0.000000	132.786643	0.000000	11.6
1243	-0.169685	132.727355	0.001914	12.3
1244	-0.255138	132.668137	0.002452	12.2
1245	-0.686019	132.608989	0.003190	11.0
1246	-0.797670	132.549912	0.005311	13.1
1247	-0.316160	132.490904	0.002614	24.6
1248	-0.660339	132.431967	0.003866	11.2
1249	-0.000001	132.373100	0.000003	13.5
1250	-0.781629	132.314302	0.003502	16.6
1251	-0.643054	132.255574	0.003638	12.3
1252	-0.000000	132.196916	0.000000	12.9
1253	-0.867933	132.138326	0.004459	20.6
1254	-1.048322	132.079806	0.006788	12.5
1255	-0.187866	132.021355	0.001850	11.1
1256	-0.126957	131.962973	0.002237	12.6
1257	-0.060185	131.904660	0.000748	11.8
1258	-0.684827	131.846415	0.002767	12.4
1259	-0.841770	131.788239	0.003389	11.4
1260	-1.110965	131.730131	0.004651	11.8
1261	-0.147739	131.672092	0.001474	11.3
1262	-0.534788	131.614121	0.002861	11.1
1263	-0.967394	131.556217	0.005432	11.2
1264	-0.085280	131.498382	0.000847	12.0
1265	-0.000000	131.440614	0.000000	11.1
1266	-0.998774	131.382914	0.004428	12.1
1267	-0.014222	131.325282	0.000863	11.1
1268	-0.177417	131.267717	0.001644	12.4
1269	-0.929779	131.210219	0.005226	11.9
1270	-0.849664	131.152788	0.003576	11.9
1271	-0.314344	131.095424	0.002388	12.3
1272	-0.000000	131.038127	0.000000	12.3
1273	-0.004040	130.980897	0.000752	11.2
1274	-0.630332	130.923733	0.003805	12.6
1275	-0.931109	130.866636	0.003695	10.7
1276	-0.011843	130.809605	0.000283	11.6
1277	-0.116787	130.752641	0.003330	11.9
1278	-0.556193	130.695742	0.003923	11.4
1279	0.000000	130.638910	0.000000	13.2
1280	-1.126291	130.582143	0.006442	11.4
1281	-1.057859	130.525442	0.004401	12.9
1282	-0.234855	130.468807	0.002493	12.7
1283	-0.998789	130.412237	0.004709	11.7
1284	-0.027286	130.355733	0.000880	12.4
1285	0.000000	130.299294	0.000000	12.0
1286	-0.731755	130.242920	0.005487	12.4
1287	-0.927772	130.186611	0.004725	12.4
1288	0.000000	130.130366	0.000000	11.4
1289	-0.309484	130.074187	0.002619	13.9
1290	-0.000000	130.018072	0.000000	12.3
1291	-0.347135	129.962022	0.002648	11.5
1292	-0.130762	129.906036	0.001347	12.1
1293	0.000000	129.850114	0.000000	12.4
1294	-0.316811	129.794257	0.003034	11.6
1295	-0.145438	129.738463	0.001933	11.6
1296	-0.670776	129.682734	0.004013	14.6
1297	0.000000	129.627068	0.000000	12.2
1298	-0.428629	129.571466	0.003083	12.4
1299	-1.030293	129.515927	0.003926	12.4
1300	0.000000	129.460452	0.000000	10.7
1301	-0.114615	129.405040	0.001452	11.9
1302	-1.009552	129.349692	0.005445	11.8
1303	-0.273456	129.294406	0.002695	12.7
1304	-0.988784	129.239183	0.004908	11.7
1305	-0.224683	129.184024	0.002385	12.3
1306	0.000000	129.128927	0.000000	12.6
1307	0.000000	129.073892	0.000000	11.4
1308	-1.114544	129.018921	0.005461	13.3
1309	-0.749751	128.964011	0.004033	12.1
1310	0.000000	128.909164	0.000000	11.5
1311	-0.501021	128.854379	0.002975	16.5
1312	-0.000000	128.799656	0.000000	11.0
1313	0.000000	128.744995	0.000000	10.6
1314	0.000000	128.690396	0.000000	14.4
1315	-0.569545	128.635858	0.003604	11.4
1316	-0.232811	128.581382	0.001962	11.8
1317	-1.177361	128.526968	0.006342	14.0
1318	-1.027972	128.472615	0.004240	10.6
1319	0.000000	128.418323	0.000000	11.1
1320	-0.745517	128.364092	0.004838	13.2
1321	-1.119148	128.309922	0.004810	12.0
1322	0.000000	128.255814	0.000000	12.9
1323	-0.593734	128.201766	0.003356	12.7
1324	0.000000	128.147778	0.000000	12.3
1325	-1.045745	128.093852	0.003569	11.9
1326	-1.120251	128.039985	0.005892	12.2
1327	-0.105318	127.986180	0.001731	11.9
1328	-0.742578	127.932434	0.006017	15.2
1329	-0.630790	127.878749	0.003611	11.5
1330	-0.055363	127.825123	0.000850	11.9
1331	0.000000	127.771558	0.000000	11.7
1332	0.000000	127.718052	0.000000	11.3
1333	0.000000	127.664606	0.000000	13.8
1334	-0.155828	127.611220	0.001848	11.2
1335	-0.835026	127.557893	0.003535	11.9
1336	-1.121033	127.504625	0.004808	11.9
1337	0.000000	127.451417	0.000000	10.9
1338	-0.080759	127.398268	0.001410	11.3
1339	-0.960702	127.345178	0.003647	11.8
1340	-0.000000	127.292147	0.000000	10.8
1341	-0.645033	127.239175	0.003183	11.8
1342	-0.603342	127.186261	0.003162	15.1
1343	-1.040169	127.133407	0.005515	11.4
1344	-0.004176	127.080610	0.000192	12.0
1345	-0.813800	127.027872	0.005242	11.6
1346	-0.058998	126.975193	0.001081	10.9
1347	-1.098602	126.922572	0.005401	10.6
1348	-0.737574	126.870008	0.003364	12.4
1349	-0.254377	126.817503	0.002218	10.9
1350	-0.950279	126.765056	0.003481	11.8
1351	-0.115350	126.712667	0.002163	12.5
1352	-1.142382	126.660335	0.005808	11.8
1353	-0.922029	126.608061	0.004201	11.2
1354	-0.414065	126.555844	0.002813	13.2
1355	0.000000	126.503685	0.000000	12.2
1356	0.000000	126.451583	0.000000	11.1
1357	-1.066216	126.399538	0.004645	12.1
1358	0.000000	126.347550	0.000000	10.8
1359	-0.757933	126.295619	0.004963	17.0
1360	-1.111212	126.243745	0.006261	11.7
1361	0.000000	126.191928	0.000000	11.5
1362	0.000000	126.140168	0.000000	11.9
1363	-1.151150	126.088464	0.005895	10.7
1364	-1.159719	126.036817	0.006193	11.5
1365	0.000000	125.985226	0.000000	11.8
1366	-0.235490	125.933691	0.002667	12.4
1367	-0.266548	125.882212	0.001658	11.4
1368	0.000000	125.830790	0.000000	16.4
1369	-0.656162	125.779423	0.004319	10.9
1370	0.000000	125.728113	0.000000	11.0
1371	-0.133898	125.676858	0.001839	17.7
1372	-0.920347	125.625659	0.003639	11.3
1373	-0.153215	125.574515	0.002045	11.9
1374	-0.759802	125.523427	0.003305	12.9
1375	-0.202430	125.472394	0.001565	12.1
1376	-0.825369	125.421417	0.003654	13.3
1377	-0.338985	125.370495	0.003670	12.9
1378	-0.911766	125.319628	0.004872	14.4
1379	0.000000	125.268815	0.000000	12.4
1380	-0.745857	125.218058	0.003905	11.4
1381	-0.320740	125.167356	0.002735	11.8
1382	-0.397473	125.116708	0.002516	12.3
1383	-0.872882	125.066115	0.003473	11.5
1384	0.000000	125.015576	0.000000	12.8
1385	-0.023614	124.965092	0.001589	11.3
1386	-1.010578	124.914662	0.004251	11.9
1387	-0.219834	124.864287	0.001786	12.9
1388	-0.422688	124.813965	0.003480	14.6
1389	-0.141192	124.763698	0.001469	13.5
1390	-0.000000	124.713485	0.000000	11.1
1391	-1.001214	124.663325	0.004240	12.1
1392	0.000000	124.613219	0.000000	13.5
1393	-0.599653	124.563167	0.003218	12.6
1394	-0.000050	124.513168	0.000032	12.7
1395	-0.594389	124.463223	0.004257	12.1
1396	-0.011489	124.413332	0.002291	11.3
1397	0.000000	124.363493	0.000000	12.5
1398	-0.993142	124.313708	0.005117	13.4
1399	-0.114792	124.263976	0.002032	12.6
1400	0.000000	124.214297	0.000000	11.0
1401	-0.138035	124.164671	0.001350	13.2
1402	-1.102862	124.115097	0.004995	11.8
1403	-0.004416	124.065577	0.000077	12.5
1404	0.000000	124.016109	0.000000	13.0
1405	-0.000000	123.966693	0.000000	11.1
1406	-0.260433	123.917330	0.002136	12.5
1407	-0.976859	123.868020	0.004483	12.8
1408	-0.214644	123.818762	0.001391	14.2
1409	-1.071265	123.769556	0.003867	12.3
1410	-0.000000	123.720402	0.000001	11.3
1411	-0.947677	123.671300	0.005771	12.8
1412	-0.777670	123.622250	0.004534	11.8
1413	0.000000	123.573252	0.000000	12.6
1414	0.000000	123.524305	0.000000	15.4
1415	0.000000	123.475411	0.000000	14.7
1416	-0.004363	123.426568	0.000066	14.8
1417	-1.072312	123.377776	0.006016	18.4
1418	-0.013338	123.329036	0.001696	10.8
1419	-0.629361	123.280347	0.004819	11.3
1420	-0.201036	123.231709	0.001634	13.1
1421	-0.035671	123.183122	0.001557	11.1
1422	0.000000	123.134587	0.000000	13.9
1423	0.000000	123.086102	0.000000	17.8
1424	0.000000	123.037669	0.000000	14.7
1425	-0.570907	122.989286	0.003540	12.2
1426	-0.848726	122.940954	0.004905	15.9
1427	-0.484115	122.892672	0.002311	11.4
1428	-0.000000	122.844441	0.000000	11.7
1429	0.000000	122.796261	0.000000	14.1
1430	-0.000625	122.748130	0.000514	14.3
1431	-0.059512	122.700050	0.002188	20.9
1432	-0.979870	122.652021	0.004809	19.2
1433	0.000000	122.604041	0.000000	17.7
1434	0.000000	122.556111	0.000000	24.0
1435	-0.863225	122.508232	0.003752	32.1
1436	-0.021725	122.460402	0.000188	23.3
1437	-0.392675	122.412622	0.002792	25.7
1438	0.000000	122.364891	0.000000	22.4
1439	-0.772877	122.317210	0.005436	21.5
1440	-0.013595	122.269579	0.001328	17.6
1441	-0.170039	122.221997	0.002301	21.9
1442	-0.519866	122.174465	0.002306	17.8
1443	-0.000651	122.126981	0.000692	34.9
1444	-1.122918	122.079547	0.004859	14.5
1445	-0.397643	122.032162	0.002367	17.2
1446	-0.671434	121.984826	0.003002	21.3
1447	-0.670487	121.937539	0.005614	12.3
1448	0.000000	121.890301	0.000000	12.6
1449	0.000000	121.843112	0.000000	15.3
1450	-0.168144	121.795971	0.002739	11.7
1451	-0.593221	121.748879	0.003356	14.7
1452	-0.001517	121.701835	0.000874	12.9
1453	-0.566343	121.654840	0.004147	13.2
1454	-0.000000	121.607893	0.000001	13.5
1455	0.000000	121.560994	0.000000	12.9
1456	0.000000	121.514144	0.000000	11.3
1457	-0.329204	121.467342	0.003054	12.9
1458	-0.505763	121.420588	0.003484	13.9
1459	-0.729726	121.373882	0.005404	12.6
1460	-1.007231	121.327223	0.004475	12.5
1461	-0.602697	121.280613	0.003371	15.7
1462	-0.052373	121.234050	0.001574	11.7
1463	-1.042428	121.187535	0.004471	11.1
1464	0.000000	121.141067	0.000000	11.9
1465	-0.909960	121.094647	0.005084	13.8
1466	-0.073729	121.048274	0.001471	15.9
1467	-0.446622	121.001949	0.002506	13.2
1468	-0.759237	120.955671	0.003648	12.2
1469	-0.878967	120.909440	0.003264	13.3
1470	0.000000	120.863256	0.000000	14.1
1471	0.000000	120.817119	0.000000	12.9
1472	-0.708896	120.771029	0.004753	13.6
1473	-0.921852	120.724986	0.003784	12.2
1474	-0.075526	120.678990	0.002044	11.3
1475	0.000000	120.633040	0.000000	13.4
1476	-0.918041	120.587137	0.004076	12.3
1477	-0.388385	120.541281	0.002353	14.5
1478	-0.312253	120.495471	0.003423	12.8
1479	-0.833090	120.449707	0.003707	12.4
1480	0.000000	120.403990	0.000000	12.2
1481	-0.102093	120.358319	0.002629	11.7
1482	-0.995567	120.312694	0.005255	13.2
1483	0.000000	120.267115	0.000000	14.4
1484	-0.110181	120.221582	0.002011	13.3
1485	-0.060048	120.176096	0.001311	13.2
1486	0.000000	120.130655	0.000000	11.3
1487	-0.518946	120.085260	0.003035	12.4
1488	0.000000	120.039910	0.000000	11.8
1489	-1.132437	119.994606	0.004685	16.2
1490	-0.612979	119.949348	0.003744	12.1
1491	0.000000	119.904135	0.000000	11.9
1492	-0.872539	119.858968	0.003444	12.0
1493	0.000000	119.813846	0.000000	10.9
1494	-0.258533	119.768769	0.002515	11.6
1495	-0.888469	119.723738	0.003694	12.8
1496	0.000000	119.678752	0.000000	11.7
1497	-0.739470	119.633810	0.005003	12.5
1498	-0.108866	119.588914	0.002519	16.9
1499	-0.853107	119.544062	0.003020	11.3
1500	-1.140262	119.499256	0.005193	11.4
1501	-0.455955	119.454494	0.003022	12.3
1502	0.000000	119.409777	0.000000	11.6
1503	-0.884425	119.365104	0.004617	11.0
1504	-0.558417	119.320476	0.003118	13.9
1505	-0.980277	119.275893	0.004233	13.6
1506	-0.063952	119.231353	0.001623	12.5
1507	-0.588763	119.186859	0.002241	12.0
1508	-0.050040	119.142408	0.001501	12.9
1509	0.000000	119.098002	0.000000	12.5
1510	0.000000	119.053639	0.000000	11.4
1511	0.000000	119.009321	0.000000	12.2
1512	-0.416985	118.965047	0.003320	12.4
1513	-0.000027	118.920816	0.000038	11.2
1514	-0.142097	118.876630	0.001739	12.9
1515	-0.939718	118.832487	0.003716	11.7
1516	0.000000	118.788388	0.000000	12.3
1517	0.000000	118.744332	0.000000	13.3
1518	-0.538623	118.700320	0.003443	11.2
1519	-0.232702	118.656352	0.001256	11.2
1520	-0.000000	118.612427	0.000000	13.0
1521	0.000000	118.568545	0.000000	11.3
1522	-0.293143	118.524706	0.001965	13.3
1523	-0.067563	118.480911	0.001073	11.8
1524	-0.910681	118.437159	0.003905	12.1
1525	-0.297228	118.393450	0.002353	12.0
1526	0.000000	118.349784	0.000000	11.5
1527	-0.656639	118.306160	0.004792	14.2
1528	-0.126135	118.262580	0.002260	13.0
1529	-0.963514	118.219042	0.004116	12.3
1530	0.000000	118.175548	0.000000	12.9
1531	-1.145000	118.132095	0.004505	12.2
1532	-0.059795	118.088686	0.001753	13.0
1533	-0.530923	118.045319	0.002735	11.6
1534	-0.922058	118.001994	0.005265	12.6
1535	0.000000	117.958712	0.000000	12.8
1536	-1.082709	117.915472	0.004106	11.6
1537	-0.875700	117.872274	0.004633	12.7
1538	-0.780866	117.829118	0.006356	13.1
1539	-0.559334	117.786005	0.003002	13.8
1540	-0.690130	117.742933	0.003203	12.1
1541	0.000000	117.699904	0.000000	12.7
1542	-0.962001	117.656916	0.004532	11.7
1543	-1.004520	117.613971	0.003649	12.4
1544	-0.346098	117.571067	0.002514	12.5
1545	0.000000	117.528205	0.000000	11.7
1546	-0.606361	117.485384	0.003459	22.6
1547	-1.052398	117.442605	0.005066	11.8
1548	0.000000	117.399867	0.000000	14.4
1549	-1.072514	117.357171	0.004348	11.8
1550	-0.217560	117.314517	0.001719	13.1
1551	-0.012195	117.271903	0.001045	12.2
1552	-0.871015	117.229331	0.004311	14.0
1553	-0.103113	117.186800	0.001822	11.6
1554	-1.075861	117.144311	0.004829	14.2
1555	-0.053360	117.101862	0.001112	12.9
1556	0.000000	117.059454	0.000000	11.8
1557	-0.104427	117.017087	0.001661	12.4
1558	-0.129858	116.974762	0.000911	11.7
1559	-0.909520	116.932476	0.005701	11.9
1560	-0.309380	116.890232	0.002294	18.5
1561	0.000000	116.848028	0.000000	12.3
1562	-0.057885	116.805865	0.002015	12.4
1563	-0.016322	116.763743	0.000898	13.1
1564	-0.585077	116.721661	0.003748	14.4
1565	-0.019905	116.679619	0.000882	12.4
1566	-0.953374	116.637618	0.006090	11.3
1567	-0.263933	116.595657	0.001507	18.5
1568	-0.229976	116.553736	0.001857	14.4
1569	-0.086773	116.511855	0.001643	12.7
1570	-1.058471	116.470015	0.006022	11.6
1571	-0.610939	116.428214	0.002806	16.9
1572	-0.307943	116.386454	0.002805	12.5
1573	-0.903144	116.344733	0.003627	11.4
1574	0.000000	116.303052	0.000000	12.0
1575	0.000000	116.261412	0.000000	12.6
1576	0.000000	116.219810	0.000000	12.5
1577	-0.394575	116.178249	0.002830	14.9
1578	-0.939943	116.136727	0.003231	13.2
1579	-0.480483	116.095245	0.002446	11.6
1580	-1.021632	116.053802	0.004042	11.4
1581	-0.899181	116.012398	0.003351	12.0
1582	-0.906772	115.971034	0.004010	11.4
1583	0.000000	115.929710	0.000000	13.4
1584	0.000000	115.888424	0.000000	12.0
1585	-0.069385	115.847178	0.001417	12.8
1586	-1.082477	115.805970	0.004997	13.1
1587	0.000000	115.764802	0.000000	10.9
1588	-0.779205	115.723673	0.005291	17.1
1589	-0.449340	115.682583	0.002922	11.1
1590	0.000000	115.641532	0.000000	12.7
1591	0.000000	115.600519	0.000000	15.0
1592	-0.454050	115.559546	0.002142	13.1
1593	-0.821560	115.518610	0.004681	12.8
1594	-0.116122	115.477714	0.001804	12.6
1595	-0.189208	115.436856	0.002128	13.1
1596	-0.179843	115.396037	0.001979	12.3
1597	-0.956081	115.355256	0.004413	11.6
1598	-1.087765	115.314514	0.005062	12.1
1599	-0.098401	115.273810	0.000571	12.4
1600	-0.672000	115.233144	0.003451	11.1
1601	-0.883758	115.192517	0.004543	11.4
1602	-0.973127	115.151927	0.004673	11.8
1603	-0.007629	115.111376	0.000277	11.5
1604	0.000000	115.070863	0.000000	12.9
1605	-0.952653	115.030388	0.004522	13.2
1606	-0.563849	114.989951	0.003695	11.6
1607	-0.070109	114.949551	0.001312	12.3
1608	0.000000	114.909190	0.000000	11.5
1609	-0.694665	114.868866	0.004929	15.4
1610	-0.804168	114.828580	0.005253	15.5
1611	0.000000	114.788332	0.000000	11.9
1612	0.000000	114.748121	0.000000	15.4
1613	-0.540766	114.707948	0.003500	13.7
1614	-0.320830	114.667812	0.003396	11.3
1615	-0.557027	114.627714	0.003741	16.2
1616	-0.244865	114.587653	0.002085	12.1
1617	-0.633442	114.547629	0.004163	11.5
1618	-0.907451	114.507643	0.003802	12.2
1619	-0.848688	114.467693	0.005849	16.1
1620	-0.409062	114.427781	0.002605	11.8
1621	-0.376220	114.387907	0.002987	13.3
1622	-1.003297	114.348069	0.003760	11.5
1623	-1.147403	114.308268	0.005064	18.1
1624	-0.369271	114.268504	0.002541	11.1
1625	-0.627353	114.228777	0.003182	18.8
1626	-1.091222	114.189086	0.003979	12.1
1627	-0.858096	114.149433	0.004110	12.5
1628	-0.376900	114.109816	0.002455	12.4
1629	-0.819308	114.070235	0.005093	12.1
1630	-0.501431	114.030692	0.002880	11.3
1631	-0.608816	113.991185	0.003045	12.7
1632	-0.976507	113.951714	0.005707	11.8
1633	-0.441595	113.912280	0.004266	11.7
1634	0.000000	113.872882	0.000000	17.2
1635	-0.026710	113.833521	0.001447	12.1
1636	-1.052557	113.794195	0.004953	12.9
1637	-0.031339	113.754906	0.000731	13.4
1638	-0.178985	113.715653	0.001411	16.3
1639	-0.434254	113.676437	0.003034	20.0
1640	-1.088723	113.637256	0.004592	11.5
1641	-1.036364	113.598111	0.004762	14.3
1642	-0.490859	113.559002	0.003011	14.5
1643	-0.222180	113.519929	0.002050	15.7
1644	-0.556462	113.480892	0.003353	15.3
1645	-0.298288	113.441891	0.003098	13.8
1646	0.000000	113.402925	0.000000	14.7
1647	-0.114855	113.363995	0.002301	16.7
1648	-0.486124	113.325101	0.002722	11.5
1649	-0.470784	113.286242	0.002469	12.7
1650	-0.769915	113.247419	0.005429	22.4
1651	0.000000	113.208631	0.000000	14.6
1652	-0.766130	113.169879	0.003280	14.3
1653	-0.063363	113.131162	0.001890	13.1
1654	0.000000	113.092480	0.000000	11.2
1655	-0.780347	113.053833	0.005656	14.2
1656	-0.250072	113.015222	0.002214	18.5
1657	0.000000	112.976646	0.000000	12.9
1658	-0.957901	112.938105	0.004310	13.1
1659	-0.061139	112.899599	0.000896	12.6
1660	-0.064947	112.861128	0.001512	12.9
1661	-0.547245	112.822692	0.003058	11.8
1662	0.000000	112.784291	0.000000	11.8
1663	-1.146913	112.745924	0.005715	12.9
1664	-0.003905	112.707593	0.000441	11.7
1665	-0.822991	112.669296	0.003775	12.2
1666	-1.110707	112.631034	0.004683	12.3
1667	0.000000	112.592806	0.000000	11.5
1668	-1.033709	112.554613	0.004409	11.7
1669	-0.107710	112.516455	0.001817	11.7
1670	0.000000	112.478331	0.000000	11.7
1671	-1.005600	112.440241	0.005199	11.6
1672	-0.785010	112.402186	0.005596	12.6
1673	-0.780418	112.364165	0.005278	11.3
1674	-1.027504	112.326179	0.004807	15.9
1675	-0.395807	112.288227	0.003071	15.6
1676	-0.865654	112.250309	0.004541	14.3
1677	-0.612036	112.212425	0.003185	12.2
1678	-0.004281	112.174575	0.000039	12.4
1679	-0.008165	112.136759	0.000151	12.7
1680	-0.281591	112.098977	0.002153	12.1
1681	-0.364821	112.061229	0.003407	12.9
1682	-0.087387	112.023515	0.001505	12.1
1683	-0.974428	111.985834	0.005859	12.6
1684	-1.012216	111.948188	0.004340	11.0
1685	-0.736070	111.910575	0.002988	13.0
1686	0.000000	111.872996	0.000000	12.5
1687	-0.125793	111.835450	0.001833	12.6
1688	-1.065818	111.797939	0.005183	12.1
1689	-0.813185	111.760460	0.004107	15.5
1690	-0.971357	111.723015	0.004186	12.0
1691	-0.883798	111.685604	0.003818	11.6
1692	0.000000	111.648226	0.000000	12.6
1693	0.000000	111.610881	0.000000	10.9
1694	-0.551398	111.573570	0.004092	13.2
1695	-1.101614	111.536292	0.005142	12.2
1696	-0.015950	111.499047	0.000497	12.5
1697	-0.317542	111.461835	0.002679	12.3
1698	0.000000	111.424656	0.000000	11.6
1699	-1.039664	111.387510	0.004458	12.7
1700	-1.018952	111.350398	0.004299	11.9
1701	-0.987614	111.313318	0.008129	12.0
1702	-0.009464	111.276271	0.000619	13.6
1703	-0.379380	111.239257	0.003399	11.5
1704	-0.008329	111.202276	0.001482	12.4
1705	-0.820425	111.165328	0.004170	11.5
1706	0.000000	111.128412	0.000000	11.9
1707	0.000000	111.091529	0.000000	13.1
1708	0.000000	111.054679	0.000000	13.3
1709	-1.057689	111.017861	0.005049	11.5
1710	-1.034601	110.981076	0.005606	12.4
1711	0.000000	110.944323	0.000000	15.5
1712	0.000000	110.907603	0.000000	11.8
1713	-1.012642	110.870915	0.003958	12.1
1714	-0.731262	110.834259	0.004389	12.2
1715	0.000000	110.797636	0.000000	11.3
1716	-0.723673	110.761045	0.003959	11.7
1717	-0.755146	110.724486	0.003365	11.5
1718	-0.848470	110.687959	0.005887	10.9
1719	-0.752873	110.651465	0.003559	12.8
1720	-0.004300	110.615002	0.000011	16.1
1721	-0.449849	110.578572	0.003241	12.1
1722	0.000000	110.542173	0.000000	11.8
1723	0.000000	110.505807	0.000000	12.5
1724	-0.614978	110.469472	0.003014	13.3
1725	-0.000000	110.433169	0.000000	11.5
1726	0.000000	110.396898	0.000000	12.8
1727	-0.737659	110.360659	0.004896	12.4
1728	-0.736535	110.324451	0.003161	12.1
1729	-1.065467	110.288276	0.004309	12.6
1730	-1.061855	110.252131	0.005144	12.0
1731	-1.028947	110.216019	0.004065	11.8
1732	-0.406041	110.179937	0.002911	14.5
1733	-1.184350	110.143888	0.005733	10.9
1734	-0.896468	110.107869	0.004611	12.4
1735	0.000000	110.071882	0.000000	11.6
1736	-0.875927	110.035927	0.006626	12.5
1737	-1.076355	110.000003	0.004878	12.1
1738	-0.416602	109.964110	0.002585	11.1
1739	-0.030693	109.928248	0.002861	11.8
1740	-1.083000	109.892417	0.004692	12.6
1741	-0.705477	109.856618	0.003322	12.7
1742	-0.572705	109.820850	0.003730	13.2
1743	-0.914430	109.785112	0.005711	11.5
1744	-0.289169	109.749406	0.002897	11.0
1745	-0.000000	109.713730	0.000000	13.2
1746	0.000000	109.678086	0.000000	11.0
1747	0.000000	109.642472	0.000000	13.0
1748	-0.157612	109.606890	0.001598	14.2
1749	-0.420321	109.571337	0.002346	13.1
1750	-0.266288	109.535816	0.002123	20.6
1751	-0.286080	109.500326	0.002686	11.9
1752	-0.741653	109.464866	0.005626	11.9
1753	-0.033507	109.429436	0.001763	15.6
1754	-0.046385	109.394038	0.000996	12.3
1755	-0.937776	109.358669	0.003761	11.2
1756	-0.020064	109.323331	0.001403	16.0
1757	-0.098722	109.288024	0.002070	11.4
1758	-0.783570	109.252747	0.003521	12.2
1759	0.000000	109.217501	0.000000	12.2
1760	-0.825915	109.182284	0.004468	11.7
1761	0.000000	109.147098	0.000000	12.8
1762	-0.983677	109.111942	0.005572	13.5
1763	-1.186110	109.076817	0.004985	11.6
1764	0.000000	109.041721	0.000000	14.6
1765	-0.820865	109.006656	0.004442	11.9
1766	-0.233313	108.971620	0.001847	12.0
1767	0.000000	108.936615	0.000000	11.7
1768	-0.084507	108.901640	0.001032	11.5
1769	-0.840212	108.866694	0.005089	13.3
1770	-0.000000	108.831779	0.000000	11.2
1771	-0.589292	108.796893	0.003123	14.4
1772	-0.502606	108.762037	0.003094	11.1
1773	-0.092492	108.727211	0.001690	11.9
1774	-0.221663	108.692415	0.002431	12.0
1775	0.000000	108.657648	0.000000	12.9
1776	-0.633670	108.622911	0.004121	12.0
1777	-0.008521	108.588203	0.001286	12.2
1778	-0.206348	108.553525	0.002666	14.2
1779	0.000000	108.518877	0.000000	16.9
1780	-0.350247	108.484258	0.002661	11.1
1781	-0.244235	108.449668	0.002795	13.6
1782	-1.004553	108.415108	0.006396	12.8
1783	-0.151695	108.380578	0.001717	13.2
1784	-0.791678	108.346076	0.004372	12.3
1785	0.000000	108.311604	0.000000	14.7
1786	-0.463400	108.277161	0.003165	12.0
1787	-0.598717	108.242747	0.002846	11.9
1788	0.000000	108.208363	0.000000	12.5
1789	-0.832807	108.174007	0.003433	12.5
1790	0.000000	108.139681	0.000000	11.5
1791	-0.868449	108.105383	0.006064	14.2
1792	0.000000	108.071115	0.000000	13.0
1793	-0.690387	108.036875	0.003241	11.3
1794	-0.498444	108.002665	0.002793	12.8
1795	-0.432139	107.968483	0.002886	12.3
1796	0.000000	107.934330	0.000000	11.9
1797	0.000000	107.900206	0.000000	12.1
1798	-1.240931	107.866111	0.007035	12.8
1799	-1.036319	107.832044	0.004198	11.3
1800	-0.690789	107.798007	0.002950	11.9
1801	0.000000	107.763997	0.000000	11.7
1802	0.000000	107.730017	0.000000	19.8
1803	-0.657807	107.696065	0.003728	11.9
1804	-0.068907	107.662141	0.002280	11.9
1805	-0.268153	107.628246	0.003336	12.9
1806	-0.775315	107.594379	0.005381	14.7
1807	-0.327706	107.560541	0.001800	14.0
1808	-1.010061	107.526731	0.004298	16.2
1809	0.000000	107.492949	0.000000	11.7
1810	-0.106518	107.459196	0.001226	13.4
1811	0.000000	107.425471	0.000000	11.7
1812	0.000000	107.391774	0.000000	13.1
1813	-0.027896	107.358106	0.000244	12.4
1814	-0.886627	107.324465	0.005703	12.5
1815	-0.096717	107.290853	0.001249	11.5
1816	-1.006480	107.257268	0.004012	11.0
1817	-0.011258	107.223712	0.000528	13.1
1818	-1.013272	107.190184	0.004319	11.8
1819	-0.150287	107.156683	0.001995	13.6
1820	-1.129749	107.123211	0.005146	12.5
1821	-0.639816	107.089766	0.003315	11.9
1822	-0.650465	107.056349	0.003471	15.9
1823	-0.051981	107.022960	0.001528	11.3
1824	-0.145846	106.989599	0.001992	12.0
1825	-0.092578	106.956265	0.002217	13.9
1826	-0.866211	106.922960	0.004314	13.3
1827	-0.397309	106.889681	0.003273	12.5
1828	-0.347519	106.856431	0.002992	11.6
1829	-0.394937	106.823208	0.002034	13.2
1830	-1.076929	106.790012	0.006423	13.9
1831	-0.803459	106.756844	0.005137	13.4
1832	-0.872859	106.723703	0.003698	12.0
1833	-0.787487	106.690590	0.004329	11.7
1834	-0.260107	106.657505	0.002270	13.9
1835	-0.388192	106.624446	0.002686	11.6
1836	-0.004652	106.591415	0.000404	12.8
1837	-0.814885	106.558411	0.005356	12.3
1838	0.000000	106.525435	0.000000	20.9
1839	0.000000	106.492485	0.000000	12.8
1840	-0.220349	106.459563	0.003105	13.6
1841	-1.025069	106.426668	0.007717	11.8
1842	-0.246002	106.393800	0.003457	17.3
1843	-0.688408	106.360959	0.002782	11.3
1844	-0.510387	106.328145	0.003927	12.6
1845	-0.516900	106.295358	0.003458	12.0
1846	-0.465546	106.262598	0.002651	12.6
1847	-1.030396	106.229865	0.005218	12.4
1848	0.000000	106.197158	0.000000	11.1
1849	-0.010225	106.164479	0.000767	12.2
1850	-0.334177	106.131826	0.002690	12.5
1851	-0.000000	106.099201	0.000000	11.4
1852	-1.192063	106.066602	0.006691	15.2
1853	-0.783068	106.034029	0.004107	11.5
1854	-0.769607	106.001483	0.005840	11.7
1855	-0.662863	105.968964	0.003884	13.0
1856	-0.033862	105.936472	0.000453	11.1
1857	0.000000	105.904006	0.000000	12.0
1858	-0.980595	105.871566	0.004419	12.5
1859	-0.030602	105.839153	0.000607	20.7
1860	-0.251598	105.806767	0.002626	11.7
1861	0.000000	105.774407	0.000000	12.1
1862	-0.884870	105.742073	0.004860	11.6
1863	0.000000	105.709766	0.000000	11.3
1864	-0.000451	105.677485	0.000297	12.6
1865	-0.327935	105.645230	0.001927	13.9
1866	-0.078883	105.613001	0.001465	12.9
1867	-0.000704	105.580799	0.000616	12.5
1868	-0.000000	105.548623	0.000000	11.9
1869	0.000000	105.516473	0.000000	12.8
1870	-0.442829	105.484349	0.003637	12.6
1871	-0.173532	105.452251	0.002531	12.3
1872	-0.111733	105.420179	0.002309	12.2
1873	-0.375884	105.388133	0.002722	13.6
1874	-0.881732	105.356113	0.004420	12.2
1875	-0.003719	105.324119	0.000381	14.1
1876	0.000000	105.292151	0.000000	15.1
1877	0.000000	105.260209	0.000000	11.8
1878	-0.007916	105.228293	0.000036	12.0
1879	-0.015134	105.196402	0.000974	13.1
1880	-0.904646	105.164537	0.004397	12.0
1881	-0.521237	105.132698	0.003538	14.2
1882	-1.086903	105.100885	0.005462	12.7
1883	-0.501140	105.069097	0.003254	12.9
1884	-0.356173	105.037335	0.003696	13.5
1885	-1.054494	105.005598	0.004557	12.3
1886	-0.601654	104.973887	0.002439	11.4
1887	-0.980190	104.942202	0.004087	16.0
1888	0.000000	104.910542	0.000000	23.5
1889	-0.750720	104.878907	0.005000	11.9
1890	-0.003033	104.847298	0.001047	11.5
1891	-0.187328	104.815715	0.001519	14.6
1892	0.000000	104.784156	0.000000	12.9
1893	-0.249161	104.752623	0.003102	13.3
1894	0.000000	104.721116	0.000000	12.0
1895	0.000000	104.689633	0.000000	14.6
1896	-0.700777	104.658176	0.004772	12.3
1897	-1.056259	104.626744	0.004235	13.1
1898	-0.100142	104.595337	0.001291	16.3
1899	-0.730101	104.563955	0.005091	12.7
1900	-1.005336	104.532599	0.004113	14.9
1901	-0.579575	104.501267	0.003153	12.5
1902	-0.727503	104.469960	0.003843	12.5
1903	-0.802463	104.438679	0.004321	10.6
1904	-1.141616	104.407422	0.004734	11.2
1905	-0.903250	104.376191	0.003689	12.6
1906	-0.471600	104.344984	0.002036	13.2
1907	-0.000000	104.313802	0.000000	13.5
1908	-0.942853	104.282645	0.004045	11.1
1909	-0.159251	104.251513	0.002601	13.2
1910	0.000000	104.220405	0.000000	11.9
1911	0.000000	104.189323	0.000000	13.7
1912	-0.049302	104.158265	0.001244	12.2
1913	0.000000	104.127231	0.000000	13.3
1914	0.000000	104.096222	0.000000	13.0
1915	0.000000	104.065238	0.000000	11.9
1916	-0.803764	104.034279	0.005577	17.8
1917	-1.019583	104.003344	0.003900	12.8
1918	0.000000	103.972433	0.000000	11.9
1919	-0.396146	103.941547	0.002107	12.1
1920	-0.014976	103.910686	0.000295	12.0
1921	0.000000	103.879849	0.000000	13.0
1922	-0.679071	103.849036	0.004498	11.9
1923	-1.118761	103.818248	0.005490	11.8
1924	-0.320478	103.787484	0.002037	12.3
1925	-1.226553	103.756744	0.006224	11.0
1926	-0.040555	103.726029	0.001314	11.6
1927	0.000000	103.695338	0.000000	12.7
1928	-0.034520	103.664671	0.000992	13.0
1929	-0.059456	103.634028	0.001687	12.7
1930	-0.676842	103.603409	0.003537	12.1
1931	-0.918726	103.572814	0.003755	11.2
1932	-0.176942	103.542244	0.002585	18.1
1933	0.000000	103.511698	0.000000	11.6
1934	0.000000	103.481175	0.000000	11.6
1935	-0.012006	103.450677	0.001410	12.4
1936	-0.899436	103.420202	0.003596	11.6
1937	-0.000001	103.389752	0.000001	15.1
1938	-0.905762	103.359325	0.006277	12.2
1939	0.000000	103.328922	0.000000	16.8
1940	-0.201717	103.298543	0.001832	12.8
1941	-0.941179	103.268188	0.003503	12.0
1942	-0.801337	103.237857	0.003848	12.1
1943	-0.003122	103.207549	0.001646	13.1
1944	-0.719512	103.177265	0.003931	11.1
1945	0.000000	103.147005	0.000000	12.1
1946	-0.715891	103.116768	0.002547	20.2
1947	0.000000	103.086556	0.000000	12.3
1948	0.000000	103.056366	0.000000	12.1
1949	0.000000	103.026200	0.000000	11.2
1950	0.000000	102.996058	0.000000	11.9
1951	-0.653446	102.965939	0.002844	13.1
1952	-0.552700	102.935844	0.002961	12.0
1953	0.000000	102.905772	0.000000	16.2
1954	0.000000	102.875724	0.000000	11.4
1955	-0.855538	102.845699	0.003622	17.5
1956	0.000000	102.815697	0.000000	12.8
1957	-0.834203	102.785719	0.005541	12.3
1958	-0.949772	102.755764	0.004138	11.4
1959	-0.000002	102.725832	0.000006	12.0
1960	-0.786268	102.695924	0.004926	14.8
1961	0.000000	102.666038	0.000000	11.3
1962	-0.876299	102.636176	0.003871	13.1
1963	-0.495291	102.606337	0.003480	11.6
1964	-0.596129	102.576521	0.003519	11.9
1965	0.000000	102.546728	0.000000	14.9
1966	-0.703648	102.516959	0.003610	11.0
1967	-0.396051	102.487212	0.003465	14.8
1968	0.000000	102.457488	0.000000	12.3
1969	-0.213264	102.427788	0.001840	11.9
1970	-0.120036	102.398110	0.001759	13.6
1971	0.000000	102.368455	0.000000	11.5
1972	-1.040252	102.338823	0.004585	12.5
1973	-1.125100	102.309214	0.005795	17.5
1974	-0.754247	102.279628	0.003027	11.5
1975	-0.460425	102.250064	0.002758	12.5
1976	-1.174953	102.220524	0.005314	13.4
1977	0.000000	102.191006	0.000000	12.0
1978	-0.017708	102.161511	0.000773	12.9
1979	-0.245492	102.132038	0.001672	11.7
1980	0.000000	102.102588	0.000000	11.8
1981	-0.686560	102.073161	0.003222	12.4
1982	-0.066167	102.043757	0.001263	14.7
1983	-0.787197	102.014375	0.004506	12.6
1984	0.000000	101.985015	0.000000	11.3
1985	-0.417709	101.955678	0.002019	11.2
1986	-0.981651	101.926364	0.005587	13.0
1987	-0.197988	101.897072	0.002095	11.3
1988	0.000000	101.867802	0.000000	15.2
1989	0.000000	101.838555	0.000000	11.3
1990	-0.234891	101.809330	0.002224	11.6
1991	-0.379628	101.780128	0.001808	13.0
1992	-1.146758	101.750948	0.005127	11.7
1993	-0.347994	101.721790	0.002431	11.9
1994	-0.050357	101.692654	0.000848	12.6
1995	0.000000	101.663541	0.000000	17.2
1996	-1.236048	101.634450	0.005911	12.3
1997	0.000000	101.605381	0.000000	12.6
1998	-0.000559	101.576335	0.000432	12.8
1999	-0.202639	101.547310	0.002152	12.6
