1:ItNr	2:Metric	3a:Time	3b:StepSize	4:||Gradient||	Time[ms]
0	-0.590834	0.000000	24.448338	0.016049	1396.4
1	-0.585001	0.000000	24.448338	0.020300	5.0
2	-0.570472	0.000000	24.448338	0.016265	3.7
3	-0.609718	0.000000	24.448338	0.013352	4.3
4	-0.572903	0.000000	24.448338	0.012386	4.7
5	-0.602262	0.000000	24.448338	0.011512	4.2
6	-0.618943	0.000000	24.448338	0.010862	4.6
7	-0.567703	0.000000	24.448338	0.011803	4.3
8	-0.568842	0.000000	24.448338	0.007587	4.2
9	-0.646197	0.000000	24.448338	0.012290	5.0
10	-0.619489	0.000000	24.448338	0.009066	4.2
11	-0.583527	0.000000	24.448338	0.005350	3.7
12	-0.591630	0.000000	24.448338	0.007821	4.9
13	-0.578195	0.000000	24.448338	0.007092	5.6
14	-0.582856	0.000000	24.448338	0.004910	4.0
15	-0.612010	0.999996	23.337054	0.005112	5.3
16	-0.645750	0.892041	23.452135	0.007929	5.1
17	-0.619104	0.784083	23.568359	0.008636	3.9
18	-0.629633	1.784082	22.533938	0.008964	4.5
19	-0.600199	2.770781	21.598579	0.007119	4.9
20	-0.600640	2.662806	21.697134	0.005287	4.7
21	-0.632440	3.661201	20.818738	0.008520	3.9
22	-0.594370	4.163135	20.403463	0.003896	4.2
23	-0.624349	5.162402	19.624157	0.006595	4.2
24	-0.554970	5.060523	19.700875	0.005722	4.7
25	-0.616931	4.952549	19.782839	0.008571	5.4
26	-0.619667	4.844602	19.865467	0.010226	3.7
27	-0.642921	5.844602	19.125450	0.006583	5.3
28	-0.642956	6.844602	18.438586	0.006839	5.4
29	-0.602916	7.298175	18.143046	0.006488	4.1
30	-0.594271	7.190469	18.212364	0.006213	5.5
31	-0.614986	8.190361	17.588514	0.008111	4.0
32	-0.626340	8.082386	17.653816	0.005838	5.2
33	-0.608238	8.050888	17.672957	0.007796	4.7
34	-0.619261	7.942913	17.738888	0.004766	4.3
35	-0.616970	7.834938	17.805313	0.006699	4.7
36	-0.594639	7.898141	17.766371	0.006837	5.0
37	-0.606702	7.790166	17.833002	0.007752	4.5
38	-0.580189	8.790166	17.234382	0.005210	4.3
39	-0.629272	9.790151	16.674653	0.006489	4.1
40	-0.582798	10.788087	16.151179	0.005557	4.0
41	-0.566880	10.680112	16.206227	0.007872	5.8
42	-0.569389	10.572138	16.261651	0.006170	3.5
43	-0.586863	11.572130	15.762405	0.005701	4.6
44	-0.634012	11.464155	15.814830	0.005437	4.2
45	-0.621625	11.356200	15.867595	0.004625	3.6
46	-0.634737	11.369128	15.861258	0.007451	4.6
47	-0.605143	12.367479	15.386691	0.003497	4.0
48	-0.642536	12.275639	15.429158	0.004314	5.8
49	-0.580180	12.937833	15.128105	0.007240	3.5
50	-0.630045	13.936524	14.695655	0.006167	4.8
51	-0.604377	13.828549	14.741214	0.004165	5.5
52	-0.607221	13.771827	14.765261	0.004556	3.7
53	-0.635769	13.663915	14.811226	0.006450	3.8
54	-0.647170	14.656535	14.398906	0.003472	4.3
55	-0.631836	15.639112	14.012760	0.013286	3.9
56	-0.623311	16.604108	13.653165	0.005507	4.4
57	-0.584661	17.604108	13.299494	0.004955	4.3
58	-0.620683	17.496133	13.336796	0.006325	4.4
59	-0.595149	18.495071	12.999472	0.005208	3.6
60	-0.591063	18.387096	13.035109	0.005789	4.9
61	-0.636957	19.386776	12.712455	0.005911	4.1
62	-0.660776	20.386767	12.405296	0.003546	3.7
63	-0.612643	21.352140	12.122530	0.004716	5.4
64	-0.620577	21.385610	12.112957	0.007045	5.9
65	-0.621853	22.377795	11.835896	0.008208	6.1
66	-0.575220	22.269820	11.865432	0.004769	6.6
67	-0.591478	22.466296	11.811797	0.010472	5.6
68	-0.609087	22.358322	11.841212	0.006755	6.1
69	-0.624608	22.250347	11.870774	0.004539	5.0
70	-0.595656	22.142373	11.900483	0.007828	6.2
71	-0.547826	22.034402	11.930341	0.004610	8.5
72	-0.596167	23.034402	11.659409	0.005022	4.7
73	-0.596757	23.026344	11.661543	0.008463	4.1
74	-0.600466	22.918369	11.690213	0.004576	4.1
75	-0.641228	22.949303	11.681985	0.007298	4.9
76	-0.606504	23.807019	11.458363	0.005485	7.0
77	-0.632181	24.807002	11.208223	0.007297	5.3
78	-0.597455	25.807002	10.968767	0.007325	5.1
79	-0.615453	26.806999	10.739329	0.003638	4.8
80	-0.565674	26.699080	10.763627	0.003824	4.9
81	-0.624866	27.677690	10.547236	0.005205	4.2
82	-0.618383	27.569769	10.570672	0.004618	6.4
83	-0.644901	27.695550	10.543368	0.006195	5.1
84	-0.652315	28.695467	10.331226	0.006912	3.8
85	-0.592210	29.695466	10.127436	0.002999	6.2
86	-0.605300	29.778752	10.110825	0.006688	4.4
87	-0.591843	29.676261	10.131274	0.005224	6.0
88	-0.618776	30.652681	9.939757	0.009468	4.7
89	-0.595557	31.652673	9.750979	0.008008	4.5
90	-0.643552	32.652670	9.569236	0.005487	5.1
91	-0.612002	32.544695	9.588533	0.009065	5.7
92	-0.626734	33.542665	9.413091	0.006642	4.5
93	-0.601317	34.496071	9.251377	0.005293	4.4
94	-0.600526	34.388096	9.269412	0.010452	4.4
95	-0.608627	35.388096	9.105026	0.004716	4.7
96	-0.629280	36.388087	8.946371	0.011075	3.9
97	-0.624959	37.387884	8.793179	0.004904	3.9
98	-0.638907	38.387884	8.645115	0.007041	8.3
99	-0.635162	39.387846	8.501961	0.005438	4.6
100	-0.590961	40.387834	8.363466	0.007045	5.2
101	-0.567798	41.387725	8.229425	0.006592	4.4
102	-0.627869	42.387725	8.099598	0.011872	4.1
103	-0.615648	42.279750	8.113418	0.008251	5.7
104	-0.600412	43.279750	7.987198	0.006482	5.5
105	-0.635291	44.279750	7.864845	0.006680	4.1
106	-0.592090	45.279617	7.746199	0.006972	4.4
107	-0.602491	46.279617	7.631064	0.007012	4.3
108	-0.607076	46.171642	7.643331	0.006853	3.9
109	-0.568086	47.125454	7.536318	0.006925	4.6
110	-0.586192	47.017479	7.548282	0.003265	5.0
111	-0.628951	47.063743	7.543151	0.006450	4.1
112	-0.603389	47.297035	7.517385	0.007900	5.8
113	-0.654890	47.189060	7.529288	0.006259	4.7
114	-0.614861	47.081085	7.541229	0.006508	4.6
115	-0.602113	48.080566	7.432120	0.009189	4.6
116	-0.601502	47.972591	7.443755	0.005408	4.9
117	-0.637272	48.972229	7.337412	0.005720	3.3
118	-0.566330	48.864255	7.348752	0.008850	5.2
119	-0.642031	49.864255	7.245050	0.006381	4.4
120	-0.593101	49.756281	7.256106	0.005706	4.4
121	-0.627853	49.692832	7.262619	0.008499	5.5
122	-0.571894	50.689982	7.161602	0.006564	4.5
123	-0.650284	51.689982	7.063079	0.005113	4.3
124	-0.591998	52.689978	6.967231	0.005616	4.0
125	-0.625325	52.582038	6.977451	0.003500	5.8
126	-0.618304	52.659937	6.970072	0.003115	3.8
127	-0.599747	52.647514	6.971248	0.005612	3.6
128	-0.574628	52.541583	6.981290	0.004917	4.3
129	-0.590851	53.541582	6.887633	0.007659	4.3
130	-0.587500	53.433608	6.897625	0.004550	4.7
131	-0.639537	53.325633	6.907645	0.007974	4.4
132	-0.631026	53.217700	6.917691	0.007815	4.6
133	-0.601408	54.217691	6.825723	0.007996	5.2
134	-0.624504	55.217691	6.736167	0.004533	4.1
135	-0.625276	56.055733	6.662906	0.008595	4.8
136	-0.623946	57.020748	6.580494	0.009587	4.5
137	-0.636852	58.020748	6.497219	0.008455	4.0
138	-0.592839	59.020748	6.416025	0.004333	3.7
139	-0.613110	59.995571	6.338805	0.004497	4.7
140	-0.625477	59.887953	6.347238	0.006033	5.1
141	-0.612886	59.779979	6.355722	0.007777	4.2
142	-0.587160	59.785924	6.355254	0.005828	3.4
143	-0.615617	59.677958	6.363759	0.005867	5.3
144	-0.565937	60.677958	6.285846	0.002719	4.2
145	-0.663651	60.572081	6.294005	0.007273	5.0
146	-0.603390	61.572079	6.217781	0.006009	4.6
147	-0.621871	62.572079	6.143381	0.005340	4.3
148	-0.625290	62.464104	6.151328	0.007566	5.2
149	-0.575879	63.464104	6.078500	0.004980	4.1
150	-0.615505	64.464104	6.007377	0.007457	8.1
151	-0.623067	64.356130	6.014976	0.004384	4.5
152	-0.618743	64.482620	6.006076	0.009035	4.0
153	-0.634634	65.482619	5.936627	0.006135	5.3
154	-0.603717	66.482619	5.868767	0.006381	5.1
155	-0.614488	66.374644	5.876019	0.006910	4.0
156	-0.576789	66.266675	5.883289	0.005635	4.1
157	-0.639102	67.115210	5.826634	0.009127	4.3
158	-0.603202	67.012179	5.833455	0.006986	5.0
159	-0.616599	67.338840	5.811884	0.005828	4.4
160	-0.584108	68.337867	5.746892	0.003814	4.1
161	-0.636976	68.229892	5.753846	0.004196	4.0
162	-0.667361	68.122607	5.760773	0.005707	4.5
163	-0.625454	69.016743	5.703551	0.005119	5.0
164	-0.565320	69.372728	5.681084	0.006845	3.9
165	-0.608780	70.372561	5.618920	0.007825	5.2
166	-0.660704	71.055808	5.577216	0.005636	4.5
167	-0.650184	70.947845	5.583764	0.006030	4.3
168	-0.616293	71.036959	5.578358	0.004319	4.9
169	-0.619472	72.036851	5.518406	0.008204	3.7
170	-0.622019	71.928876	5.524818	0.006757	4.9
171	-0.640203	72.928867	5.465999	0.006538	5.0
172	-0.615628	73.928867	5.408419	0.006646	3.9
173	-0.617102	74.839046	5.357056	0.006741	4.7
174	-0.606476	74.731071	5.363098	0.009582	5.3
175	-0.620389	74.851410	5.356365	0.010744	4.7
176	-0.655513	75.851410	5.301060	0.006760	4.0
177	-0.643214	76.851410	5.246885	0.004507	4.9
178	-0.564518	77.846495	5.194065	0.007616	3.8
179	-0.572371	78.846332	5.142053	0.005533	5.8
180	-0.588373	78.757617	5.146625	0.010718	4.7
181	-0.635071	79.601912	5.103433	0.005376	3.9
182	-0.595251	79.493972	5.108914	0.006455	5.4
183	-0.587668	79.450044	5.111148	0.008886	4.9
184	-0.605337	80.384267	5.064051	0.004944	4.2
185	-0.599636	81.384267	5.014590	0.003873	4.8
186	-0.614648	81.303419	5.018553	0.004257	3.7
187	-0.619487	82.259164	4.972102	0.004706	7.0
188	-0.623123	83.240792	4.925280	0.007455	5.2
189	-0.588937	83.132817	4.930387	0.004270	3.5
190	-0.618658	83.025085	4.935493	0.003559	5.0
191	-0.573286	82.917502	4.940603	0.008074	4.7
192	-0.560759	83.850298	4.896649	0.005846	3.7
193	-0.612334	84.842290	4.850756	0.004887	4.9
194	-0.601479	85.842157	4.805361	0.005454	5.2
195	-0.606744	85.734182	4.810222	0.004658	3.9
196	-0.606781	86.734182	4.765573	0.005967	4.7
197	-0.641433	86.626379	4.770346	0.004192	4.5
198	-0.643960	87.626203	4.726439	0.007337	4.2
199	-0.610809	87.518228	4.731141	0.007298	4.7
200	-0.602582	88.518228	4.687942	0.004933	5.1
201	-0.599710	89.512802	4.645752	0.005894	4.1
202	-0.658748	90.198354	4.617111	0.005655	4.4
203	-0.590761	90.090385	4.621598	0.006265	7.1
204	-0.592774	90.026312	4.624265	0.002928	4.0
205	-0.589202	90.240855	4.615346	0.009142	4.3
206	-0.644272	90.607968	4.600165	0.005455	4.5
207	-0.600787	91.607968	4.559314	0.003611	3.9
208	-0.603376	91.589618	4.560057	0.006534	5.5
209	-0.609714	91.481913	4.564424	0.005822	4.8
210	-0.630735	91.374608	4.568782	0.005838	3.7
211	-0.609733	91.268030	4.573119	0.008374	5.3
212	-0.636903	92.268030	4.532745	0.007307	4.0
213	-0.650323	92.160055	4.537070	0.005859	4.3
214	-0.620691	93.160055	4.497327	0.006219	5.0
215	-0.566444	94.160027	4.458275	0.005218	4.5
216	-0.609157	94.052331	4.462448	0.004810	4.3
217	-0.604010	93.944357	4.466640	0.006622	4.2
218	-0.660712	93.842296	4.470610	0.010712	3.5
219	-0.661975	94.832603	4.432388	0.004290	5.7
220	-0.588411	94.724629	4.436524	0.006820	4.2
221	-0.618505	95.705016	4.399255	0.005991	4.3
222	-0.626003	96.703782	4.361925	0.005164	3.7
223	-0.606598	96.595812	4.365930	0.007941	5.0
224	-0.583021	96.487837	4.369942	0.003928	5.9
225	-0.622863	96.379862	4.373962	0.009599	4.1
226	-0.624682	96.304997	4.376754	0.005245	5.8
227	-0.596346	96.224531	4.379758	0.004944	4.4
228	-0.596276	96.705530	4.361860	0.005722	4.2
229	-0.606363	97.702738	4.325217	0.007018	5.5
230	-0.626601	97.594763	4.329155	0.004654	4.3
231	-0.623393	98.417206	4.299339	0.002346	4.5
232	-0.595120	98.365236	4.301211	0.004271	5.4
233	-0.610030	98.344631	4.301954	0.007079	4.2
234	-0.625577	99.342801	4.266272	0.008835	6.3
235	-0.636511	100.342765	4.231114	0.004774	6.2
236	-0.626111	100.245677	4.234502	0.007196	5.7
237	-0.639432	100.137703	4.238277	0.004811	5.6
238	-0.618226	101.137702	4.203576	0.011235	5.4
239	-0.605267	101.029727	4.207295	0.006734	6.8
240	-0.608584	100.921752	4.211021	0.004059	5.7
241	-0.645575	100.813778	4.214754	0.004742	3.7
242	-0.639670	101.811273	4.180521	0.009503	4.5
243	-0.600300	102.811273	4.146756	0.005839	3.6
244	-0.626743	103.811273	4.113531	0.005511	4.3
245	-0.605223	103.793474	4.114118	0.007150	4.4
246	-0.616982	103.685500	4.117681	0.003947	3.9
247	-0.599300	103.577535	4.121249	0.004716	3.4
248	-0.572108	103.469561	4.124824	0.004673	3.8
249	-0.648669	103.366094	4.128256	0.007775	4.7
250	-0.624350	103.259983	4.131781	0.006484	3.7
251	-0.642141	103.152149	4.135370	0.006880	5.8
252	-0.610272	103.044175	4.138970	0.008510	4.9
253	-0.580666	102.936200	4.142576	0.004116	3.5
254	-0.590080	102.828461	4.146180	0.007579	4.5
255	-0.611123	102.744988	4.148977	0.009862	3.9
256	-0.603243	102.637013	4.152600	0.007133	4.8
257	-0.601610	103.637013	4.119283	0.002754	4.6
258	-0.620712	104.440104	4.092910	0.005617	4.5
259	-0.597991	104.335186	4.096336	0.006721	4.6
260	-0.581750	105.334719	4.063927	0.006117	4.6
261	-0.601330	106.310833	4.032768	0.007253	5.5
262	-0.660178	106.202874	4.036191	0.007237	4.0
263	-0.571361	107.202874	4.004708	0.006737	3.5
264	-0.642794	108.202874	3.973713	0.007092	4.7
265	-0.609656	109.202874	3.943193	0.005415	3.7
266	-0.586338	109.094919	3.946465	0.008875	5.5
267	-0.646939	110.094919	3.916361	0.006653	4.1
268	-0.563465	111.045521	3.888167	0.004302	4.4
269	-0.608819	110.938123	3.891332	0.006619	4.5
270	-0.601710	110.830160	3.894519	0.004208	4.2
271	-0.634178	110.722185	3.897712	0.008990	5.3
272	-0.586271	110.614213	3.900909	0.007664	4.0
273	-0.590583	111.614213	3.871494	0.003446	3.7
274	-0.638308	112.613977	3.842525	0.006056	4.0
275	-0.626503	113.613631	3.813990	0.008131	3.9
276	-0.611598	113.881867	3.806406	0.004989	4.9
277	-0.591735	114.825832	3.779952	0.003661	4.4
278	-0.548346	115.821140	3.752454	0.005263	4.6
279	-0.605714	116.797797	3.725858	0.005075	4.9
280	-0.615534	117.797348	3.699027	0.006767	3.6
281	-0.595601	118.797348	3.672567	0.002476	5.8
282	-0.657508	118.943400	3.668734	0.006748	5.0
283	-0.660608	118.835922	3.671554	0.006677	4.1
284	-0.631587	119.835922	3.645484	0.009111	5.3
285	-0.587254	120.835922	3.619782	0.005497	4.5
286	-0.601687	120.727947	3.622540	0.006143	4.3
287	-0.647131	120.620074	3.625299	0.005587	5.0
288	-0.608423	121.609006	3.600159	0.006428	3.6
289	-0.608593	122.441715	3.579259	0.004624	4.1
290	-0.594290	122.382246	3.580744	0.006235	4.7
291	-0.635832	122.274290	3.583442	0.008080	4.4
292	-0.623851	123.274290	3.558604	0.007617	4.5
293	-0.625303	123.169524	3.561190	0.005747	3.7
294	-0.583145	124.169465	3.536660	0.006347	4.5
295	-0.581130	124.061652	3.539289	0.005128	4.2
296	-0.615069	125.057553	3.515156	0.006930	5.6
297	-0.599400	126.056509	3.491278	0.005143	3.7
298	-0.590694	125.948552	3.493842	0.006180	4.1
299	-0.614500	126.948549	3.470227	0.004876	6.0
300	-0.638377	126.840576	3.472762	0.008832	3.9
301	-0.638886	127.839199	3.449462	0.008766	4.2
302	-0.628258	128.839130	3.426442	0.005011	5.0
303	-0.623853	129.839125	3.403726	0.004725	4.8
304	-0.613701	130.756570	3.383149	0.008360	4.7
305	-0.623481	130.648702	3.385555	0.007365	4.8
306	-0.599278	130.540917	3.387963	0.004675	3.8
307	-0.607657	130.432942	3.390379	0.004505	4.1
308	-0.605009	130.325078	3.392796	0.007686	3.9
309	-0.579157	130.217107	3.395218	0.005838	7.0
310	-0.578540	130.110748	3.397608	0.009448	5.1
311	-0.591471	131.110329	3.375281	0.007339	4.9
312	-0.587247	131.002354	3.377679	0.006299	3.3
313	-0.576967	132.002314	3.355603	0.004594	4.5
314	-0.588385	131.894345	3.357973	0.004611	5.4
315	-0.614014	131.788734	3.360294	0.004500	4.7
316	-0.607795	131.680792	3.362670	0.004142	4.1
317	-0.595242	132.321917	3.348609	0.007427	5.2
318	-0.571565	132.213942	3.350968	0.008616	3.9
319	-0.584708	133.213942	3.329239	0.004916	5.6
320	-0.622077	133.105967	3.331572	0.006034	5.4
321	-0.613548	134.105967	3.310092	0.005077	3.6
322	-0.598641	133.998858	3.312380	0.007119	5.6
323	-0.613699	134.998858	3.291146	0.006293	4.2
324	-0.611831	134.890887	3.293426	0.008773	4.5
325	-0.603914	135.828277	3.273741	0.006999	4.2
326	-0.653186	136.828277	3.252998	0.006714	4.1
327	-0.642270	136.720302	3.255225	0.005072	3.8
328	-0.621301	137.719371	3.234735	0.007314	4.4
329	-0.611247	137.614963	3.236864	0.005226	5.0
330	-0.643203	137.507278	3.239063	0.009639	3.7
331	-0.624859	137.399309	3.241271	0.008759	5.2
332	-0.648543	137.291334	3.243482	0.010346	5.4
333	-0.586401	137.183360	3.245696	0.004468	4.5
334	-0.633400	137.075385	3.247913	0.004460	5.3
335	-0.642984	137.532797	3.238542	0.003492	3.9
336	-0.632931	137.477209	3.239678	0.007133	4.5
337	-0.564319	138.474187	3.219424	0.004770	4.8
338	-0.594142	138.366470	3.221600	0.005711	5.0
339	-0.618392	139.075246	3.207336	0.006261	4.3
340	-0.613082	139.029381	3.208255	0.003399	4.6
341	-0.638918	140.028950	3.188340	0.009952	5.3
342	-0.655111	141.016174	3.168913	0.007230	3.8
343	-0.635646	142.016174	3.149473	0.007606	3.7
344	-0.592646	143.016174	3.130271	0.007893	4.9
345	-0.596025	142.911946	3.132262	0.007953	3.8
346	-0.631903	142.803971	3.134326	0.006721	5.3
347	-0.632756	143.797814	3.115424	0.005114	4.5
348	-0.645265	144.797693	3.096636	0.005712	4.5
349	-0.623626	144.690060	3.098647	0.004477	5.5
350	-0.651099	145.690060	3.080058	0.003357	4.4
351	-0.638518	145.585601	3.081990	0.007574	5.0
352	-0.593331	145.477709	3.083987	0.005035	4.3
353	-0.645074	146.477494	3.065577	0.008467	4.4
354	-0.611918	146.424405	3.066549	0.008552	4.3
355	-0.604770	146.316430	3.068528	0.004348	4.0
356	-0.631628	147.316427	3.050297	0.006314	4.7
357	-0.555037	147.210815	3.052212	0.004250	4.7
358	-0.612236	147.749069	3.042477	0.006751	5.6
359	-0.595375	148.705036	3.025338	0.003696	4.0
360	-0.627942	149.696463	3.007766	0.007233	4.0
361	-0.615059	149.589673	3.009649	0.003772	5.0
362	-0.621786	150.589589	2.992111	0.005820	4.0
363	-0.618040	150.482013	2.993988	0.006233	4.8
364	-0.551919	151.451270	2.977160	0.003099	4.2
365	-0.639713	151.343301	2.979025	0.006672	5.0
366	-0.599109	151.287323	2.979993	0.004832	4.7
367	-0.633705	151.196723	2.981561	0.004609	4.5
368	-0.620761	152.195806	2.964362	0.005795	4.7
369	-0.591251	153.195805	2.947345	0.007035	3.8
370	-0.624700	154.165210	2.931033	0.004509	5.7
371	-0.567207	154.057235	2.932841	0.006316	4.9
372	-0.605438	155.056339	2.916198	0.003997	4.1
373	-0.596110	154.948364	2.917987	0.006428	4.3
374	-0.591323	154.840445	2.919778	0.004808	3.6
375	-0.637308	155.840445	2.903267	0.006721	3.9
376	-0.627102	156.838835	2.886968	0.007290	4.6
377	-0.595739	157.838831	2.870826	0.004740	4.0
378	-0.661312	157.731248	2.872554	0.005597	4.1
379	-0.613336	157.637009	2.874069	0.005945	4.6
380	-0.628399	158.092603	2.866758	0.006290	3.5
381	-0.593646	159.057797	2.851390	0.009825	4.7
382	-0.613277	160.057797	2.835642	0.003439	3.4
383	-0.618480	159.951682	2.837305	0.007605	5.0
384	-0.615559	159.913015	2.837911	0.006761	3.8
385	-0.628242	160.910177	2.822355	0.007510	5.0
386	-0.611506	161.910177	2.806925	0.004528	4.0
387	-0.656783	162.061695	2.804601	0.005962	4.1
388	-0.575051	161.953720	2.806257	0.004641	3.8
389	-0.582949	162.757069	2.793988	0.005905	5.4
390	-0.578130	163.744125	2.779060	0.006228	3.8
391	-0.645940	163.636154	2.780686	0.003173	4.2
392	-0.598246	163.533920	2.782226	0.003326	4.7
393	-0.607817	163.426519	2.783846	0.007566	3.9
394	-0.620719	163.320028	2.785455	0.004374	5.1
395	-0.597539	163.212084	2.787087	0.004484	6.6
396	-0.612409	164.200128	2.772218	0.006341	3.9
397	-0.586742	164.928243	2.761361	0.005703	3.8
398	-0.611603	164.821745	2.762944	0.009332	4.4
399	-0.623705	165.821727	2.748155	0.005703	4.2
400	-0.614115	166.821727	2.733523	0.005752	5.5
401	-0.645783	166.713752	2.735096	0.006016	4.2
402	-0.634213	166.605777	2.736670	0.004583	4.1
403	-0.669138	166.497805	2.738246	0.004525	4.7
404	-0.640388	167.148459	2.728776	0.006072	4.5
405	-0.631219	167.040508	2.730343	0.013790	4.9
406	-0.613408	166.932534	2.731912	0.007051	4.4
407	-0.627347	166.824559	2.733482	0.005069	5.4
408	-0.596234	167.800250	2.719356	0.005360	3.8
409	-0.623844	168.774039	2.705402	0.003093	3.9
410	-0.617978	168.668397	2.706909	0.009729	4.5
411	-0.603236	168.564006	2.708400	0.008085	3.7
412	-0.636093	169.564006	2.694187	0.005897	4.9
413	-0.582730	170.543280	2.680413	0.003185	5.3
414	-0.609991	170.442555	2.681823	0.004091	5.6
415	-0.625385	170.357915	2.683009	0.004471	6.3
416	-0.619567	171.351859	2.669145	0.004830	7.8
417	-0.629081	172.351537	2.655345	0.005762	5.1
418	-0.592404	173.133558	2.644649	0.005102	4.9
419	-0.617333	173.025928	2.646116	0.007864	3.6
420	-0.630974	172.921841	2.647536	0.004195	4.6
421	-0.627628	172.815440	2.648990	0.006396	4.8
422	-0.644906	173.805460	2.635527	0.004278	4.0
423	-0.596106	173.697503	2.636989	0.005605	8.6
424	-0.568353	174.697240	2.623517	0.004479	5.4
425	-0.633730	175.199187	2.616805	0.003919	3.5
426	-0.607752	175.792293	2.608919	0.003860	5.4
427	-0.606915	176.766769	2.596063	0.004707	3.4
428	-0.627342	176.665204	2.597397	0.004707	6.0
429	-0.617877	176.557229	2.598817	0.007557	5.2
430	-0.637913	177.527709	2.586113	0.008060	4.1
431	-0.627485	177.419734	2.587520	0.005847	5.3
432	-0.637087	178.335713	2.575630	0.004846	4.1
433	-0.651747	179.176736	2.564809	0.003977	5.3
434	-0.626003	179.068793	2.566193	0.006632	4.7
435	-0.638674	178.960818	2.567578	0.007370	4.4
436	-0.564596	179.960818	2.554802	0.004627	4.9
437	-0.654638	179.852844	2.556175	0.003610	5.6
438	-0.612518	179.744894	2.557550	0.007910	3.7
439	-0.618912	179.741684	2.557591	0.004692	4.7
440	-0.622096	179.633735	2.558967	0.005299	4.0
441	-0.653151	180.075277	2.553348	0.007214	4.0
442	-0.600483	181.075260	2.540712	0.004991	3.9
443	-0.603784	180.968077	2.542061	0.006022	3.4
444	-0.599609	181.967982	2.529537	0.006015	4.8
445	-0.612109	181.860007	2.530884	0.006763	4.3
446	-0.576705	182.860003	2.518469	0.004441	5.2
447	-0.651012	182.802908	2.519175	0.004714	4.0
448	-0.625585	182.694971	2.520509	0.005563	4.3
449	-0.660585	183.394668	2.511881	0.005510	5.0
450	-0.593201	183.300638	2.513037	0.008057	4.3
451	-0.567541	184.236964	2.501572	0.004413	4.0
452	-0.608013	185.226904	2.489564	0.007016	4.4
453	-0.616829	185.118931	2.490868	0.007561	4.9
454	-0.568445	185.650183	2.484465	0.005417	3.7
455	-0.604876	185.542208	2.485764	0.004864	4.9
456	-0.589526	186.119849	2.478831	0.004825	5.5
457	-0.632205	186.012102	2.480121	0.007468	4.3
458	-0.608000	187.012095	2.468198	0.006030	5.2
459	-0.576350	188.007487	2.456444	0.007510	4.0
460	-0.644748	187.899542	2.457713	0.008678	5.3
461	-0.599416	188.899542	2.446004	0.007015	4.6
462	-0.611975	188.791567	2.447263	0.007481	3.9
463	-0.622786	189.765535	2.435954	0.005971	4.0
464	-0.657876	189.664428	2.437123	0.007129	4.1
465	-0.667765	190.664428	2.425609	0.005001	4.7
466	-0.610767	190.556453	2.426847	0.005748	4.4
467	-0.626681	191.459739	2.416529	0.004269	4.3
468	-0.564150	192.453519	2.405278	0.008285	5.8
469	-0.584854	192.345546	2.406495	0.005764	4.0
470	-0.602551	192.776913	2.401640	0.004567	3.5
471	-0.597538	192.668939	2.402853	0.006649	4.1
472	-0.588311	192.568951	2.403978	0.005461	3.9
473	-0.591329	193.568951	2.392774	0.005831	5.0
474	-0.618899	193.460976	2.393979	0.005678	4.4
475	-0.636966	194.442926	2.383068	0.005334	4.6
476	-0.595407	194.334952	2.384263	0.004936	4.6
477	-0.635847	194.316861	2.384463	0.006820	4.4
478	-0.610777	194.235114	2.385369	0.006224	4.5
479	-0.617520	194.326118	2.384360	0.007716	4.6
480	-0.657561	194.218143	2.385557	0.006945	5.3
481	-0.621252	194.261813	2.385073	0.005507	5.2
482	-0.599210	194.153869	2.386269	0.006455	4.5
483	-0.645359	194.045921	2.387467	0.006366	3.8
484	-0.627683	194.757239	2.379596	0.005178	4.8
485	-0.634546	194.650347	2.380776	0.004019	3.4
486	-0.645685	195.650268	2.369787	0.007802	4.4
487	-0.599272	196.647617	2.358928	0.007766	3.6
488	-0.638011	197.647617	2.348139	0.004606	5.9
489	-0.562101	198.647616	2.337449	0.005320	3.5
490	-0.671901	199.642209	2.326912	0.005376	4.5
491	-0.619948	199.867660	2.324537	0.005470	4.3
492	-0.628706	199.814390	2.325098	0.006566	4.5
493	-0.563442	199.706550	2.326234	0.003576	5.0
494	-0.610398	200.358911	2.319378	0.004646	4.4
495	-0.611734	200.254129	2.320477	0.008098	4.6
496	-0.592094	200.209248	2.320948	0.004638	4.1
497	-0.640128	201.196055	2.310640	0.004136	4.3
498	-0.597985	201.162804	2.310986	0.007132	4.4
499	-0.635514	202.162743	2.300631	0.010297	3.8
