1:ItNr	2:Metric	3:StepSize	4:||Gradient||	Time[ms]
0	-0.281088	627.201626	0.002443	633.9
1	-0.290978	623.504937	0.004939	9.3
2	-0.000000	619.865785	0.000000	9.4
3	-0.000000	616.282728	0.000000	9.8
4	-0.023040	612.754375	0.001197	11.2
5	-1.056125	609.279381	0.006600	9.9
6	-1.078382	605.856447	0.007462	10.8
7	-0.000000	602.484317	0.000000	8.7
8	-0.252716	599.161779	0.003623	9.6
9	-0.930917	595.887656	0.006836	10.7
10	-0.000011	592.660813	0.000005	8.7
11	-0.000000	589.480151	0.000000	8.5
12	-1.170959	586.344606	0.008552	10.5
13	-0.000000	583.253145	0.000000	9.8
14	-0.004368	580.204771	0.000687	10.0
15	-0.830066	577.198517	0.007503	9.1
16	-0.940643	574.233444	0.007398	8.3
17	-0.931684	571.308645	0.006499	9.9
18	-0.930246	568.423237	0.008892	9.7
19	-0.000000	565.576365	0.000000	9.1
20	-0.000000	562.767201	0.000000	14.6
21	-0.000000	559.994938	0.000000	9.2
22	-1.036169	557.258797	0.007209	10.2
23	-0.025529	554.558018	0.000194	9.3
24	-0.109517	551.891865	0.004051	9.1
25	-0.844502	549.259621	0.005358	12.9
26	-0.031368	546.660592	0.001521	12.1
27	-1.063895	544.094102	0.006674	9.2
28	-0.204524	541.559494	0.003285	10.2
29	-1.076112	539.056129	0.008114	9.3
30	-1.073037	536.583387	0.007602	10.1
31	-0.783789	534.140663	0.010114	9.7
32	-0.913663	531.727370	0.009409	7.6
33	-0.941052	529.342935	0.008964	9.4
34	-0.180585	526.986802	0.002435	8.6
35	-1.075680	524.658430	0.007503	8.7
36	-0.000000	522.357290	0.000000	9.3
37	-1.006164	520.082868	0.005855	9.2
38	-0.793396	517.834665	0.007190	9.9
39	-1.065582	515.612193	0.006139	10.1
40	-0.195300	513.414976	0.002960	11.5
41	-1.093427	511.242551	0.007614	13.6
42	-1.020400	509.094468	0.008117	14.1
43	-0.000000	506.970285	0.000000	12.3
44	-1.141675	504.869574	0.009841	12.6
45	-0.337599	502.791916	0.004465	9.1
46	-0.000000	500.736903	0.000000	12.0
47	-0.000000	498.704137	0.000000	12.7
48	-0.952137	496.693228	0.008528	13.2
49	-0.983284	494.703798	0.005767	12.7
50	-0.000000	492.735476	0.000000	9.6
51	-0.929096	490.787900	0.005807	14.0
52	-1.084876	488.860718	0.005945	12.1
53	-0.000000	486.953585	0.000000	13.7
54	-0.978371	485.066164	0.006444	15.0
55	-0.000021	483.198126	0.000020	14.7
56	-1.098601	481.349149	0.007966	10.7
57	-1.037453	479.518920	0.008072	9.2
58	-0.707991	477.707132	0.005406	10.7
59	-0.004818	475.913485	0.000441	15.7
60	-1.235092	474.137684	0.009700	9.8
61	-0.644484	472.379445	0.005590	9.1
62	-0.986529	470.638485	0.007324	9.0
63	-0.000004	468.914531	0.000002	16.8
64	-0.033297	467.207315	0.001032	11.0
65	-1.088460	465.516573	0.006867	21.9
66	-0.001040	463.842050	0.000208	14.4
67	-0.414478	462.183494	0.002425	17.5
68	-0.869673	460.540658	0.007718	14.7
69	-0.000000	458.913303	0.000000	11.7
70	-0.768233	457.301192	0.005754	9.6
71	-0.007921	455.704096	0.001186	8.8
72	-0.007695	454.121787	0.000513	9.7
73	-1.131103	452.554045	0.007273	12.4
74	-0.994465	451.000653	0.010523	8.9
75	-0.043997	449.461399	0.000653	8.7
76	-0.000000	447.936075	0.000000	15.2
77	-0.000000	446.424477	0.000000	17.4
78	-0.021607	444.926406	0.000553	10.0
79	-0.170694	443.441666	0.001043	9.3
80	-1.121115	441.970065	0.007994	9.2
81	-1.004537	440.511415	0.006024	10.0
82	-0.000000	439.065533	0.000000	8.2
83	-0.733789	437.632238	0.004655	9.4
84	-0.330096	436.211351	0.004629	9.7
85	-0.559533	434.802701	0.004035	9.1
86	-0.000000	433.406117	0.000000	10.1
87	-0.000000	432.021430	0.000000	9.4
88	-0.337729	430.648479	0.005487	9.7
89	-0.000000	429.287101	0.000000	10.2
90	-0.993777	427.937140	0.008228	9.3
91	-0.972395	426.598440	0.008027	9.0
92	-1.154805	425.270849	0.008161	8.8
93	-1.153176	423.954220	0.009293	10.0
94	-0.069262	422.648404	0.001959	9.4
95	-0.000000	421.353259	0.000000	11.8
96	-1.142180	420.068643	0.005632	9.1
97	-0.626868	418.794419	0.004132	8.6
98	-0.856162	417.530451	0.007837	9.3
99	-0.000000	416.276604	0.000000	9.1
100	-0.000000	415.032748	0.000000	10.7
101	-0.251943	413.798754	0.003041	12.8
102	-0.055232	412.574495	0.001058	8.6
103	-1.109761	411.359849	0.006146	10.5
104	-0.000580	410.154691	0.000312	10.0
105	-0.000000	408.958904	0.000000	24.6
106	-1.091750	407.772368	0.007876	15.4
107	-0.000000	406.594968	0.000000	15.5
108	-0.410881	405.426590	0.003771	17.3
109	-1.100890	404.267122	0.007207	14.2
110	-0.296555	403.116456	0.005259	16.3
111	-0.459740	401.974481	0.006088	20.0
112	-0.990526	400.841093	0.006409	11.2
113	-1.117585	399.716187	0.005409	15.0
114	-0.000000	398.599660	0.000000	12.4
115	-0.783598	397.491411	0.007493	10.0
116	-0.000000	396.391342	0.000000	9.9
117	-0.297099	395.299353	0.002389	15.1
118	-0.787317	394.215350	0.009036	10.6
119	-0.033327	393.139238	0.000751	10.5
120	-0.919384	392.070924	0.007697	9.5
121	-0.089499	391.010316	0.000997	12.1
122	-0.000000	389.957325	0.000000	9.2
123	-0.000030	388.911862	0.000019	9.5
124	-0.000000	387.873839	0.000000	9.7
125	-0.000000	386.843173	0.000000	10.0
126	-0.000000	385.819777	0.000000	9.8
127	-0.182742	384.803569	0.002816	8.9
128	-0.000000	383.794468	0.000000	10.4
129	-0.392990	382.792393	0.003120	11.2
130	-0.000000	381.797264	0.000000	8.8
131	-0.000000	380.809005	0.000000	9.1
132	-0.000000	379.827537	0.000000	10.3
133	-0.612692	378.852786	0.006361	9.5
134	-1.055809	377.884678	0.006535	8.9
135	-1.078724	376.923138	0.006413	23.2
136	-0.645694	375.968095	0.004716	9.1
137	-0.000000	375.019479	0.000000	9.6
138	-0.000017	374.077218	0.000016	9.9
139	-0.000000	373.141244	0.000000	10.7
140	-0.808058	372.211489	0.004917	9.3
141	-0.477952	371.287887	0.004997	9.1
142	-0.000000	370.370370	0.000000	8.8
143	-0.000000	369.458876	0.000000	8.5
144	-0.000000	368.553338	0.000000	8.6
145	-0.021394	367.653696	0.001094	10.1
146	-0.099408	366.759885	0.000876	9.9
147	-0.000000	365.871846	0.000000	11.2
148	-0.601752	364.989518	0.005098	9.7
149	-0.917242	364.112841	0.007405	9.5
150	-0.200430	363.241757	0.001984	8.9
151	-0.951541	362.376208	0.011426	10.2
152	-0.270502	361.516137	0.003645	10.3
153	-1.149844	360.661488	0.006049	9.6
154	-0.000000	359.812206	0.000000	9.2
155	-0.570463	358.968236	0.003957	10.6
156	-0.000000	358.129524	0.000000	9.0
157	-0.945774	357.296018	0.005436	9.0
158	-0.000000	356.467665	0.000000	9.8
159	-0.944902	355.644414	0.008548	9.6
160	-0.000000	354.826213	0.000000	9.1
161	-0.138641	354.013012	0.002225	9.1
162	-0.000000	353.204763	0.000000	9.7
163	-0.649540	352.401415	0.004294	10.1
164	-0.261852	351.602922	0.003330	10.0
165	-0.000000	350.809235	0.000000	10.2
166	-0.279341	350.020308	0.003640	8.8
167	-1.052771	349.236095	0.007142	9.6
168	-1.191057	348.456550	0.008817	9.2
169	-1.136604	347.681627	0.008292	9.4
170	-1.030871	346.911283	0.006865	8.8
171	-1.111313	346.145474	0.006751	8.8
172	-0.000000	345.384157	0.000000	10.7
173	-0.317433	344.627288	0.004834	9.3
174	-0.813901	343.874826	0.005798	8.8
175	-0.000036	343.126729	0.000020	9.0
176	-0.000000	342.382957	0.000000	8.1
177	-1.097468	341.643469	0.007436	13.6
178	-1.133943	340.908224	0.005967	8.7
179	-1.017227	340.177184	0.005685	11.3
180	-0.000000	339.450309	0.000000	8.7
181	-0.003941	338.727561	0.000429	9.1
182	-0.964572	338.008902	0.011782	8.7
183	-0.992761	337.294295	0.006689	9.2
184	-0.755791	336.583703	0.008083	9.0
185	-0.771069	335.877089	0.005677	9.2
186	-0.000000	335.174416	0.000000	9.3
187	-1.020142	334.475651	0.006072	10.3
188	-0.926281	333.780756	0.006852	10.4
189	-0.373237	333.089698	0.003633	9.2
190	-0.000000	332.402443	0.000000	9.8
191	-0.000000	331.718955	0.000000	7.9
192	-1.010924	331.039203	0.006596	9.5
193	-0.042686	330.363153	0.000588	9.3
194	-0.032413	329.690771	0.003259	9.1
195	-1.171111	329.022027	0.007800	8.7
196	-0.000000	328.356888	0.000000	9.2
197	-0.000000	327.695322	0.000000	9.1
198	-0.000000	327.037299	0.000000	9.9
199	-0.266953	326.382787	0.004891	10.3
200	-0.989898	325.731758	0.007490	9.3
201	-0.000000	325.084179	0.000000	11.1
202	-0.291177	324.440023	0.002548	9.3
203	-0.000000	323.799258	0.000000	9.7
204	-1.040694	323.161858	0.006725	11.7
205	-0.650076	322.527792	0.005654	10.2
206	-1.089974	321.897034	0.006616	8.5
207	-0.311908	321.269554	0.003534	9.7
208	-0.887592	320.645325	0.007511	10.8
209	-0.000000	320.024320	0.000000	8.9
210	-0.972462	319.406512	0.007001	17.4
211	-0.000000	318.791875	0.000000	9.8
212	-0.000000	318.180381	0.000000	9.5
213	-0.000000	317.572005	0.000000	11.8
214	-0.855904	316.966721	0.004447	11.2
215	-0.056294	316.364504	0.000619	8.7
216	-0.000000	315.765329	0.000000	9.5
217	-0.788229	315.169170	0.008738	11.1
218	-0.000000	314.576003	0.000000	10.3
219	-0.138425	313.985804	0.002098	10.1
220	-0.147483	313.398548	0.001188	9.6
221	-0.580291	312.814213	0.005383	10.1
222	-0.000000	312.232773	0.000000	9.9
223	-0.475163	311.654207	0.003820	10.3
224	-0.000000	311.078491	0.000000	10.1
225	-0.008497	310.505602	0.000486	8.7
226	-1.116410	309.935518	0.006783	8.8
227	-0.000000	309.368217	0.000000	9.1
228	-0.048846	308.803676	0.000746	9.8
229	-0.310773	308.241874	0.004195	10.1
230	-0.000000	307.682789	0.000000	9.7
231	-1.141002	307.126400	0.005575	10.2
232	-1.114922	306.572687	0.008271	9.7
233	-1.150235	306.021627	0.008047	10.1
234	-0.000000	305.473201	0.000000	12.5
235	-0.000000	304.927388	0.000000	9.4
236	-0.024979	304.384168	0.000502	9.9
237	-0.249879	303.843521	0.002474	9.5
238	-0.137343	303.305427	0.002930	10.4
239	-1.289452	302.769867	0.007081	8.9
240	-1.025166	302.236821	0.004219	9.1
241	-0.580121	301.706270	0.004559	12.7
242	-1.104879	301.178196	0.005925	9.9
243	-0.670283	300.652580	0.004194	8.7
244	-0.667834	300.129402	0.006063	9.4
245	-0.541230	299.608645	0.004661	11.1
246	-1.009972	299.090291	0.004633	9.5
247	-0.639902	298.574321	0.003837	9.1
248	-1.129217	298.060718	0.007700	10.4
249	-0.807125	297.549465	0.007245	9.3
250	-0.000000	297.040543	0.000000	8.9
251	-0.794907	296.533936	0.007432	9.3
252	-0.396925	296.029626	0.003160	9.6
253	-0.793490	295.527597	0.004993	11.3
254	-0.428555	295.027832	0.003503	10.0
255	-0.886896	294.530315	0.005096	8.9
256	-0.000000	294.035028	0.000000	18.1
257	-0.416995	293.541956	0.003726	8.9
258	-1.124953	293.051083	0.006827	9.5
259	-0.000000	292.562393	0.000000	8.9
260	-0.784157	292.075870	0.004785	10.1
261	-0.918923	291.591498	0.004633	9.0
262	-0.378528	291.109263	0.003874	8.8
263	-0.311593	290.629149	0.003489	9.4
264	-0.000000	290.151140	0.000000	10.1
265	-0.000000	289.675222	0.000000	9.5
266	-1.100045	289.201380	0.005075	9.3
267	-0.000000	288.729600	0.000000	8.6
268	-0.888442	288.259866	0.007922	9.4
269	-0.711261	287.792165	0.004690	8.7
270	-0.000000	287.326481	0.000000	10.1
271	-0.000000	286.862802	0.000000	9.4
272	-0.338480	286.401113	0.004310	9.6
273	-0.000000	285.941400	0.000000	11.6
274	-0.083978	285.483649	0.001214	9.7
275	-0.822379	285.027847	0.004923	10.0
276	-1.148166	284.573981	0.008405	11.3
277	-0.000000	284.122037	0.000000	9.9
278	-0.290576	283.672002	0.003426	9.0
279	-0.829857	283.223863	0.005259	10.5
280	-1.083606	282.777607	0.006097	9.1
281	-0.056753	282.333221	0.000692	8.5
282	-0.921137	281.890692	0.009275	9.9
283	-0.008044	281.450008	0.000017	9.0
284	-0.413311	281.011157	0.004986	12.2
285	-0.003884	280.574125	0.000595	9.6
286	-0.346915	280.138901	0.003876	9.4
287	-1.146128	279.705473	0.006939	10.1
288	-0.000000	279.273829	0.000000	19.6
289	-0.677707	278.843956	0.005371	15.4
290	-1.033623	278.415844	0.010804	11.9
291	-0.942661	277.989479	0.008762	9.8
292	-0.020682	277.564851	0.002767	9.4
293	-0.792051	277.141949	0.005613	11.4
294	-1.119216	276.720761	0.006807	11.8
295	-0.212897	276.301275	0.002198	9.0
296	-1.165954	275.883480	0.009399	8.8
297	-0.000000	275.467366	0.000000	9.1
298	-0.543683	275.052922	0.003314	8.2
299	-0.893757	274.640136	0.006761	19.3
300	-0.234510	274.228998	0.005009	9.2
301	-0.000000	273.819497	0.000000	9.2
302	-0.000013	273.411623	0.000015	10.7
303	-1.074805	273.005365	0.005678	9.5
304	-0.974238	272.600712	0.005657	9.4
305	-0.519930	272.197655	0.003157	9.2
306	-0.443241	271.796184	0.004196	10.5
307	-1.072266	271.396287	0.006797	8.2
308	-0.006357	270.997956	0.001336	9.1
309	-0.000000	270.601180	0.000000	9.7
310	-0.151477	270.205949	0.002642	9.5
311	-0.146267	269.812254	0.002455	9.0
312	-1.121959	269.420085	0.006623	9.4
313	-0.871804	269.029432	0.004228	11.1
314	-0.427548	268.640287	0.003025	9.6
315	-0.000000	268.252638	0.000000	9.5
316	-0.000000	267.866478	0.000000	8.9
317	-0.072027	267.481796	0.000830	20.1
318	-0.565197	267.098584	0.005931	8.8
319	-1.110214	266.716833	0.007767	8.7
320	-0.000539	266.336533	0.000188	9.2
321	-1.161175	265.957676	0.006980	9.7
322	-0.000000	265.580253	0.000000	9.7
323	-0.000000	265.204254	0.000000	8.9
324	-1.136689	264.829672	0.011407	9.1
325	-0.001101	264.456497	0.000184	9.5
326	-0.000000	264.084721	0.000000	10.7
327	-0.177440	263.714335	0.002235	8.3
328	-0.000000	263.345332	0.000000	8.8
329	-0.000000	262.977702	0.000000	9.2
330	-0.411843	262.611438	0.004263	12.8
331	-0.000000	262.246531	0.000000	9.8
332	-0.007031	261.882973	0.000186	8.5
333	-0.475318	261.520756	0.003555	9.2
334	-0.236985	261.159871	0.003175	10.6
335	-0.000000	260.800312	0.000000	10.2
336	-0.294040	260.442070	0.004699	8.8
337	-0.100034	260.085137	0.002404	9.6
338	-1.133757	259.729505	0.008440	9.2
339	-0.760448	259.375167	0.004596	9.3
340	-0.116209	259.022116	0.000829	8.2
341	-0.871046	258.670343	0.005554	9.8
342	-0.000000	258.319841	0.000000	12.0
343	-0.080722	257.970602	0.002168	9.4
344	-0.000000	257.622620	0.000000	9.6
345	-0.000000	257.275887	0.000000	9.5
346	-1.007557	256.930396	0.004892	9.6
347	-0.853798	256.586139	0.004982	9.5
348	-0.000000	256.243109	0.000000	10.5
349	-0.090475	255.901300	0.001854	11.2
350	-0.000000	255.560703	0.000000	9.8
351	-0.087501	255.221313	0.001300	10.7
352	-0.715888	254.883122	0.003563	10.0
353	-1.168559	254.546124	0.006430	8.4
354	-0.063652	254.210311	0.001385	9.3
355	-0.657134	253.875677	0.005263	8.8
356	-0.000000	253.542215	0.000000	9.1
357	-0.026786	253.209918	0.000556	9.2
358	-0.000000	252.878781	0.000000	9.1
359	-0.000000	252.548795	0.000000	8.4
360	-0.002811	252.219956	0.000233	9.3
361	-0.000000	251.892255	0.000000	10.5
362	-0.462834	251.565688	0.006206	9.1
363	-0.805393	251.240247	0.007956	8.2
364	-0.158772	250.915926	0.002273	10.0
365	-0.710753	250.592720	0.007507	9.9
366	-0.000000	250.270621	0.000000	13.1
367	-1.079075	249.949624	0.004453	9.1
368	-1.062229	249.629723	0.009143	9.6
369	-0.000000	249.310911	0.000000	11.8
370	-0.766959	248.993182	0.004341	9.3
371	-0.404014	248.676531	0.003398	10.6
372	-1.088604	248.360952	0.006540	8.6
373	-0.002275	248.046438	0.000347	9.5
374	-0.582606	247.732984	0.003894	9.6
375	-0.003583	247.420584	0.000308	8.6
376	-0.977121	247.109233	0.005252	9.2
377	-0.000000	246.798924	0.000000	9.0
378	-0.000000	246.489652	0.000000	9.9
379	-0.525022	246.181412	0.003166	9.7
380	-0.142893	245.874197	0.002269	10.6
381	-0.000000	245.568002	0.000000	9.9
382	-0.000000	245.262822	0.000000	9.6
383	-0.000000	244.958652	0.000000	9.9
384	-0.722344	244.655485	0.004372	8.4
385	-0.686465	244.353317	0.003894	10.3
386	-0.000000	244.052142	0.000000	10.1
387	-1.174649	243.751955	0.006408	9.3
388	-0.000000	243.452750	0.000000	11.5
389	-1.191778	243.154523	0.006936	9.9
390	-0.363683	242.857268	0.005175	8.6
391	-0.985093	242.560980	0.005006	9.8
392	-0.455767	242.265654	0.002439	8.2
393	-1.155429	241.971285	0.007318	10.8
394	-0.000000	241.677868	0.000000	9.7
395	-1.046678	241.385397	0.008633	8.4
396	-0.552826	241.093869	0.003933	8.9
397	-1.154192	240.803278	0.008841	10.1
398	-0.000000	240.513619	0.000000	9.6
399	-0.978741	240.224887	0.006640	11.8
400	-0.000000	239.937077	0.000000	11.2
401	-0.628780	239.650186	0.004416	9.4
402	-0.677055	239.364207	0.004040	9.7
403	-0.807960	239.079136	0.007717	10.1
404	-0.556738	238.794969	0.005283	9.8
405	-0.170183	238.511701	0.001935	13.1
406	-0.792734	238.229327	0.005962	10.3
407	-1.001446	237.947843	0.009436	9.2
408	-0.948996	237.667244	0.005457	9.7
409	-0.928013	237.387526	0.005981	10.1
410	-0.000000	237.108684	0.000000	8.9
411	-0.021487	236.830714	0.000712	9.2
412	-0.000000	236.553610	0.000000	10.8
413	-0.000000	236.277370	0.000000	11.2
414	-0.199492	236.001989	0.002666	9.3
415	-0.000000	235.727461	0.000000	9.4
416	-0.496666	235.453784	0.004320	10.8
417	-0.000000	235.180952	0.000000	10.9
418	-0.000000	234.908962	0.000000	17.0
419	-1.129503	234.637809	0.010788	8.9
420	-0.015082	234.367488	0.000566	10.7
421	-0.408311	234.097997	0.003370	9.4
422	-0.000000	233.829331	0.000000	18.7
423	-1.131402	233.561485	0.006268	9.5
424	-0.000000	233.294456	0.000000	10.1
425	-1.000848	233.028239	0.004283	9.4
426	-0.000000	232.762831	0.000000	10.3
427	-0.595879	232.498228	0.004806	10.1
428	-0.000000	232.234425	0.000000	9.6
429	-1.181301	231.971419	0.006101	9.4
430	-0.000000	231.709205	0.000000	14.8
431	-1.026143	231.447781	0.009751	9.9
432	-0.716974	231.187141	0.004908	11.2
433	-0.000000	230.927283	0.000000	9.9
434	-0.088986	230.668202	0.002359	9.0
435	-1.142718	230.409895	0.007507	10.8
436	-0.000000	230.152358	0.000000	9.5
437	-0.000000	229.895587	0.000000	9.7
438	-0.830224	229.639578	0.006970	10.6
439	-0.893840	229.384329	0.004091	10.5
440	-0.008301	229.129834	0.000789	10.0
441	-1.169271	228.876091	0.006057	10.8
442	-0.847783	228.623096	0.005481	9.8
443	-0.284914	228.370846	0.003012	10.5
444	-0.000000	228.119336	0.000000	10.7
445	-1.150265	227.868563	0.012298	10.3
446	-0.654197	227.618525	0.005931	10.3
447	-0.255355	227.369216	0.002781	11.0
448	-0.000000	227.120635	0.000000	9.5
449	-0.080022	226.872777	0.000784	10.4
450	-0.000000	226.625638	0.000000	10.4
451	-0.161526	226.379217	0.001514	10.2
452	-0.000000	226.133509	0.000000	10.1
453	-0.000000	225.888510	0.000000	10.1
454	-1.036047	225.644218	0.008922	9.7
455	-0.185169	225.400630	0.001761	10.4
456	-0.198806	225.157741	0.004452	10.2
457	-1.036073	224.915549	0.004655	11.6
458	-0.250800	224.674051	0.003348	9.3
459	-0.400178	224.433242	0.003055	9.4
460	-0.000000	224.193121	0.000000	9.7
461	-0.000000	223.953684	0.000000	9.4
462	-1.108813	223.714927	0.008074	10.4
463	-1.003838	223.476848	0.005514	10.2
464	-0.880384	223.239444	0.004619	10.8
465	-0.000000	223.002710	0.000000	10.2
466	-0.321966	222.766645	0.002935	10.1
467	-0.734349	222.531245	0.006539	10.0
468	-1.119727	222.296508	0.006373	12.5
469	-1.066870	222.062429	0.005970	11.1
470	-0.468264	221.829007	0.002827	9.4
471	-1.153504	221.596238	0.007919	11.9
472	-0.034756	221.364119	0.001418	10.3
473	-0.000000	221.132647	0.000000	9.8
474	-1.097518	220.901820	0.006538	10.8
475	-1.051963	220.671634	0.007299	10.7
476	-0.388751	220.442086	0.003809	9.9
477	-0.000000	220.213174	0.000000	9.3
478	-0.619527	219.984895	0.002958	11.5
479	-1.066545	219.757246	0.005201	19.5
480	-0.984526	219.530224	0.005425	10.2
481	-0.720177	219.303826	0.005222	11.1
482	-0.187053	219.078050	0.003331	9.9
483	-0.035006	218.852893	0.001848	10.5
484	-0.900894	218.628352	0.009655	10.2
485	-0.413565	218.404424	0.002977	10.4
486	-0.000000	218.181106	0.000000	10.1
487	-0.207173	217.958397	0.002584	13.7
488	-0.967069	217.736292	0.010154	7.7
489	-1.226119	217.514790	0.009399	10.3
490	-0.008592	217.293888	0.000029	10.2
491	-0.806186	217.073584	0.006256	10.4
492	-0.862293	216.853873	0.004573	9.9
493	-0.000000	216.634755	0.000000	11.7
494	-0.641041	216.416227	0.005086	10.3
495	-1.096044	216.198285	0.007369	9.3
496	-0.000000	215.980927	0.000000	11.7
497	-1.060112	215.764151	0.007430	9.2
498	-0.272569	215.547955	0.002427	9.3
499	-1.182757	215.332335	0.007358	9.4
500	-0.272804	215.117289	0.002404	9.6
501	-0.391768	214.902815	0.003227	10.2
502	-0.000000	214.688911	0.000000	10.4
503	-0.430988	214.475573	0.002841	12.0
504	-1.291583	214.262800	0.007659	9.6
505	-0.000000	214.050588	0.000000	11.0
506	-0.770648	213.838936	0.004059	9.1
507	-0.486030	213.627842	0.003506	10.0
508	-1.023069	213.417302	0.006006	8.6
509	-0.000000	213.207314	0.000000	11.3
510	-0.217028	212.997877	0.002370	10.1
511	-0.000000	212.788987	0.000000	10.7
512	-0.979937	212.580642	0.007513	10.4
513	-0.000000	212.372841	0.000000	9.5
514	-1.110290	212.165581	0.007140	10.2
515	-0.003897	211.958859	0.000030	10.8
516	-0.727071	211.752673	0.006420	9.6
517	-0.000000	211.547021	0.000000	9.0
518	-0.996238	211.341902	0.005392	8.3
519	-0.000000	211.137311	0.000000	13.1
520	-0.000000	210.933248	0.000000	9.5
521	-0.000000	210.729710	0.000000	10.5
522	-0.000000	210.526695	0.000000	10.7
523	-0.400797	210.324200	0.003725	16.3
524	-0.261624	210.122224	0.002846	10.6
525	-0.000000	209.920765	0.000000	10.1
526	-0.748168	209.719820	0.004406	8.9
527	-0.021516	209.519387	0.000908	9.5
528	-0.000000	209.319463	0.000000	10.9
529	-0.775907	209.120048	0.007136	10.1
530	-0.887455	208.921139	0.005263	10.0
531	-1.093113	208.722733	0.006386	9.3
532	-0.000000	208.524829	0.000000	13.4
533	-0.296512	208.327425	0.003173	7.9
534	-0.971643	208.130518	0.006746	9.6
535	-0.000000	207.934107	0.000000	9.6
536	-0.828069	207.738189	0.004714	10.2
537	-0.000000	207.542762	0.000000	9.2
538	-0.000000	207.347825	0.000000	9.8
539	-0.275547	207.153376	0.004003	9.3
540	-0.478867	206.959412	0.004625	9.5
541	-0.000000	206.765932	0.000000	10.6
542	-0.210004	206.572933	0.002991	9.7
543	-0.119150	206.380414	0.001247	10.4
544	-0.033651	206.188373	0.000670	11.5
545	-0.000000	205.996807	0.000000	10.2
546	-0.000000	205.805716	0.000000	9.2
547	-0.796558	205.615096	0.006800	10.4
548	-0.842524	205.424946	0.004465	10.1
549	-0.792376	205.235265	0.003589	11.2
550	-1.119763	205.046050	0.007155	9.7
551	-0.137074	204.857299	0.002789	9.6
552	-0.000000	204.669011	0.000000	9.2
553	-0.000000	204.481184	0.000000	11.8
554	-0.000000	204.293816	0.000000	11.0
555	-0.534903	204.106905	0.003226	9.0
556	-0.280097	203.920449	0.003295	10.6
557	-0.053189	203.734447	0.002281	12.1
558	-0.038082	203.548896	0.000302	9.3
559	-1.050778	203.363795	0.005993	10.3
560	-0.840681	203.179143	0.005305	9.6
561	-0.000000	202.994937	0.000000	9.6
562	-1.215622	202.811176	0.007514	10.3
563	-0.000000	202.627857	0.000000	10.1
564	-0.918127	202.444980	0.007163	10.1
565	-0.718156	202.262543	0.004688	8.9
566	-1.166644	202.080543	0.007307	9.1
567	-0.000000	201.898979	0.000000	10.5
568	-0.000000	201.717849	0.000000	9.9
569	-0.736371	201.537153	0.004128	9.1
570	-0.914408	201.356887	0.007496	10.3
571	-0.946118	201.177050	0.005627	8.9
572	-0.219240	200.997642	0.001795	10.1
573	-0.793070	200.818659	0.006772	11.0
574	-1.105869	200.640100	0.006665	9.2
575	-0.020943	200.461965	0.001668	9.6
576	-1.165554	200.284250	0.006910	9.9
577	-0.850309	200.106955	0.006268	9.1
578	-0.000000	199.930078	0.000001	12.5
579	-1.107181	199.753617	0.005542	10.0
580	-0.000000	199.577571	0.000000	9.5
581	-1.167090	199.401938	0.005899	10.3
582	-0.000000	199.226717	0.000000	9.7
583	-0.309944	199.051905	0.003609	9.9
584	-1.204264	198.877502	0.011715	9.0
585	-0.343762	198.703506	0.003237	9.6
586	-0.000000	198.529916	0.000000	8.6
587	-0.043937	198.356729	0.001015	10.0
588	-0.999724	198.183944	0.004840	11.8
589	-0.630375	198.011560	0.004052	9.7
590	-0.865291	197.839576	0.005225	10.9
591	-0.000000	197.667989	0.000000	8.9
592	-0.000000	197.496798	0.000000	9.9
593	-0.832535	197.326002	0.008635	10.7
594	-1.201301	197.155600	0.008512	10.1
595	-0.852828	196.985589	0.007102	9.6
596	-1.078676	196.815969	0.006309	9.6
597	-0.946741	196.646738	0.005767	9.3
598	-0.626944	196.477894	0.004273	8.8
599	-0.308253	196.309436	0.002809	9.4
600	-1.131906	196.141363	0.006305	12.9
601	-1.342314	195.973673	0.007127	9.7
602	-1.209087	195.806365	0.006264	9.9
603	-0.172597	195.639437	0.002554	8.7
604	-1.212067	195.472888	0.006996	10.4
605	-0.750479	195.306717	0.006269	9.2
606	-0.000000	195.140922	0.000000	9.5
607	-1.036867	194.975501	0.006676	10.5
608	-1.246633	194.810454	0.007362	9.9
609	-0.094726	194.645779	0.001334	11.0
610	-0.664536	194.481475	0.004910	10.2
611	-0.718716	194.317540	0.004866	14.3
612	-0.188577	194.153973	0.002952	8.9
613	-0.500594	193.990773	0.004293	11.5
614	-1.162840	193.827938	0.005048	19.5
615	-0.167280	193.665467	0.001884	9.9
616	-0.000000	193.503358	0.000000	9.1
617	-0.696116	193.341611	0.005582	13.1
618	-1.328043	193.180224	0.006226	8.9
619	-0.000000	193.019196	0.000000	9.7
620	-0.934568	192.858525	0.007807	9.5
621	-1.169151	192.698210	0.006193	10.8
622	-1.048065	192.538251	0.008268	9.3
623	-0.000000	192.378644	0.000000	9.4
624	-0.999850	192.219391	0.004826	10.4
625	-1.110098	192.060488	0.005432	9.3
626	-0.000013	191.901935	0.000019	9.2
627	-0.677962	191.743730	0.003564	9.2
628	-0.818043	191.585873	0.003712	10.4
629	-1.070003	191.428362	0.004783	9.0
630	-0.000000	191.271196	0.000000	8.4
631	-1.192474	191.114374	0.005292	10.4
632	-1.003613	190.957893	0.006273	8.5
633	-0.256495	190.801755	0.002379	9.1
634	-0.974477	190.645956	0.005633	8.9
635	-0.000000	190.490495	0.000000	8.5
636	-0.000000	190.335373	0.000000	9.9
637	-1.122316	190.180587	0.005879	10.2
638	-0.000000	190.026136	0.000000	9.0
639	-0.276851	189.872019	0.003642	9.8
640	-0.177081	189.718235	0.002211	9.7
641	-0.000000	189.564782	0.000000	9.9
642	-0.621288	189.411661	0.003176	10.1
643	-0.109995	189.258868	0.001595	10.2
644	-0.000000	189.106404	0.000000	9.8
645	-1.128046	188.954267	0.006448	9.8
646	-0.078267	188.802456	0.001438	9.2
647	-0.000000	188.650969	0.000000	9.7
648	-0.787272	188.499807	0.003641	12.1
649	-0.000000	188.348967	0.000000	10.7
650	-0.000000	188.198448	0.000000	9.4
651	-0.783500	188.048250	0.006383	11.7
652	-0.708049	187.898371	0.004340	9.1
653	-0.125499	187.748810	0.001535	9.8
654	-0.063193	187.599566	0.002260	10.3
655	-1.132976	187.450638	0.006714	10.4
656	-0.000000	187.302025	0.000000	10.3
657	-0.000000	187.153725	0.000000	9.5
658	-1.030153	187.005739	0.006283	9.7
659	-1.199804	186.858064	0.007260	9.3
660	-0.000000	186.710699	0.000000	10.3
661	-0.797423	186.563645	0.006621	9.5
662	-0.000000	186.416898	0.000000	10.1
663	-0.826679	186.270459	0.004142	10.1
664	-0.319843	186.124326	0.004787	7.9
665	-0.119533	185.978499	0.002998	9.1
666	-0.011210	185.832976	0.001799	13.9
667	-0.000000	185.687756	0.000000	9.6
668	-0.886560	185.542838	0.008337	10.2
669	-0.000000	185.398222	0.000000	9.2
670	-0.000000	185.253906	0.000000	8.3
671	-0.013177	185.109889	0.001223	10.3
672	-0.037339	184.966170	0.001966	9.8
673	-0.000000	184.822748	0.000000	9.5
674	-0.000000	184.679623	0.000000	12.9
675	-0.300837	184.536792	0.002969	8.4
676	-0.700303	184.394256	0.004013	8.2
677	-0.876846	184.252013	0.005001	10.0
678	-1.196095	184.110062	0.007062	9.5
679	-0.000000	183.968403	0.000000	9.1
680	-0.000000	183.827034	0.000000	9.0
681	-0.099613	183.685954	0.002190	11.3
682	-0.859120	183.545163	0.005129	9.5
683	-1.218483	183.404658	0.007688	9.8
684	-0.732587	183.264441	0.005395	10.0
685	-0.028097	183.124509	0.001290	10.5
686	-0.160642	182.984861	0.001601	8.8
687	-0.417350	182.845497	0.002817	9.7
688	-0.000035	182.706416	0.000031	10.9
689	-0.825931	182.567616	0.005036	9.3
690	-1.177491	182.429098	0.006204	11.2
691	-0.000000	182.290859	0.000000	10.2
692	-0.659365	182.152899	0.004605	9.5
693	-0.955409	182.015217	0.004245	10.1
694	-1.098954	181.877813	0.006138	10.6
695	-1.348330	181.740684	0.008676	10.2
696	-0.959412	181.603832	0.005097	9.5
697	-1.222074	181.467253	0.006305	11.3
698	-0.783662	181.330948	0.004138	10.2
699	-0.000000	181.194916	0.000000	10.4
700	-0.528610	181.059155	0.004727	10.0
701	-0.000000	180.923666	0.000000	9.2
702	-0.000000	180.788446	0.000000	9.2
703	-0.000000	180.653496	0.000000	11.2
704	-0.857534	180.518814	0.004563	10.3
705	-0.534743	180.384399	0.003852	9.4
706	-0.000000	180.250251	0.000000	8.9
707	-0.290721	180.116369	0.002551	9.8
708	-0.000000	179.982752	0.000000	10.3
709	-0.746263	179.849398	0.006497	9.6
710	-1.171966	179.716308	0.006082	9.2
711	-1.082204	179.583480	0.006764	10.2
712	-0.000000	179.450913	0.000000	9.7
713	-0.023669	179.318607	0.001193	11.0
714	-1.168839	179.186561	0.007064	11.6
715	-0.000000	179.054774	0.000000	9.1
716	-0.432260	178.923245	0.002468	9.0
717	-0.005111	178.791973	0.000120	9.5
718	-1.177173	178.660958	0.007875	9.8
719	-0.000000	178.530199	0.000000	9.5
720	-0.005290	178.399694	0.000700	9.3
721	-0.000000	178.269444	0.000000	9.1
722	-0.747240	178.139447	0.004500	13.1
723	-0.544019	178.009702	0.003723	10.0
724	-0.605962	177.880209	0.003676	9.1
725	-0.000000	177.750967	0.000000	10.7
726	-1.240161	177.621975	0.006126	8.9
727	-1.000618	177.493232	0.009968	8.4
728	-1.325291	177.364738	0.007663	9.7
729	-0.428056	177.236492	0.003880	9.1
730	-0.537986	177.108492	0.003912	9.1
731	-0.730523	176.980739	0.005808	9.6
732	-0.512488	176.853231	0.003307	8.8
733	-0.000000	176.725968	0.000000	14.0
734	-0.079920	176.598949	0.001857	10.0
735	-1.308145	176.472173	0.008665	9.5
736	-0.000000	176.345639	0.000000	9.4
737	-1.201352	176.219348	0.005588	9.0
738	-0.617334	176.093296	0.003630	9.3
739	-0.000000	175.967486	0.000000	10.3
740	-0.000000	175.841914	0.000000	10.2
741	-0.000000	175.716581	0.000000	9.4
742	-0.035807	175.591486	0.001169	9.1
743	-0.632238	175.466629	0.002538	9.7
744	-0.039208	175.342008	0.002309	10.3
745	-0.289081	175.217622	0.003488	9.9
746	-0.000000	175.093472	0.000000	9.3
747	-0.636275	174.969556	0.003476	10.6
748	-0.692076	174.845873	0.004275	9.8
749	-0.000000	174.722423	0.000000	11.4
750	-0.040779	174.599206	0.001019	9.3
751	-0.719860	174.476220	0.005831	9.7
752	-1.145070	174.353464	0.006630	8.8
753	-0.725291	174.230939	0.005609	11.0
754	-0.733679	174.108643	0.004446	11.8
755	-0.000000	173.986576	0.000000	9.5
756	-0.820886	173.864737	0.005004	9.1
757	-0.000000	173.743124	0.000000	9.0
758	-0.921077	173.621739	0.004619	9.9
759	-0.000000	173.500579	0.000000	12.2
760	-0.586313	173.379645	0.004471	9.4
761	-0.913284	173.258935	0.007636	9.1
762	-0.000000	173.138449	0.000000	11.2
763	-0.725629	173.018186	0.005742	9.7
764	-0.004908	172.898146	0.000530	10.3
765	-0.000823	172.778327	0.000763	9.7
766	-0.195788	172.658730	0.002357	9.3
767	-1.146549	172.539353	0.006103	9.1
768	-0.065918	172.420196	0.001469	9.8
769	-1.090103	172.301258	0.006910	9.4
770	-0.048364	172.182539	0.001179	16.9
771	-0.956093	172.064037	0.006599	8.7
772	-1.280655	171.945753	0.006050	8.8
773	-0.000000	171.827686	0.000000	12.0
774	-0.000000	171.709834	0.000000	10.6
775	-0.000000	171.592198	0.000000	10.0
776	-0.000000	171.474776	0.000000	9.1
777	-0.000000	171.357568	0.000000	10.3
778	-0.000000	171.240574	0.000000	18.0
779	-0.019928	171.123793	0.000728	8.7
780	-1.010503	171.007223	0.009104	9.1
781	-0.000000	170.890865	0.000000	10.0
782	-0.227906	170.774718	0.001273	11.3
783	-1.057774	170.658782	0.005224	9.1
784	-0.009400	170.543055	0.000525	9.5
785	-1.091285	170.427537	0.004756	8.3
786	-1.223601	170.312227	0.006403	9.8
787	-0.000000	170.197125	0.000000	9.5
788	-0.116308	170.082231	0.002137	9.5
789	-0.000000	169.967543	0.000000	9.4
790	-0.135240	169.853061	0.002022	9.4
791	-1.389609	169.738784	0.007402	10.0
792	-0.642184	169.624713	0.003303	11.4
793	-0.000000	169.510845	0.000000	8.9
794	-0.236701	169.397181	0.003160	10.2
795	-0.000000	169.283720	0.000000	9.2
796	-0.083002	169.170462	0.002739	9.5
797	-1.168271	169.057405	0.005314	8.7
798	-1.217149	168.944549	0.006557	8.9
799	-1.217875	168.831895	0.007008	9.6
800	-0.553093	168.719440	0.003125	9.1
801	-1.157894	168.607185	0.008033	9.2
802	-1.132188	168.495129	0.006153	9.8
803	-0.697760	168.383271	0.003459	9.7
804	-0.000000	168.271611	0.000000	9.5
805	-0.539888	168.160148	0.006305	8.9
806	-0.019103	168.048882	0.000979	12.6
807	-1.095852	167.937812	0.008684	9.3
808	-1.049018	167.826938	0.008606	8.6
809	-0.628693	167.716258	0.004870	9.5
810	-0.759864	167.605773	0.004416	9.9
811	-0.000000	167.495482	0.000000	8.9
812	-1.013565	167.385384	0.005528	9.1
813	-0.214533	167.275479	0.001337	9.7
814	-0.131001	167.165766	0.001938	8.6
815	-0.966876	167.056245	0.004778	11.1
816	-0.000000	166.946915	0.000000	9.6
817	-0.541646	166.837776	0.003216	11.0
818	-1.010868	166.728826	0.005928	9.7
819	-0.000000	166.620067	0.000000	10.1
820	-0.264924	166.511496	0.003274	10.3
821	-0.167281	166.403113	0.002664	11.5
822	-0.000000	166.294919	0.000000	17.4
823	-1.101908	166.186912	0.007147	9.1
824	-0.941715	166.079091	0.004831	10.4
825	-0.219373	165.971458	0.003086	9.8
826	-0.000214	165.864009	0.000073	18.6
827	-1.260122	165.756747	0.010952	9.4
828	-1.099382	165.649669	0.009807	13.9
829	-0.513438	165.542775	0.004092	12.3
830	-0.004521	165.436065	0.000297	9.4
831	-0.192508	165.329538	0.002158	8.9
832	-0.860656	165.223194	0.004662	8.5
833	-0.006318	165.117032	0.000834	9.7
834	-1.167892	165.011052	0.005815	9.3
835	-0.000000	164.905253	0.000000	9.0
836	-0.008923	164.799635	0.000784	9.1
837	-0.942448	164.694197	0.004741	8.7
838	-0.927728	164.588939	0.006271	10.7
839	-0.964437	164.483859	0.005452	9.8
840	-0.011914	164.378959	0.000348	9.4
841	-0.000000	164.274237	0.000000	9.8
842	-0.455392	164.169692	0.004177	8.7
843	-0.006406	164.065325	0.000320	10.4
844	-0.925009	163.961135	0.004942	8.4
845	-1.191843	163.857120	0.007357	9.0
846	-0.000000	163.753282	0.000000	10.3
847	-0.007898	163.649619	0.000453	11.2
848	-1.180660	163.546130	0.006015	9.3
849	-0.000000	163.442816	0.000000	10.0
850	-0.200559	163.339676	0.002361	9.2
851	-1.174252	163.236709	0.007992	8.8
852	-0.000000	163.133915	0.000000	9.5
853	-0.000000	163.031294	0.000000	18.6
854	-0.341805	162.928844	0.002657	9.0
855	-0.000000	162.826566	0.000000	10.1
856	-0.139235	162.724459	0.001994	9.9
857	-1.256208	162.622523	0.008614	9.0
858	-0.000000	162.520757	0.000000	10.9
859	-1.243885	162.419160	0.005742	9.8
860	-0.000000	162.317733	0.000000	9.3
861	-0.000000	162.216474	0.000000	10.1
862	-0.000000	162.115383	0.000000	9.6
863	-0.804111	162.014461	0.006845	10.1
864	-0.000000	161.913705	0.000000	10.2
865	-0.790212	161.813117	0.006312	9.4
866	-0.000000	161.712695	0.000000	9.6
867	-0.000000	161.612439	0.000000	10.9
868	-0.000000	161.512349	0.000000	9.9
869	-1.015108	161.412424	0.005025	9.6
870	-0.258294	161.312663	0.002011	8.9
871	-1.198887	161.213067	0.007445	12.4
872	-0.291261	161.113635	0.004320	9.6
873	-0.638922	161.014366	0.003695	10.7
874	-0.000019	160.915260	0.000017	9.0
875	-1.037835	160.816316	0.005806	10.6
876	-0.000000	160.717535	0.000000	10.6
877	-0.003088	160.618915	0.000475	9.5
878	-0.403494	160.520456	0.003066	8.8
879	-0.000000	160.422158	0.000000	10.1
880	-0.000000	160.324021	0.000000	9.6
881	-0.648330	160.226043	0.004565	9.8
882	-0.000000	160.128225	0.000000	15.1
883	-0.673876	160.030566	0.005425	8.7
884	-0.000000	159.933066	0.000000	9.9
885	-0.000000	159.835723	0.000000	11.1
886	-1.126897	159.738539	0.005836	9.7
887	-1.022074	159.641512	0.005205	9.5
888	-0.427669	159.544642	0.003759	8.7
889	-0.750800	159.447929	0.004889	9.2
890	-0.321502	159.351372	0.003582	12.1
891	-1.017859	159.254971	0.008401	9.1
892	-1.003714	159.158725	0.008365	8.9
893	-0.000034	159.062634	0.000048	9.8
894	-0.035466	158.966697	0.000310	8.9
895	-0.000000	158.870915	0.000000	9.6
896	-0.017332	158.775286	0.000595	8.8
897	-0.000000	158.679811	0.000000	10.3
898	-0.358871	158.584489	0.004181	10.2
899	-0.000000	158.489319	0.000000	9.2
900	-0.138143	158.394302	0.001721	10.0
901	-0.889367	158.299436	0.007706	9.7
902	-1.128196	158.204721	0.006265	10.0
903	-0.574323	158.110158	0.004069	9.6
904	-0.651799	158.015745	0.003720	14.2
905	-0.000000	157.921482	0.000000	10.5
906	-1.144492	157.827369	0.005453	10.1
907	-1.038661	157.733406	0.006610	10.6
908	-0.716594	157.639591	0.003897	9.5
909	-0.017174	157.545925	0.000599	9.5
910	-0.000000	157.452408	0.000000	10.1
911	-0.441169	157.359038	0.003390	10.0
912	-1.317493	157.265816	0.008220	9.8
913	-0.000000	157.172741	0.000000	9.9
914	-0.000000	157.079813	0.000000	9.2
915	-0.000000	156.987031	0.000000	10.1
916	-1.131639	156.894395	0.005506	9.8
917	-0.000000	156.801904	0.000000	9.9
918	-0.000000	156.709559	0.000000	9.4
919	-0.000000	156.617359	0.000000	9.1
920	-1.118481	156.525304	0.004705	8.8
921	-1.008809	156.433392	0.005430	9.6
922	-0.383173	156.341624	0.003916	9.0
923	-0.862624	156.250000	0.005059	9.5
924	-0.000000	156.158519	0.000000	9.1
925	-0.208251	156.067180	0.002812	8.7
926	-1.010765	155.975984	0.005265	9.2
927	-0.014343	155.884930	0.001154	9.5
928	-0.011628	155.794017	0.000416	8.6
929	-1.034481	155.703246	0.006925	9.6
930	-0.194640	155.612615	0.002970	8.9
931	-1.330072	155.522125	0.009965	15.4
932	-0.064260	155.431775	0.001544	10.0
933	-0.996356	155.341565	0.005073	9.4
934	-0.172043	155.251495	0.002475	9.1
935	-0.088059	155.161563	0.000921	9.6
936	-0.803312	155.071771	0.004808	10.1
937	-0.000000	154.982117	0.000000	9.5
938	-0.000000	154.892601	0.000000	11.0
939	-1.092059	154.803222	0.005107	9.9
940	-0.822861	154.713981	0.004049	12.8
941	-0.683395	154.624878	0.004120	14.0
942	-0.157740	154.535910	0.002688	9.1
943	-0.617997	154.447080	0.004889	18.9
944	-1.166147	154.358385	0.005157	10.4
945	-0.000000	154.269826	0.000000	9.0
946	-1.097411	154.181402	0.007166	9.5
947	-0.000000	154.093114	0.000000	9.7
948	-0.000000	154.004960	0.000000	10.0
949	-0.152401	153.916940	0.001159	8.7
950	-0.000000	153.829054	0.000000	9.5
951	-0.000000	153.741303	0.000000	8.9
952	-0.076676	153.653684	0.002132	8.8
953	-1.001321	153.566198	0.005189	8.3
954	-1.127885	153.478846	0.006358	8.8
955	-1.166036	153.391625	0.005596	8.9
956	-1.210296	153.304537	0.007288	9.9
957	-0.150932	153.217580	0.001992	8.9
958	-1.338997	153.130755	0.008211	9.5
959	-0.000000	153.044061	0.000000	9.1
960	-0.079691	152.957498	0.001372	9.3
961	-0.000000	152.871065	0.000000	8.9
962	-0.000000	152.784762	0.000000	11.8
963	-1.003003	152.698589	0.006534	9.5
964	-1.141726	152.612545	0.004919	8.1
965	-0.856405	152.526631	0.007474	9.3
966	-1.124386	152.440845	0.007373	9.5
967	-0.189143	152.355188	0.002741	8.8
968	-0.385601	152.269660	0.005598	9.5
969	-0.605688	152.184259	0.004570	10.3
970	-0.023145	152.098986	0.000477	9.8
971	-0.163878	152.013840	0.002765	9.4
972	-0.000000	151.928821	0.000000	9.2
973	-0.843050	151.843928	0.006169	9.5
974	-1.191130	151.759163	0.007172	9.8
975	-0.000000	151.674523	0.000000	8.9
976	-1.085396	151.590009	0.006224	10.0
977	-0.013798	151.505620	0.000301	9.2
978	-0.452649	151.421357	0.003694	10.7
979	-0.016584	151.337218	0.000636	10.1
980	-1.118070	151.253204	0.005297	9.6
981	-0.806583	151.169314	0.004422	9.1
982	-0.772594	151.085549	0.004111	11.0
983	-0.000000	151.001907	0.000000	9.3
984	-0.097913	150.918388	0.001776	9.3
985	-1.234776	150.834992	0.007813	9.0
986	-0.000000	150.751719	0.000000	8.5
987	-0.264742	150.668569	0.003930	12.1
988	-0.870390	150.585541	0.007905	11.5
989	-0.000000	150.502634	0.000000	9.0
990	-0.000000	150.419849	0.000000	9.9
991	-0.653616	150.337186	0.003812	8.7
992	-1.107323	150.254644	0.006148	9.3
993	-0.000000	150.172222	0.000000	10.3
994	-0.017919	150.089921	0.001241	9.1
995	-0.000000	150.007740	0.000000	13.8
996	-0.504538	149.925679	0.003221	12.9
997	-0.413235	149.843737	0.003456	9.3
998	-0.000000	149.761915	0.000000	9.6
999	-0.959195	149.680212	0.007477	9.4
1000	-0.000000	149.598627	0.000000	8.7
1001	-1.049615	149.517161	0.006122	9.9
1002	-0.004300	149.435814	0.000000	10.1
1003	-0.090590	149.354584	0.001173	8.3
1004	-0.000000	149.273472	0.000000	9.1
1005	-0.907160	149.192477	0.004381	10.1
1006	-0.000000	149.111599	0.000000	8.5
1007	-0.000000	149.030838	0.000000	9.9
1008	-0.000000	148.950194	0.000000	9.4
1009	-0.014948	148.869666	0.000446	9.8
1010	-0.000000	148.789253	0.000000	9.8
1011	-1.015338	148.708957	0.007844	8.1
1012	-0.266869	148.628776	0.002027	10.3
1013	-0.398640	148.548710	0.003145	11.2
1014	-0.228485	148.468759	0.002350	9.3
1015	-0.000000	148.388923	0.000000	9.6
1016	-1.220637	148.309201	0.008604	10.1
1017	-0.210499	148.229594	0.002193	9.4
1018	-0.383741	148.150100	0.002341	9.9
1019	-0.000000	148.070719	0.000000	9.0
1020	-0.180468	147.991452	0.001605	8.9
1021	-0.000000	147.912298	0.000000	14.9
1022	-0.469665	147.833257	0.004440	9.1
1023	-0.000000	147.754329	0.000000	8.3
1024	-0.000000	147.675512	0.000000	10.8
1025	-0.958587	147.596808	0.006964	8.4
1026	-0.000000	147.518216	0.000000	8.6
1027	-0.000000	147.439735	0.000000	10.5
1028	-0.667147	147.361365	0.004618	8.8
1029	-0.000000	147.283106	0.000000	10.1
1030	-0.000000	147.204958	0.000000	10.7
1031	-0.604821	147.126920	0.003428	9.6
1032	-0.000000	147.048993	0.000000	9.3
1033	-1.201051	146.971175	0.007441	8.6
1034	-0.850608	146.893468	0.004874	9.5
1035	-0.000000	146.815869	0.000000	8.0
1036	-0.125423	146.738380	0.002299	9.5
1037	-0.125735	146.661000	0.000907	10.2
1038	-0.808363	146.583729	0.004752	8.6
1039	-0.634254	146.506566	0.004890	9.3
1040	-0.000000	146.429511	0.000000	8.1
1041	-0.481180	146.352565	0.004386	10.2
1042	-0.978039	146.275726	0.005364	9.6
1043	-1.073033	146.198994	0.004745	8.4
1044	-0.808845	146.122370	0.004758	9.7
1045	-1.047171	146.045853	0.005423	8.7
1046	-1.058926	145.969442	0.008098	9.3
1047	-0.000003	145.893139	0.000006	9.0
1048	-0.963182	145.816941	0.004505	9.3
1049	-0.707405	145.740849	0.003835	9.8
1050	-0.000000	145.664863	0.000000	11.1
1051	-0.031876	145.588983	0.002138	8.7
1052	-1.138738	145.513208	0.006476	9.9
1053	-1.079469	145.437538	0.009849	12.4
1054	-0.006195	145.361973	0.001386	11.8
1055	-0.000000	145.286513	0.000000	9.1
1056	-0.542377	145.211157	0.002833	9.4
1057	-0.849211	145.135905	0.006771	11.2
1058	-0.325565	145.060757	0.002429	10.0
1059	-0.027503	144.985712	0.000263	9.0
1060	-0.000000	144.910771	0.000000	8.8
1061	-0.000000	144.835934	0.000000	8.7
1062	-0.496065	144.761199	0.004400	8.4
1063	-1.339460	144.686567	0.006775	10.9
1064	-0.390284	144.612037	0.002074	9.3
1065	-0.000000	144.537610	0.000000	9.0
1066	-0.000000	144.463285	0.000000	10.3
1067	-0.577875	144.389062	0.004757	8.4
1068	-0.808245	144.314940	0.005983	9.4
1069	-0.000000	144.240920	0.000000	8.8
1070	-0.023452	144.167001	0.001302	8.8
1071	-0.376161	144.093182	0.002238	8.6
1072	-0.000000	144.019465	0.000000	8.7
1073	-0.478413	143.945848	0.004518	8.0
1074	-0.070267	143.872331	0.001106	9.5
1075	-0.925955	143.798914	0.004118	8.8
1076	-0.838438	143.725597	0.005114	10.4
1077	-0.663314	143.652380	0.004266	9.4
1078	-1.070607	143.579262	0.005350	10.4
1079	-0.674878	143.506243	0.003318	11.2
1080	-0.364385	143.433323	0.003888	9.8
1081	-0.003954	143.360502	0.000085	10.1
1082	-0.766271	143.287780	0.004652	9.2
1083	-1.229895	143.215155	0.008130	8.9
1084	-1.058040	143.142629	0.009524	9.2
1085	-1.375346	143.070201	0.006603	9.3
1086	-0.861307	142.997870	0.004824	9.1
1087	-0.032043	142.925637	0.000832	9.9
1088	-1.085906	142.853501	0.004848	9.1
1089	-1.126204	142.781462	0.006395	9.1
1090	-0.960826	142.709519	0.003615	8.9
1091	-0.217168	142.637674	0.004352	9.1
1092	-1.131718	142.565924	0.005000	10.4
1093	-0.131197	142.494271	0.001151	9.0
1094	-0.863156	142.422714	0.004744	9.6
1095	-0.943384	142.351252	0.005523	8.9
1096	-0.000000	142.279886	0.000000	9.2
1097	-0.046255	142.208616	0.000557	9.1
1098	-0.066048	142.137440	0.000908	9.1
1099	-0.949733	142.066360	0.006824	8.6
1100	-0.161035	141.995374	0.002309	9.6
1101	-0.167438	141.924483	0.002597	9.1
1102	-1.142845	141.853685	0.006079	9.9
1103	-1.245676	141.782983	0.007397	8.7
1104	-0.000000	141.712373	0.000000	8.5
1105	-0.830744	141.641858	0.003441	10.5
1106	-0.000000	141.571436	0.000000	9.7
1107	-0.000000	141.501108	0.000000	10.8
1108	-0.096766	141.430872	0.002200	12.3
1109	-1.101723	141.360730	0.010102	8.9
1110	-0.000000	141.290680	0.000000	9.6
1111	-0.034596	141.220722	0.000543	12.9
1112	-1.185637	141.150857	0.007790	9.9
1113	-0.000000	141.081084	0.000000	11.2
1114	-0.059626	141.011403	0.002917	11.1
1115	-0.922226	140.941813	0.007827	8.8
1116	-0.032399	140.872315	0.000900	9.1
1117	-0.999561	140.802909	0.005649	9.9
1118	-0.341296	140.733593	0.002670	9.4
1119	-0.000000	140.664369	0.000000	9.9
1120	-0.671320	140.595235	0.004154	10.0
1121	-0.000000	140.526192	0.000000	9.0
1122	-0.714293	140.457239	0.003361	12.4
1123	-0.000000	140.388376	0.000000	9.8
1124	-1.122790	140.319603	0.006585	8.7
1125	-0.000000	140.250920	0.000000	10.1
1126	-0.719223	140.182326	0.004828	9.0
1127	-0.392996	140.113822	0.003442	8.5
1128	-0.136327	140.045407	0.002006	13.1
1129	-0.000000	139.977081	0.000000	17.7
1130	-0.277720	139.908844	0.001566	9.4
1131	-0.106891	139.840696	0.001243	9.0
1132	-1.162199	139.772635	0.007681	10.6
1133	-0.000000	139.704664	0.000000	8.8
1134	-0.000000	139.636780	0.000000	9.4
1135	-1.056178	139.568984	0.006284	11.1
1136	-0.000000	139.501276	0.000000	8.4
1137	-1.212273	139.433655	0.009020	9.7
1138	-0.661195	139.366122	0.003489	9.6
1139	-1.277208	139.298676	0.007301	9.4
1140	-1.022926	139.231317	0.008023	9.0
1141	-1.049727	139.164045	0.004459	9.0
1142	-1.087182	139.096859	0.008002	9.9
1143	-1.109105	139.029760	0.005118	15.7
1144	-0.028581	138.962747	0.001086	9.3
1145	-1.164613	138.895820	0.006513	9.3
1146	-0.006624	138.828978	0.000820	10.0
1147	-0.007174	138.762223	0.000427	10.2
1148	-0.000000	138.695553	0.000000	9.4
1149	-0.051451	138.628969	0.000615	10.6
1150	-1.142079	138.562469	0.006006	10.7
1151	-0.000000	138.496055	0.000000	8.7
1152	-0.928853	138.429725	0.004506	11.3
1153	-0.602637	138.363481	0.003070	9.2
1154	-0.000000	138.297320	0.000000	8.3
1155	-0.021976	138.231244	0.001695	10.1
1156	-0.500997	138.165252	0.003509	10.8
1157	-0.825870	138.099344	0.004938	9.3
1158	-0.000000	138.033520	0.000000	10.2
1159	-1.084504	137.967779	0.004816	8.9
1160	-0.228290	137.902122	0.002159	10.1
1161	-0.000000	137.836548	0.000000	11.8
1162	-0.000000	137.771057	0.000000	8.7
1163	-1.043867	137.705649	0.009266	9.0
1164	-1.017815	137.640324	0.006415	10.8
1165	-1.156402	137.575081	0.006627	9.7
1166	-1.068562	137.509921	0.005071	8.4
1167	-0.000000	137.444842	0.000000	8.8
1168	-1.096584	137.379846	0.005429	8.4
1169	-0.807649	137.314932	0.003872	11.0
1170	-1.169140	137.250100	0.005345	9.4
1171	-0.000000	137.185349	0.000000	8.1
1172	-1.150595	137.120680	0.005173	9.6
1173	-0.000000	137.056092	0.000000	9.0
1174	-0.477038	136.991585	0.003492	9.6
1175	-0.008555	136.927158	0.000004	10.3
1176	-0.000000	136.862813	0.000000	9.6
1177	-0.000000	136.798548	0.000000	11.0
1178	-0.926095	136.734363	0.004207	10.5
1179	-0.000000	136.670259	0.000000	8.5
1180	-0.928596	136.606235	0.005210	9.5
1181	-0.838227	136.542291	0.006284	9.7
1182	-0.590476	136.478426	0.003864	9.4
1183	-1.178433	136.414641	0.005320	10.3
1184	-0.483548	136.350936	0.004701	9.3
1185	-0.069923	136.287310	0.001235	9.5
1186	-1.136056	136.223763	0.006568	10.2
1187	-0.431165	136.160295	0.003021	8.6
1188	-1.194394	136.096905	0.006938	10.1
1189	-1.089384	136.033594	0.006504	9.1
1190	-0.988126	135.970362	0.005950	9.1
1191	-0.562391	135.907208	0.004493	9.0
1192	-0.000000	135.844133	0.000000	8.1
1193	-0.561193	135.781135	0.004141	10.7
1194	-0.195362	135.718215	0.002679	9.5
1195	-0.000000	135.655373	0.000000	14.0
1196	-0.009018	135.592608	0.000656	10.4
1197	-0.319806	135.529921	0.002359	9.2
1198	-0.000000	135.467311	0.000000	9.6
1199	-1.174696	135.404778	0.007502	9.4
1200	-0.000000	135.342322	0.000000	9.3
1201	-0.000000	135.279942	0.000000	10.2
1202	-0.000000	135.217640	0.000000	8.3
1203	-0.056833	135.155413	0.001763	10.3
1204	-0.188805	135.093263	0.001663	9.0
1205	-0.000000	135.031190	0.000000	9.6
1206	-0.000000	134.969192	0.000000	8.5
1207	-0.000000	134.907270	0.000000	14.6
1208	-0.105293	134.845424	0.001842	10.7
1209	-0.000756	134.783653	0.000463	11.6
1210	-0.000000	134.721958	0.000000	9.3
1211	-0.001060	134.660338	0.000448	10.7
1212	-0.000000	134.598793	0.000000	9.2
1213	-0.351742	134.537323	0.002629	9.8
1214	-0.054358	134.475927	0.000886	9.6
1215	-1.103098	134.414607	0.007215	8.7
1216	-1.027573	134.353361	0.004883	9.0
1217	-0.418748	134.292189	0.002624	16.3
1218	-0.253371	134.231092	0.002801	8.7
1219	-0.000000	134.170068	0.000000	10.5
1220	-0.001754	134.109119	0.000388	9.9
1221	-0.066605	134.048243	0.001154	8.6
1222	-0.411491	133.987441	0.003271	15.1
1223	-0.000000	133.926713	0.000000	9.3
1224	-1.059410	133.866057	0.006672	9.1
1225	-0.420422	133.805475	0.003587	9.9
1226	-0.000000	133.744966	0.000000	9.5
1227	-0.769442	133.684530	0.004064	9.0
1228	-0.000000	133.624167	0.000000	9.6
1229	-1.242921	133.563877	0.007297	9.6
1230	-0.261454	133.503658	0.003334	10.0
1231	-0.752836	133.443513	0.004084	9.9
1232	-0.004822	133.383439	0.000500	9.7
1233	-0.000000	133.323437	0.000000	8.3
1234	-0.901890	133.263508	0.007365	10.3
1235	-0.268126	133.203650	0.002446	8.6
1236	-0.836891	133.143864	0.005655	9.6
1237	-1.235676	133.084149	0.006595	9.2
1238	-0.000000	133.024506	0.000000	11.3
1239	-0.675294	132.964934	0.004290	10.1
1240	-0.958556	132.905433	0.006292	9.2
1241	-1.047338	132.846003	0.007926	9.4
1242	-0.010601	132.786643	0.001686	10.1
1243	-0.000000	132.727355	0.000000	8.8
1244	-0.910238	132.668137	0.004667	16.1
1245	-0.000000	132.608989	0.000000	9.3
1246	-0.988381	132.549912	0.007535	7.9
1247	-1.146722	132.490904	0.005840	8.9
1248	-0.150904	132.431967	0.001397	10.3
1249	-0.000000	132.373100	0.000000	8.9
1250	-0.181277	132.314302	0.001472	9.2
1251	-0.924401	132.255574	0.006752	9.4
1252	-1.278493	132.196916	0.007987	8.6
1253	-0.000000	132.138326	0.000000	9.7
1254	-0.000000	132.079806	0.000000	9.3
1255	-0.000000	132.021355	0.000000	13.7
1256	-0.998373	131.962973	0.004676	9.0
1257	-1.284625	131.904660	0.006915	9.8
1258	-0.004363	131.846415	0.000056	8.8
1259	-1.054403	131.788239	0.004261	9.4
1260	-1.034564	131.730131	0.006738	8.9
1261	-0.835635	131.672092	0.003809	8.8
1262	-0.000000	131.614121	0.000000	9.3
1263	-0.005157	131.556217	0.000207	8.4
1264	-1.062477	131.498382	0.005669	9.6
1265	-0.860460	131.440614	0.006933	9.1
1266	-0.000000	131.382914	0.000000	9.4
1267	-0.000000	131.325282	0.000000	10.4
1268	-0.000000	131.267717	0.000000	9.0
1269	-0.667227	131.210219	0.003417	9.7
1270	-0.353536	131.152788	0.005182	10.5
1271	-0.000000	131.095424	0.000000	8.6
1272	-0.000000	131.038127	0.000000	9.7
1273	-0.160046	130.980897	0.001487	9.9
1274	-1.109285	130.923733	0.006645	12.2
1275	-0.349997	130.866636	0.003011	9.9
1276	-0.913688	130.809605	0.003825	9.1
1277	-0.284319	130.752641	0.003401	9.5
1278	-0.062416	130.695742	0.001418	10.0
1279	-0.254243	130.638910	0.003059	9.1
1280	-1.083129	130.582143	0.005360	9.1
1281	-0.000000	130.525442	0.000000	9.3
1282	-0.000629	130.468807	0.000280	9.3
1283	-1.126835	130.412237	0.005607	10.4
1284	-0.089371	130.355733	0.001711	8.6
1285	-0.015847	130.299294	0.001260	11.7
1286	-1.020213	130.242920	0.006215	9.1
1287	-0.127428	130.186611	0.001355	10.0
1288	-1.095086	130.130366	0.006727	10.0
1289	-0.000000	130.074187	0.000000	9.2
1290	-0.136449	130.018072	0.002993	11.2
1291	-0.000000	129.962022	0.000000	11.4
1292	-0.695566	129.906036	0.004931	9.0
1293	-0.031462	129.850114	0.001179	13.9
1294	-0.000000	129.794257	0.000000	9.1
1295	-1.129452	129.738463	0.005130	9.0
1296	-0.600814	129.682734	0.003847	11.3
1297	-1.177336	129.627068	0.006469	10.1
1298	-0.332699	129.571466	0.004465	9.6
1299	-0.206974	129.515927	0.002276	9.9
1300	-0.000000	129.460452	0.000000	9.6
1301	-0.261017	129.405040	0.002044	9.5
1302	-0.555084	129.349692	0.005026	9.7
1303	-0.000000	129.294406	0.000000	8.8
1304	-0.022596	129.239183	0.000914	8.9
1305	-0.000000	129.184024	0.000000	10.9
1306	-0.518790	129.128927	0.004589	10.9
1307	-0.246595	129.073892	0.002053	9.0
1308	-0.729369	129.018921	0.006869	10.9
1309	-0.000000	128.964011	0.000000	8.9
1310	-0.000000	128.909164	0.000000	9.6
1311	-0.158343	128.854379	0.002132	10.3
1312	-0.017691	128.799656	0.000272	10.5
1313	-0.963070	128.744995	0.007061	9.0
1314	-0.000150	128.690396	0.000145	9.9
1315	-0.000000	128.635858	0.000000	9.6
1316	-0.111017	128.581382	0.002683	9.4
1317	-1.146448	128.526968	0.005254	9.4
1318	-0.042654	128.472615	0.000720	10.3
1319	-0.825960	128.418323	0.006335	9.6
1320	-0.559687	128.364092	0.003063	9.5
1321	-0.023678	128.309922	0.000281	9.5
1322	-0.265868	128.255814	0.002146	9.4
1323	-0.000000	128.201766	0.000000	15.1
1324	-0.329568	128.147778	0.002274	9.1
1325	-0.570103	128.093852	0.002637	10.0
1326	-0.000000	128.039985	0.000000	10.2
1327	-0.456323	127.986180	0.003533	8.8
1328	-0.430749	127.932434	0.004769	10.2
1329	-0.000000	127.878749	0.000000	17.7
1330	-0.235482	127.825123	0.002027	11.8
1331	-0.000000	127.771558	0.000000	9.2
1332	-0.705115	127.718052	0.006295	9.5
1333	-0.425995	127.664606	0.003355	10.1
1334	-0.000000	127.611220	0.000000	9.1
1335	-0.000000	127.557893	0.000000	10.1
1336	-0.254695	127.504625	0.003015	8.5
1337	-0.000000	127.451417	0.000000	10.2
1338	-0.821198	127.398268	0.006081	8.3
1339	-0.000000	127.345178	0.000000	9.1
1340	-0.047839	127.292147	0.000385	9.3
1341	-1.152391	127.239175	0.005557	8.4
1342	-0.852220	127.186261	0.005949	9.3
1343	-0.440532	127.133407	0.003156	9.7
1344	-1.003999	127.080610	0.004998	9.3
1345	-0.389088	127.027872	0.003098	9.7
1346	-0.874755	126.975193	0.005970	8.0
1347	-0.000000	126.922572	0.000000	8.3
1348	-1.129936	126.870008	0.005987	9.1
1349	-0.821551	126.817503	0.004312	12.7
1350	-0.121775	126.765056	0.001453	9.5
1351	-0.000079	126.712667	0.000077	8.3
1352	-0.000000	126.660335	0.000000	9.1
1353	-0.001221	126.608061	0.000659	10.3
1354	-0.352874	126.555844	0.002737	10.1
1355	-0.285962	126.503685	0.003303	11.1
1356	-1.163958	126.451583	0.006508	9.2
1357	-0.261139	126.399538	0.002329	9.6
1358	-0.153054	126.347550	0.001600	9.0
1359	-0.273072	126.295619	0.003010	11.8
1360	-0.176848	126.243745	0.002958	9.8
1361	-0.197692	126.191928	0.002027	8.8
1362	-0.756223	126.140168	0.003467	9.3
1363	-1.175537	126.088464	0.006897	8.3
1364	-0.822898	126.036817	0.006957	10.1
1365	-1.036785	125.985226	0.005233	9.1
1366	-1.336138	125.933691	0.009176	9.3
1367	-0.000000	125.882212	0.000000	9.1
1368	-0.850832	125.830790	0.004543	8.5
1369	-0.000000	125.779423	0.000000	8.6
1370	-1.255166	125.728113	0.006898	10.0
1371	-1.412443	125.676858	0.008390	9.7
1372	-0.004540	125.625659	0.000184	9.4
1373	-0.567250	125.574515	0.004220	8.7
1374	-0.141575	125.523427	0.002687	10.5
1375	-0.174460	125.472394	0.002899	9.9
1376	-0.102386	125.421417	0.001525	8.6
1377	-0.001231	125.370495	0.000658	9.0
1378	-0.078498	125.319628	0.001189	9.5
1379	-1.353306	125.268815	0.008253	8.6
1380	-0.000000	125.218058	0.000000	8.8
1381	-0.154874	125.167356	0.002798	9.2
1382	-1.061654	125.116708	0.006461	11.8
1383	-0.000000	125.066115	0.000000	9.8
1384	-0.000000	125.015576	0.000000	12.2
1385	-0.091776	124.965092	0.001265	10.0
1386	-0.636165	124.914662	0.003314	12.0
1387	-1.322326	124.864287	0.010038	9.3
1388	-0.905442	124.813965	0.004330	9.3
1389	-0.000001	124.763698	0.000002	8.2
1390	-0.192412	124.713485	0.002222	8.8
1391	-1.206811	124.663325	0.006132	9.7
1392	-0.033805	124.613219	0.001172	9.0
1393	-0.000000	124.563167	0.000000	10.2
1394	-0.628335	124.513168	0.005789	9.9
1395	-0.000566	124.463223	0.000598	9.1
1396	-0.186666	124.413332	0.002114	10.6
1397	-0.000000	124.363493	0.000000	9.2
1398	-0.156990	124.313708	0.001455	8.9
1399	-0.385906	124.263976	0.002874	10.2
1400	-0.000113	124.214297	0.000058	9.3
1401	-0.226667	124.164671	0.002773	9.2
1402	-0.359514	124.115097	0.002888	9.6
1403	-1.234833	124.065577	0.007851	9.1
1404	-0.038708	124.016109	0.001510	12.0
1405	-0.000000	123.966693	0.000000	8.9
1406	-0.360076	123.917330	0.005632	9.8
1407	-0.913128	123.868020	0.004827	10.1
1408	-0.000000	123.818762	0.000000	8.6
1409	-0.000000	123.769556	0.000000	9.3
1410	-0.048529	123.720402	0.001163	10.8
1411	-0.000000	123.671300	0.000000	8.7
1412	-1.145888	123.622250	0.005209	8.9
1413	-0.135859	123.573252	0.001715	8.8
1414	-1.093378	123.524305	0.004973	8.3
1415	-0.029264	123.475411	0.001154	9.4
1416	-0.443122	123.426568	0.003411	9.1
1417	-1.098039	123.377776	0.005424	8.5
1418	-0.000000	123.329036	0.000000	9.9
1419	-0.000000	123.280347	0.000000	9.4
1420	-0.000000	123.231709	0.000000	12.4
1421	-0.745354	123.183122	0.006367	9.5
1422	-1.113774	123.134587	0.005730	8.7
1423	-0.508879	123.086102	0.003696	9.0
1424	-0.197184	123.037669	0.001719	9.2
1425	-0.859906	122.989286	0.005240	10.6
1426	-0.000000	122.940954	0.000000	9.8
1427	-0.000000	122.892672	0.000000	9.3
1428	-0.000970	122.844441	0.000137	10.0
1429	-1.002193	122.796261	0.004779	11.3
1430	-0.336255	122.748130	0.003054	9.1
1431	-1.175274	122.700050	0.006926	9.6
1432	-0.329981	122.652021	0.002350	9.4
1433	-0.548371	122.604041	0.004323	10.3
1434	-1.087709	122.556111	0.005520	10.3
1435	-0.464006	122.508232	0.003149	9.3
1436	-0.000000	122.460402	0.000000	9.8
1437	-0.000000	122.412622	0.000000	10.3
1438	-0.513266	122.364891	0.004567	9.0
1439	-0.944316	122.317210	0.007771	9.5
1440	-0.983471	122.269579	0.008032	9.1
1441	-0.395359	122.221997	0.003188	9.5
1442	-1.209754	122.174465	0.005985	8.9
1443	-1.161820	122.126981	0.005886	11.3
1444	-0.000000	122.079547	0.000000	9.1
1445	-0.000000	122.032162	0.000000	10.9
1446	-0.000000	121.984826	0.000000	8.7
1447	-1.131079	121.937539	0.009523	9.9
1448	-0.787995	121.890301	0.004287	8.2
1449	-0.402975	121.843112	0.003028	13.8
1450	-0.618111	121.795971	0.003525	8.8
1451	-0.022200	121.748879	0.000709	8.4
1452	-0.000000	121.701835	0.000000	9.4
1453	-0.000001	121.654840	0.000004	10.3
1454	-1.143763	121.607893	0.004551	9.4
1455	-0.134952	121.560994	0.001984	8.4
1456	-0.324388	121.514144	0.001991	10.6
1457	-1.172633	121.467342	0.006059	9.9
1458	-1.032012	121.420588	0.004406	9.9
1459	-0.623064	121.373882	0.003135	12.8
1460	-1.113588	121.327223	0.007230	9.1
1461	-1.040781	121.280613	0.007736	10.1
1462	-0.669432	121.234050	0.004719	9.5
1463	-0.165421	121.187535	0.002930	9.9
1464	-0.015585	121.141067	0.000175	11.3
1465	-0.000000	121.094647	0.000000	9.7
1466	-0.000000	121.048274	0.000000	9.3
1467	-0.725787	121.001949	0.004080	9.9
1468	-0.201445	120.955671	0.001670	9.1
1469	-0.930823	120.909440	0.007866	10.1
1470	-1.145798	120.863256	0.005191	9.2
1471	-1.196315	120.817119	0.007465	9.6
1472	-1.172060	120.771029	0.007375	21.5
1473	-0.473111	120.724986	0.004062	8.8
1474	-0.006932	120.678990	0.000807	8.5
1475	-1.080695	120.633040	0.005284	9.5
1476	-0.000000	120.587137	0.000000	8.7
1477	-0.657983	120.541281	0.003212	9.9
1478	-1.087445	120.495471	0.005934	8.8
1479	-1.063750	120.449707	0.005778	10.3
1480	-0.251794	120.403990	0.004822	9.0
1481	-0.869367	120.358319	0.006681	8.2
1482	-1.136404	120.312694	0.005978	9.3
1483	-0.150389	120.267115	0.001537	8.9
1484	-0.550704	120.221582	0.002565	8.5
1485	-1.144037	120.176096	0.005911	8.9
1486	-0.000000	120.130655	0.000000	9.8
1487	-0.000000	120.085260	0.000000	9.9
1488	-0.022595	120.039910	0.000159	8.7
1489	-0.134313	119.994606	0.002677	8.4
1490	-0.000000	119.949348	0.000000	8.8
1491	-0.000000	119.904135	0.000000	8.9
1492	-0.422017	119.858968	0.003095	10.1
1493	-0.991271	119.813846	0.006449	9.7
1494	-0.946798	119.768769	0.005222	8.9
1495	-0.737174	119.723738	0.004679	11.6
1496	-0.818115	119.678752	0.006595	9.8
1497	-0.040297	119.633810	0.000940	10.8
1498	-0.002955	119.588914	0.000852	9.7
1499	-0.012180	119.544062	0.000610	8.4
1500	-0.031069	119.499256	0.000968	16.0
1501	-1.224292	119.454494	0.006340	9.5
1502	-0.000000	119.409777	0.000000	8.1
1503	-0.604034	119.365104	0.003606	9.6
1504	-0.000000	119.320476	0.000000	10.6
1505	-1.233816	119.275893	0.006634	9.4
1506	-0.994012	119.231353	0.005586	10.3
1507	-0.867491	119.186859	0.005481	10.1
1508	-0.056871	119.142408	0.001639	9.7
1509	-0.224232	119.098002	0.002676	9.5
1510	-0.000000	119.053639	0.000000	8.9
1511	-1.103490	119.009321	0.007875	11.6
1512	-0.022827	118.965047	0.000967	9.1
1513	-0.414933	118.920816	0.002561	10.0
1514	-0.000000	118.876630	0.000000	13.4
1515	-0.000000	118.832487	0.000000	9.7
1516	-0.117506	118.788388	0.002573	9.9
1517	-0.187517	118.744332	0.002532	9.3
1518	-0.000000	118.700320	0.000000	9.2
1519	-0.597401	118.656352	0.004751	11.2
1520	-0.119550	118.612427	0.001420	9.7
1521	-0.898143	118.568545	0.006760	10.1
1522	-0.000000	118.524706	0.000000	9.8
1523	-1.026347	118.480911	0.007825	8.1
1524	-0.000000	118.437159	0.000000	11.1
1525	-1.050847	118.393450	0.004674	8.8
1526	-0.000000	118.349784	0.000000	8.8
1527	-1.067227	118.306160	0.005744	8.6
1528	-1.261040	118.262580	0.006866	8.3
1529	-0.107051	118.219042	0.002140	9.7
1530	-0.000000	118.175548	0.000000	9.0
1531	-0.000000	118.132095	0.000000	8.9
1532	-1.048730	118.088686	0.007848	9.1
1533	-0.000000	118.045319	0.000000	9.1
1534	-1.063475	118.001994	0.005266	17.1
1535	-1.323408	117.958712	0.006077	9.4
1536	-1.110954	117.915472	0.006576	9.1
1537	-1.046947	117.872274	0.005836	9.2
1538	-0.000000	117.829118	0.000000	11.0
1539	-0.000000	117.786005	0.000000	8.6
1540	-0.854526	117.742933	0.005607	10.1
1541	-0.000000	117.699904	0.000000	9.7
1542	-0.000000	117.656916	0.000000	8.4
1543	-1.143119	117.613971	0.009205	8.6
1544	-0.000007	117.571067	0.000006	9.6
1545	-1.054048	117.528205	0.005456	9.3
1546	-0.000000	117.485384	0.000000	10.6
1547	-0.621495	117.442605	0.003607	10.1
1548	-0.218256	117.399867	0.003617	10.3
1549	-0.454813	117.357171	0.002946	9.6
1550	-0.127274	117.314517	0.001590	9.8
1551	-0.000000	117.271903	0.000000	9.3
1552	-0.000000	117.229331	0.000000	9.1
1553	-0.007633	117.186800	0.000891	8.5
1554	-0.764946	117.144311	0.007329	9.0
1555	-1.249578	117.101862	0.006233	8.9
1556	-0.941762	117.059454	0.008281	11.9
1557	-1.149723	117.017087	0.007268	10.1
1558	-0.419056	116.974762	0.002693	9.6
1559	-0.000000	116.932476	0.000000	9.1
1560	-0.000000	116.890232	0.000000	8.5
1561	-0.603709	116.848028	0.004857	10.0
1562	-0.000000	116.805865	0.000000	9.7
1563	-1.264023	116.763743	0.006765	9.1
1564	-0.133156	116.721661	0.003761	10.0
1565	-0.000000	116.679619	0.000000	8.0
1566	-0.003200	116.637618	0.000568	13.5
1567	-0.368995	116.595657	0.004646	9.8
1568	-1.195096	116.553736	0.005754	9.7
1569	-0.000000	116.511855	0.000000	11.9
1570	-0.927346	116.470015	0.005946	9.3
1571	-0.000000	116.428214	0.000000	12.7
1572	-0.794403	116.386454	0.006854	8.1
1573	-0.149367	116.344733	0.001851	8.6
1574	-0.613217	116.303052	0.005822	8.8
1575	-0.038716	116.261412	0.000510	9.9
1576	-0.905408	116.219810	0.003765	9.4
1577	-0.511432	116.178249	0.002945	9.1
1578	-0.000000	116.136727	0.000000	9.4
1579	-0.175905	116.095245	0.002046	11.2
1580	-1.069257	116.053802	0.005738	8.9
1581	-0.000298	116.012398	0.000195	8.9
1582	-0.200103	115.971034	0.002797	9.6
1583	-0.000000	115.929710	0.000000	9.8
1584	-0.241297	115.888424	0.002813	9.5
1585	-0.000000	115.847178	0.000000	13.6
1586	-0.000000	115.805970	0.000000	13.3
1587	-0.000000	115.764802	0.000000	8.8
1588	-1.164804	115.723673	0.007193	10.3
1589	-1.240001	115.682583	0.006457	9.4
1590	-0.000000	115.641532	0.000000	8.8
1591	-0.815722	115.600519	0.003944	10.0
1592	-0.000000	115.559546	0.000000	8.9
1593	-0.792928	115.518610	0.005003	9.2
1594	-0.000000	115.477714	0.000000	9.8
1595	-1.162679	115.436856	0.005947	8.6
1596	-0.949002	115.396037	0.005642	10.0
1597	-0.053576	115.355256	0.000972	9.1
1598	-0.000000	115.314514	0.000000	10.5
1599	-0.880977	115.273810	0.004725	10.9
1600	-0.000000	115.233144	0.000000	9.3
1601	-0.393024	115.192517	0.003145	10.0
1602	-0.000000	115.151927	0.000000	9.5
1603	-0.018230	115.111376	0.001130	8.6
1604	-0.006849	115.070863	0.000730	9.3
1605	-0.000000	115.030388	0.000000	9.0
1606	-0.925533	114.989951	0.004379	9.5
1607	-1.053428	114.949551	0.006633	9.0
1608	-0.533925	114.909190	0.003086	8.4
1609	-0.815228	114.868866	0.005247	9.4
1610	-0.748161	114.828580	0.003921	9.2
1611	-1.214864	114.788332	0.008852	9.3
1612	-0.701025	114.748121	0.003320	9.4
1613	-0.000000	114.707948	0.000000	21.0
1614	-1.129781	114.667812	0.004746	8.6
1615	-0.710631	114.627714	0.003986	8.6
1616	-0.000000	114.587653	0.000000	10.0
1617	-0.975437	114.547629	0.008965	9.2
1618	-0.485145	114.507643	0.004049	9.0
1619	-0.410614	114.467693	0.003259	10.6
1620	-1.006195	114.427781	0.003955	9.3
1621	-0.049958	114.387907	0.001861	10.1
1622	-0.001435	114.348069	0.000223	9.2
1623	-0.880287	114.308268	0.004585	8.5
1624	-0.680142	114.268504	0.003683	8.4
1625	-0.082586	114.228777	0.000809	10.3
1626	-0.000000	114.189086	0.000000	10.1
1627	-0.945325	114.149433	0.004208	8.4
1628	-0.690111	114.109816	0.004800	14.7
1629	-0.000000	114.070235	0.000000	9.1
1630	-0.972956	114.030692	0.007353	9.0
1631	-1.115161	113.991185	0.005753	10.0
1632	-0.856261	113.951714	0.005282	9.6
1633	-0.612631	113.912280	0.003952	8.7
1634	-1.143134	113.872882	0.005518	10.5
1635	-0.116110	113.833521	0.001221	11.2
1636	-0.912570	113.794195	0.006019	9.6
1637	-1.116278	113.754906	0.005026	11.4
1638	-1.009008	113.715653	0.007392	9.5
1639	-0.000000	113.676437	0.000000	9.4
1640	-0.016963	113.637256	0.001264	9.6
1641	-0.218777	113.598111	0.001856	9.7
1642	-0.000000	113.559002	0.000000	9.3
1643	-0.343123	113.519929	0.003862	9.3
1644	-0.000000	113.480892	0.000000	9.6
1645	-0.202409	113.441891	0.002027	9.4
1646	-0.669572	113.402925	0.003972	13.5
1647	-0.318196	113.363995	0.001701	8.7
1648	-0.315011	113.325101	0.002312	9.8
1649	-0.000000	113.286242	0.000000	11.2
1650	-0.029653	113.247419	0.001449	9.5
1651	-0.746362	113.208631	0.004101	8.2
1652	-0.173611	113.169879	0.002793	10.3
1653	-0.000000	113.131162	0.000000	9.4
1654	-0.000000	113.092480	0.000000	8.7
1655	-0.992082	113.053833	0.005634	9.7
1656	-0.862285	113.015222	0.004313	9.3
1657	-0.095920	112.976646	0.002164	9.1
1658	-0.717067	112.938105	0.004022	10.0
1659	-0.009429	112.899599	0.000472	9.9
1660	-0.551684	112.861128	0.005652	15.9
1661	-1.212486	112.822692	0.006824	9.8
1662	-0.000000	112.784291	0.000000	10.1
1663	-0.740173	112.745924	0.003201	11.3
1664	-0.283444	112.707593	0.002260	11.7
1665	-0.003937	112.669296	0.000472	10.2
1666	-1.016453	112.631034	0.004635	9.6
1667	-1.081521	112.592806	0.004096	9.5
1668	-0.000000	112.554613	0.000000	13.0
1669	-0.083202	112.516455	0.001251	9.3
1670	-0.000000	112.478331	0.000000	8.6
1671	-1.098004	112.440241	0.006602	9.2
1672	-0.523276	112.402186	0.003228	8.1
1673	-0.678594	112.364165	0.003627	18.6
1674	-0.000000	112.326179	0.000000	9.2
1675	-0.000000	112.288227	0.000000	9.3
1676	-1.281939	112.250309	0.005870	10.7
1677	-0.780567	112.212425	0.006737	9.1
1678	-0.060916	112.174575	0.001562	8.9
1679	-0.801895	112.136759	0.005003	9.2
1680	-0.000000	112.098977	0.000000	9.8
1681	-1.168168	112.061229	0.005223	8.0
1682	-0.173667	112.023515	0.002507	11.4
1683	-1.075428	111.985834	0.005829	8.8
1684	-1.102596	111.948188	0.007022	8.3
1685	-0.011569	111.910575	0.000152	9.5
1686	-1.141495	111.872996	0.005780	15.2
1687	-0.676430	111.835450	0.004340	8.7
1688	-1.015659	111.797939	0.005608	8.5
1689	-0.537259	111.760460	0.003832	11.0
1690	-1.303990	111.723015	0.007526	9.8
1691	-0.000000	111.685604	0.000000	8.9
1692	-1.190844	111.648226	0.006302	9.7
1693	-0.070308	111.610881	0.001230	10.4
1694	-0.000000	111.573570	0.000000	8.9
1695	-1.119633	111.536292	0.006093	11.3
1696	-1.167546	111.499047	0.005585	9.6
1697	-0.000000	111.461835	0.000000	9.1
1698	-0.000000	111.424656	0.000000	8.1
1699	-0.337711	111.387510	0.002599	10.1
1700	-1.085169	111.350398	0.004623	8.3
1701	-0.000000	111.313318	0.000000	10.9
1702	-0.277127	111.276271	0.003427	9.6
1703	-0.096745	111.239257	0.000920	9.4
1704	-1.182565	111.202276	0.006143	10.0
1705	-0.028985	111.165328	0.002650	13.9
1706	-0.371497	111.128412	0.003313	8.3
1707	-0.803856	111.091529	0.005554	8.6
1708	-0.000000	111.054679	0.000000	9.4
1709	-0.070284	111.017861	0.000832	9.4
1710	-0.508028	110.981076	0.003386	9.7
1711	-0.554435	110.944323	0.003339	9.1
1712	-1.075532	110.907603	0.006663	10.1
1713	-0.085292	110.870915	0.001073	10.0
1714	-0.203327	110.834259	0.003014	7.5
1715	-1.085928	110.797636	0.006634	9.1
1716	-1.128652	110.761045	0.005372	9.8
1717	-0.000000	110.724486	0.000000	8.5
1718	-0.921222	110.687959	0.004656	9.2
1719	-0.000100	110.651465	0.000115	8.8
1720	-0.000000	110.615002	0.000000	10.1
1721	-0.028752	110.578572	0.001405	10.1
1722	-0.775821	110.542173	0.003877	8.9
1723	-0.787336	110.505807	0.006027	10.3
1724	-0.291163	110.469472	0.002498	11.2
1725	-0.000000	110.433169	0.000001	8.6
1726	-0.766905	110.396898	0.004386	10.2
1727	-0.408947	110.360659	0.002951	12.6
1728	-1.059961	110.324451	0.005160	9.5
1729	-0.004648	110.288276	0.000753	10.1
1730	-0.167622	110.252131	0.001027	8.2
1731	-0.006544	110.216019	0.001122	10.1
1732	-0.597693	110.179937	0.003221	10.3
1733	-0.210903	110.143888	0.002600	8.7
1734	-0.000000	110.107869	0.000000	9.7
1735	-0.054331	110.071882	0.001297	9.1
1736	-1.110534	110.035927	0.006848	9.0
1737	-0.548090	110.000003	0.004176	9.7
1738	-0.000000	109.964110	0.000000	9.5
1739	-0.924754	109.928248	0.006303	8.9
1740	-0.000000	109.892417	0.000000	9.4
1741	-0.000000	109.856618	0.000000	9.4
1742	-1.225062	109.820850	0.005349	9.3
1743	-0.094749	109.785112	0.001420	8.6
1744	-0.675544	109.749406	0.004318	9.3
1745	-0.000000	109.713730	0.000000	8.8
1746	-0.000000	109.678086	0.000000	8.7
1747	-0.245332	109.642472	0.003187	10.2
1748	-0.000000	109.606890	0.000000	8.4
1749	-0.000000	109.571337	0.000000	9.4
1750	-0.000000	109.535816	0.000000	12.6
1751	-1.038725	109.500326	0.008202	9.5
1752	-0.000000	109.464866	0.000000	9.0
1753	-1.067093	109.429436	0.005822	9.8
1754	-0.000000	109.394038	0.000000	9.2
1755	-0.078726	109.358669	0.001883	9.6
1756	-0.141571	109.323331	0.001542	12.1
1757	-0.000000	109.288024	0.000000	8.0
1758	-0.000000	109.252747	0.000000	9.7
1759	-0.000000	109.217501	0.000000	10.8
1760	-0.000000	109.182284	0.000000	9.1
1761	-0.896818	109.147098	0.003855	11.1
1762	-0.041673	109.111942	0.000943	8.5
1763	-0.000000	109.076817	0.000000	9.5
1764	-1.121689	109.041721	0.006024	8.6
1765	-1.087349	109.006656	0.004402	9.6
1766	-0.088363	108.971620	0.002518	9.0
1767	-1.114266	108.936615	0.006138	13.4
1768	-0.951300	108.901640	0.007348	10.2
1769	-0.045415	108.866694	0.000804	13.3
1770	-0.000000	108.831779	0.000000	8.8
1771	-1.030927	108.796893	0.005749	9.0
1772	-0.000000	108.762037	0.000000	9.4
1773	-0.063388	108.727211	0.001144	11.6
1774	-0.000068	108.692415	0.000042	9.4
1775	-1.228533	108.657648	0.009980	9.1
1776	-0.925734	108.622911	0.003833	8.9
1777	-0.000000	108.588203	0.000000	12.3
1778	-0.039654	108.553525	0.001356	9.6
1779	-1.247095	108.518877	0.006087	9.8
1780	-0.163103	108.484258	0.002455	15.1
1781	-0.000000	108.449668	0.000000	11.2
1782	-0.557496	108.415108	0.003306	9.9
1783	-0.744922	108.380578	0.003169	8.4
1784	-0.000000	108.346076	0.000000	9.0
1785	-0.007138	108.311604	0.000803	9.8
1786	-0.717230	108.277161	0.003112	8.8
1787	-0.000000	108.242747	0.000000	9.5
1788	-0.878959	108.208363	0.003591	10.3
1789	-0.326247	108.174007	0.003852	10.1
1790	-0.000000	108.139681	0.000000	9.8
1791	-0.000420	108.105383	0.000182	13.8
1792	-0.030087	108.071115	0.001038	10.0
1793	-1.066434	108.036875	0.007079	14.9
1794	-0.008526	108.002665	0.000111	9.1
1795	-0.220963	107.968483	0.002500	8.5
1796	-0.813310	107.934330	0.004707	9.9
1797	-0.994505	107.900206	0.005630	9.6
1798	-0.000000	107.866111	0.000000	11.4
1799	-0.774253	107.832044	0.005792	10.0
1800	-1.255010	107.798007	0.008513	9.9
1801	-0.230321	107.763997	0.002002	9.4
1802	-0.100165	107.730017	0.003013	10.0
1803	-0.000000	107.696065	0.000000	9.5
1804	-0.776067	107.662141	0.003301	9.4
1805	-1.004803	107.628246	0.005700	10.0
1806	-0.004672	107.594379	0.000274	8.7
1807	-1.284579	107.560541	0.006591	9.7
1808	-1.178371	107.526731	0.006671	8.2
1809	-0.019057	107.492949	0.000780	8.8
1810	-0.261642	107.459196	0.002065	11.7
1811	-0.228324	107.425471	0.002125	8.5
1812	-1.294221	107.391774	0.007875	8.8
1813	-0.000000	107.358106	0.000000	10.8
1814	-0.862578	107.324465	0.006238	9.6
1815	-0.937436	107.290853	0.007235	8.6
1816	-0.013036	107.257268	0.001168	8.5
1817	-0.919712	107.223712	0.003922	10.0
1818	-0.275109	107.190184	0.002931	9.8
1819	-0.621605	107.156683	0.003775	9.2
1820	-0.812315	107.123211	0.003161	9.7
1821	-0.000000	107.089766	0.000000	11.0
1822	-0.053414	107.056349	0.001406	9.0
1823	-0.000000	107.022960	0.000000	12.3
1824	-0.242477	106.989599	0.002682	9.2
1825	-0.611902	106.956265	0.003496	9.9
1826	-1.153264	106.922960	0.006197	9.1
1827	-1.046805	106.889681	0.007267	8.6
1828	-0.605307	106.856431	0.004346	9.6
1829	-0.000000	106.823208	0.000000	8.6
1830	-1.072792	106.790012	0.005188	9.9
1831	-1.189808	106.756844	0.006756	8.9
1832	-0.915880	106.723703	0.004798	10.9
1833	-1.207115	106.690590	0.007940	9.3
1834	-0.211973	106.657505	0.001726	9.7
1835	-1.085685	106.624446	0.004155	8.6
1836	-1.138917	106.591415	0.006170	10.7
1837	-0.729763	106.558411	0.003569	12.1
1838	-0.000000	106.525435	0.000000	10.3
1839	-0.669438	106.492485	0.003552	11.7
1840	-0.921768	106.459563	0.006819	8.8
1841	-0.164273	106.426668	0.004181	10.3
1842	-0.576515	106.393800	0.003944	9.6
1843	-0.937248	106.360959	0.006727	10.3
1844	-1.131909	106.328145	0.005182	9.7
1845	-1.172026	106.295358	0.009126	8.4
1846	-1.002320	106.262598	0.005103	9.0
1847	-0.661985	106.229865	0.004016	8.5
1848	-0.000000	106.197158	0.000000	9.1
1849	-1.233483	106.164479	0.006472	10.3
1850	-0.000000	106.131826	0.000000	9.2
1851	-0.000000	106.099201	0.000000	10.1
1852	-0.000000	106.066602	0.000000	10.5
1853	-0.171496	106.034029	0.001978	8.5
1854	-0.659966	106.001483	0.004860	9.3
1855	-0.000000	105.968964	0.000000	10.3
1856	-0.520004	105.936472	0.003996	8.7
1857	-0.000000	105.904006	0.000000	10.1
1858	-0.155565	105.871566	0.001440	8.7
1859	-0.028241	105.839153	0.001530	10.3
1860	-0.000000	105.806767	0.000000	9.0
1861	-0.894248	105.774407	0.003770	9.1
1862	-0.000000	105.742073	0.000000	9.3
1863	-0.009709	105.709766	0.000646	8.7
1864	-0.956493	105.677485	0.007506	9.1
1865	-0.035534	105.645230	0.001107	9.2
1866	-0.000001	105.613001	0.000002	8.8
1867	-1.099302	105.580799	0.006875	9.3
1868	-0.000000	105.548623	0.000000	9.3
1869	-0.197729	105.516473	0.002877	9.9
1870	-0.965685	105.484349	0.007690	9.7
1871	-0.531706	105.452251	0.003209	9.1
1872	-0.338820	105.420179	0.002274	12.5
1873	-1.135334	105.388133	0.005070	10.1
1874	-0.000000	105.356113	0.000000	8.9
1875	-0.000000	105.324119	0.000000	9.6
1876	-1.244242	105.292151	0.008447	9.7
1877	-1.170338	105.260209	0.007169	10.2
1878	-0.695347	105.228293	0.003890	10.3
1879	-0.118948	105.196402	0.002329	9.8
1880	-1.228402	105.164537	0.006196	9.8
1881	-0.274899	105.132698	0.002219	9.7
1882	-0.000000	105.100885	0.000000	9.6
1883	-0.296686	105.069097	0.002394	9.5
1884	-0.762480	105.037335	0.003970	9.5
1885	-0.000000	105.005598	0.000000	9.0
1886	-1.202749	104.973887	0.005669	10.1
1887	-0.006463	104.942202	0.001196	8.8
1888	-0.000000	104.910542	0.000000	8.0
1889	-0.000000	104.878907	0.000000	11.5
1890	-0.004657	104.847298	0.000411	9.8
1891	-0.698066	104.815715	0.004751	8.8
1892	-1.066510	104.784156	0.006011	10.8
1893	-0.000000	104.752623	0.000000	10.0
1894	-0.893355	104.721116	0.007381	11.4
1895	-0.000000	104.689633	0.000000	11.3
1896	-1.086216	104.658176	0.005189	10.0
1897	-0.749957	104.626744	0.003771	8.4
1898	-0.000000	104.595337	0.000000	9.8
1899	-0.156928	104.563955	0.002327	8.4
1900	-1.025512	104.532599	0.005386	9.3
1901	-0.468273	104.501267	0.002639	9.5
1902	-0.917834	104.469960	0.007701	9.1
1903	-0.198419	104.438679	0.001049	8.8
1904	-0.000000	104.407422	0.000000	9.2
1905	-0.344151	104.376191	0.003073	10.6
1906	-0.000000	104.344984	0.000000	10.1
1907	-0.417729	104.313802	0.003796	8.8
1908	-0.000000	104.282645	0.000000	17.2
1909	-1.130405	104.251513	0.005457	9.6
1910	-0.000000	104.220405	0.000000	8.8
1911	-0.249714	104.189323	0.004520	8.8
1912	-0.000000	104.158265	0.000000	9.7
1913	-0.255923	104.127231	0.002421	9.5
1914	-0.056747	104.096222	0.001451	8.5
1915	-1.163108	104.065238	0.005666	9.4
1916	-0.773143	104.034279	0.004513	11.2
1917	-0.000000	104.003344	0.000000	13.2
1918	-0.000000	103.972433	0.000000	9.1
1919	-1.118092	103.941547	0.005778	10.0
1920	-0.388330	103.910686	0.004855	8.9
1921	-0.000000	103.879849	0.000000	10.7
1922	-0.000000	103.849036	0.000000	9.6
1923	-0.545828	103.818248	0.004578	9.9
1924	-0.924966	103.787484	0.004346	10.1
1925	-0.089230	103.756744	0.001359	9.2
1926	-0.069793	103.726029	0.001309	8.9
1927	-1.222897	103.695338	0.004769	9.1
1928	-0.000000	103.664671	0.000000	8.7
1929	-0.000000	103.634028	0.000000	9.8
1930	-0.000000	103.603409	0.000000	10.8
1931	-1.224424	103.572814	0.007274	9.0
1932	-0.132487	103.542244	0.001498	8.4
1933	-0.295161	103.511698	0.002760	10.1
1934	-0.346193	103.481175	0.004021	9.6
1935	-0.935290	103.450677	0.006041	9.0
1936	-0.000000	103.420202	0.000000	10.6
1937	-0.009755	103.389752	0.000457	10.1
1938	-0.000000	103.359325	0.000000	9.1
1939	-1.258314	103.328922	0.008137	9.7
1940	-0.000000	103.298543	0.000000	10.0
1941	-0.000000	103.268188	0.000000	8.7
1942	-1.236180	103.237857	0.007923	9.4
1943	-0.000000	103.207549	0.000000	13.3
1944	-0.000000	103.177265	0.000000	9.6
1945	-0.516743	103.147005	0.003072	9.3
1946	-0.027774	103.116768	0.000654	8.4
1947	-0.000000	103.086556	0.000000	9.5
1948	-0.640321	103.056366	0.003582	9.4
1949	-0.068571	103.026200	0.001436	9.0
1950	-1.048970	102.996058	0.005320	9.6
1951	-0.399282	102.965939	0.003499	11.9
1952	-0.342825	102.935844	0.002786	8.8
1953	-1.164684	102.905772	0.004917	10.8
1954	-0.044353	102.875724	0.001070	8.5
1955	-0.885109	102.845699	0.004985	18.1
1956	-0.143064	102.815697	0.001414	7.9
1957	-0.005011	102.785719	0.000836	8.8
1958	-0.000000	102.755764	0.000000	12.3
1959	-0.832630	102.725832	0.004408	9.0
1960	-0.802974	102.695924	0.004552	11.0
1961	-0.000000	102.666038	0.000000	8.9
1962	-0.217122	102.636176	0.002632	9.9
1963	-0.713019	102.606337	0.003502	10.7
1964	-1.004799	102.576521	0.007276	9.6
1965	-0.000001	102.546728	0.000002	10.3
1966	-1.014051	102.516959	0.005150	11.5
1967	-0.000000	102.487212	0.000000	9.3
1968	-0.002440	102.457488	0.000260	10.0
1969	-0.000000	102.427788	0.000000	9.7
1970	-0.301100	102.398110	0.001881	8.7
1971	-1.244911	102.368455	0.007347	9.4
1972	-0.548509	102.338823	0.003415	9.6
1973	-0.955625	102.309214	0.006304	9.2
1974	-0.000000	102.279628	0.000000	10.0
1975	-1.073081	102.250064	0.005428	8.7
1976	-0.849661	102.220524	0.006333	9.3
1977	-0.301085	102.191006	0.002634	9.3
1978	-1.203864	102.161511	0.005493	9.0
1979	-0.023621	102.132038	0.000862	10.1
1980	-1.037756	102.102588	0.006332	9.9
1981	-0.195618	102.073161	0.001691	9.0
1982	-0.222186	102.043757	0.001622	9.3
1983	-0.101521	102.014375	0.001907	9.7
1984	-0.000000	101.985015	0.000000	9.2
1985	-0.000000	101.955678	0.000000	8.2
1986	-0.602133	101.926364	0.003764	9.8
1987	-0.000000	101.897072	0.000000	11.0
1988	-0.317705	101.867802	0.003531	9.5
1989	-0.000000	101.838555	0.000000	9.4
1990	-0.748997	101.809330	0.003779	10.2
1991	-0.142904	101.780128	0.003706	9.0
1992	-0.100839	101.750948	0.001801	8.8
1993	-1.163425	101.721790	0.005043	8.9
1994	-1.243941	101.692654	0.006419	10.7
1995	-0.086853	101.663541	0.001107	9.5
1996	-0.000000	101.634450	0.000000	8.0
1997	-0.671472	101.605381	0.002681	9.2
1998	-0.931986	101.576335	0.003766	9.3
1999	-0.000000	101.547310	0.000000	8.8
