1:ItNr	2:Metric	3:StepSize	4:||Gradient||	Time[ms]
0	-0.003121	627.201626	0.000648	623.6
1	-1.314916	623.504937	0.019524	10.5
2	-0.000624	619.865785	0.000099	10.2
3	-0.858856	616.282728	0.007725	9.2
4	-0.000000	612.754375	0.000000	9.4
5	-0.275487	609.279381	0.008923	8.4
6	-1.482903	605.856447	0.014091	8.9
7	-0.146191	602.484317	0.002048	11.8
8	-0.578497	599.161779	0.006650	8.3
9	-0.000000	595.887656	0.000000	9.1
10	-0.918440	592.660813	0.011237	10.5
11	-0.554319	589.480151	0.008256	10.6
12	-0.413154	586.344606	0.005709	8.4
13	-1.081135	583.253145	0.021632	10.7
14	-0.021239	580.204771	0.000954	8.9
15	-0.000000	577.198517	0.000000	10.1
16	-1.260470	574.233444	0.026693	9.4
17	-1.035539	571.308645	0.016222	9.5
18	-0.327878	568.423237	0.005894	8.1
19	-1.250043	565.576365	0.015521	8.5
20	-0.000000	562.767201	0.000000	11.2
21	-0.000000	559.994938	0.000000	8.8
22	-1.532386	557.258797	0.018608	11.0
23	-0.349914	554.558018	0.008486	9.0
24	-0.096707	551.891865	0.002394	8.4
25	-1.201594	549.259621	0.016586	8.2
26	-0.000000	546.660592	0.000000	8.6
27	-0.365070	544.094102	0.007015	13.0
28	-0.769432	541.559494	0.007659	8.9
29	-0.033681	539.056129	0.001336	7.2
30	-0.673854	536.583387	0.014045	8.5
31	-1.597055	534.140663	0.018288	9.0
32	-1.370699	531.727370	0.018181	8.5
33	-1.542659	529.342935	0.031638	9.4
34	-0.659806	526.986802	0.010012	8.7
35	-0.366089	524.658430	0.005899	8.9
36	-0.752481	522.357290	0.017722	10.5
37	-0.968799	520.082868	0.019496	9.9
38	-0.016242	517.834665	0.000937	9.6
39	-0.000000	515.612193	0.000000	12.5
40	-0.894039	513.414976	0.011207	10.0
41	-0.529224	511.242551	0.005498	11.2
42	-1.094843	509.094468	0.022786	9.4
43	-0.829480	506.970285	0.008936	10.3
44	-0.991140	504.869574	0.016571	10.0
45	-0.109821	502.791916	0.001748	8.6
46	-0.000000	500.736903	0.000000	9.1
47	-1.120982	498.704137	0.013164	9.8
48	-0.005199	496.693228	0.000454	9.7
49	-0.054229	494.703798	0.001563	8.9
50	-0.415162	492.735476	0.010763	9.7
51	-0.000099	490.787900	0.000036	10.6
52	-1.692618	488.860718	0.028574	9.4
53	-0.412153	486.953585	0.007226	8.5
54	-1.475671	485.066164	0.017320	9.4
55	-1.117333	483.198126	0.018987	9.0
56	-1.530260	481.349149	0.023868	8.6
57	-0.875911	479.518920	0.029821	10.3
58	-0.803968	477.707132	0.007060	23.3
59	-0.000000	475.913485	0.000000	10.7
60	-0.467598	474.137684	0.004748	8.8
61	-1.454969	472.379445	0.024952	9.0
62	-0.182265	470.638485	0.004128	8.8
63	-1.028539	468.914531	0.018814	8.6
64	-1.340271	467.207315	0.020312	9.8
65	-1.232815	465.516573	0.015124	8.8
66	-0.000000	463.842050	0.000000	8.6
67	-0.104038	462.183494	0.003053	10.0
68	-1.440217	460.540658	0.027795	8.7
69	0.000000	458.913303	0.000000	9.0
70	-1.286643	457.301192	0.019193	9.2
71	-1.478770	455.704096	0.036633	10.2
72	-0.000000	454.121787	0.000000	9.7
73	-0.127999	452.554045	0.002597	14.2
74	-0.000000	451.000653	0.000000	13.2
75	-1.503770	449.461399	0.020369	8.6
76	-0.000000	447.936075	0.000000	9.0
77	-0.106726	446.424477	0.002386	9.7
78	-0.039105	444.926406	0.000640	9.5
79	-1.216998	443.441666	0.016430	11.8
80	-1.278251	441.970065	0.020391	13.2
81	-0.000000	440.511415	0.000000	14.1
82	-1.320010	439.065533	0.027129	11.2
83	-0.341680	437.632238	0.007217	15.3
84	-1.531245	436.211351	0.021015	12.2
85	-0.706304	434.802701	0.008512	12.4
86	-0.000000	433.406117	0.000000	13.8
87	-1.466831	432.021430	0.021233	15.0
88	-1.229774	430.648479	0.015680	12.5
89	-0.001468	429.287101	0.000067	8.5
90	-1.376015	427.937140	0.011003	9.1
91	-0.386064	426.598440	0.005137	9.7
92	-0.141887	425.270849	0.003739	9.1
93	-1.363634	423.954220	0.016929	9.0
94	-0.000000	422.648404	0.000000	9.5
95	-0.792461	421.353259	0.009695	9.6
96	-0.250935	420.068643	0.007805	9.0
97	-1.614346	418.794419	0.022551	8.8
98	-0.564820	417.530451	0.005844	9.8
99	-0.011416	416.276604	0.000753	9.1
100	-0.837832	415.032748	0.010565	9.4
101	-0.000000	413.798754	0.000000	10.1
102	-0.727110	412.574495	0.006320	9.4
103	-0.214902	411.359849	0.005014	10.6
104	-0.044876	410.154691	0.001053	12.2
105	-1.553117	408.958904	0.024973	8.8
106	-1.462266	407.772368	0.024954	10.1
107	-1.099703	406.594968	0.017122	9.4
108	-0.170282	405.426590	0.004360	8.4
109	-0.252387	404.267122	0.005793	8.8
110	-0.000000	403.116456	0.000000	9.2
111	-0.000000	401.974481	0.000000	16.4
112	-0.000000	400.841093	0.000000	12.3
113	-0.000000	399.716187	0.000000	8.5
114	-0.676883	398.599660	0.010751	10.1
115	-1.438291	397.491411	0.029096	10.2
116	-0.184126	396.391342	0.005851	8.9
117	-0.146729	395.299353	0.007236	9.2
118	-0.953996	394.215350	0.012550	9.6
119	-0.745988	393.139238	0.008555	10.4
120	-0.930322	392.070924	0.008177	10.9
121	-0.045021	391.010316	0.002008	9.6
122	-1.239869	389.957325	0.024880	9.5
123	-0.026609	388.911862	0.000310	9.5
124	-0.671677	387.873839	0.003264	12.2
125	-0.830178	386.843173	0.011023	12.8
126	-0.717509	385.819777	0.012281	13.6
127	-1.503571	384.803569	0.017662	10.5
128	-1.451720	383.794468	0.009050	10.3
129	-0.950889	382.792393	0.013236	11.2
130	-0.000000	381.797264	0.000000	12.7
131	-0.342894	380.809005	0.005383	11.7
132	-0.000000	379.827537	0.000000	9.5
133	-0.188744	378.852786	0.002312	11.1
134	-1.333456	377.884678	0.022670	8.9
135	-0.062640	376.923138	0.001262	10.5
136	-0.000000	375.968095	0.000000	11.3
137	-0.000000	375.019479	0.000000	16.2
138	-0.000000	374.077218	0.000000	9.8
139	-1.276963	373.141244	0.006462	20.3
140	-0.042697	372.211489	0.001893	9.3
141	-0.045446	371.287887	0.001420	11.1
142	-0.075582	370.370370	0.001119	9.4
143	-1.335223	369.458876	0.010943	14.1
144	-0.000000	368.553338	0.000000	9.1
145	-1.043374	367.653696	0.019237	9.1
146	-0.000000	366.759885	0.000000	8.7
147	-0.000000	365.871846	0.000000	9.9
148	-0.014358	364.989518	0.002844	9.3
149	-0.908953	364.112841	0.031472	9.2
150	-1.385550	363.241757	0.035892	8.7
151	-1.517768	362.376208	0.023913	8.8
152	-0.315978	361.516137	0.004574	8.6
153	-1.216627	360.661488	0.014128	8.5
154	-1.465292	359.812206	0.013139	8.2
155	-1.251438	358.968236	0.012945	9.4
156	-0.976166	358.129524	0.011048	9.8
157	-1.259038	357.296018	0.014218	11.0
158	-0.753769	356.467665	0.010490	9.8
159	-1.419625	355.644414	0.015150	10.2
160	-1.497713	354.826213	0.014320	13.0
161	-1.570344	354.013012	0.031185	9.6
162	-0.071400	353.204763	0.001438	9.6
163	-0.000000	352.401415	0.000000	16.4
164	-0.843451	351.602922	0.018363	13.9
165	-1.297789	350.809235	0.012860	14.7
166	-0.546286	350.020308	0.008528	16.2
167	-1.484741	349.236095	0.022148	15.9
168	-0.023267	348.456550	0.000497	9.2
169	-0.328438	347.681627	0.009352	14.4
170	-0.028988	346.911283	0.002192	13.4
171	-0.000000	346.145474	0.000000	11.4
172	-0.575322	345.384157	0.006813	12.0
173	-0.767073	344.627288	0.007367	10.2
174	-1.075443	343.874826	0.025050	11.4
175	-1.557355	343.126729	0.021825	14.3
176	-1.526853	342.382957	0.022851	14.2
177	-1.372231	341.643469	0.017266	13.8
178	-0.567744	340.908224	0.009033	14.6
179	-0.000011	340.177184	0.000006	12.5
180	-0.000000	339.450309	0.000000	15.1
181	-0.001128	338.727561	0.000241	20.2
182	-1.071468	338.008902	0.025555	8.9
183	-0.022119	337.294295	0.000534	8.9
184	-1.443637	336.583703	0.025851	9.5
185	-0.998845	335.877089	0.014902	20.1
186	-1.586680	335.174416	0.027544	19.6
187	-0.975591	334.475651	0.004783	15.2
188	-0.939412	333.780756	0.017241	9.5
189	-0.849626	333.089698	0.013634	11.4
190	-1.384175	332.402443	0.030192	11.4
191	-0.000000	331.718955	0.000000	8.0
192	-0.356576	331.039203	0.006714	8.7
193	-0.000183	330.363153	0.000046	10.4
194	-0.003146	329.690771	0.000833	13.7
195	-0.492789	329.022027	0.008464	9.0
196	-1.640040	328.356888	0.039832	10.3
197	-0.000000	327.695322	0.000000	9.8
198	-0.007328	327.037299	0.000574	9.1
199	-1.401303	326.382787	0.015699	11.4
200	-1.541906	325.731758	0.033850	11.7
201	-0.121452	325.084179	0.002690	8.4
202	-0.661707	324.440023	0.007221	8.4
203	-0.274903	323.799258	0.006795	13.6
204	-0.314382	323.161858	0.005704	8.1
205	-0.239065	322.527792	0.004881	8.6
206	-0.189106	321.897034	0.006580	10.9
207	-0.014288	321.269554	0.000279	16.9
208	-1.639461	320.645325	0.018407	17.1
209	-1.205606	320.024320	0.024057	12.4
210	-0.762136	319.406512	0.007281	19.9
211	-0.920659	318.791875	0.013213	10.8
212	-0.566704	318.180381	0.005869	12.3
213	-1.328566	317.572005	0.010346	12.0
214	-0.000000	316.966721	0.000000	13.7
215	-0.000000	316.364504	0.000000	8.5
216	-0.000000	315.765329	0.000000	13.7
217	-0.165865	315.169170	0.003493	18.9
218	-0.000000	314.576003	0.000000	17.5
219	-0.330198	313.985804	0.008959	11.0
220	-0.816643	313.398548	0.014377	23.0
221	-1.033057	312.814213	0.019397	16.1
222	-0.000019	312.232773	0.000008	13.5
223	-1.519360	311.654207	0.012339	23.1
224	-1.057856	311.078491	0.017484	13.5
225	-0.000000	310.505602	0.000000	9.5
226	-0.024190	309.935518	0.001149	11.3
227	-0.000000	309.368217	0.000000	18.9
228	-1.652755	308.803676	0.027587	8.7
229	-1.050492	308.241874	0.021174	12.7
230	-1.120731	307.682789	0.009401	11.4
231	0.000000	307.126400	0.000000	10.5
232	-0.609750	306.572687	0.011149	9.1
233	-0.819941	306.021627	0.019228	11.6
234	-0.000000	305.473201	0.000000	9.4
235	-0.088635	304.927388	0.000866	9.1
236	-1.628216	304.384168	0.022941	10.2
237	-0.944703	303.843521	0.012470	8.3
238	-0.000000	303.305427	0.000000	8.7
239	-0.029308	302.769867	0.003765	8.1
240	-0.000000	302.236821	0.000000	8.8
241	-0.000789	301.706270	0.000185	8.5
242	-1.228848	301.178196	0.010205	8.6
243	-1.507545	300.652580	0.023791	9.5
244	-0.132658	300.129402	0.002573	8.9
245	-1.606288	299.608645	0.024573	11.8
246	-0.474228	299.090291	0.009775	18.0
247	-0.467743	298.574321	0.008906	8.9
248	-0.429277	298.060718	0.006189	10.1
249	-0.000000	297.549465	0.000000	8.6
250	-0.727402	297.040543	0.005026	9.3
251	-1.321244	296.533936	0.019837	9.4
252	-0.000212	296.029626	0.000083	8.8
253	-1.688701	295.527597	0.018638	8.7
254	-0.000000	295.027832	0.000000	8.9
255	-0.558232	294.530315	0.008229	9.0
256	-1.008115	294.035028	0.015754	8.0
257	-1.567235	293.541956	0.021049	9.0
258	-1.219413	293.051083	0.025189	15.0
259	-1.698978	292.562393	0.018747	8.7
260	-0.000000	292.075870	0.000000	8.9
261	-0.477160	291.591498	0.008972	11.3
262	-0.200071	291.109263	0.006286	9.7
263	-1.088286	290.629149	0.012776	13.6
264	-1.059200	290.151140	0.016480	18.1
265	-1.014177	289.675222	0.020571	16.5
266	-1.382357	289.201380	0.016744	14.7
267	-0.642440	288.729600	0.009106	16.2
268	-0.000106	288.259866	0.000030	11.6
269	-0.887222	287.792165	0.012547	9.1
270	-0.000000	287.326481	0.000000	9.5
271	-0.045776	286.862802	0.001911	13.3
272	-0.000453	286.401113	0.000125	13.4
273	-1.367220	285.941400	0.009529	8.6
274	-1.360885	285.483649	0.014420	16.0
275	-0.032336	285.027847	0.000738	11.5
276	-1.616988	284.573981	0.014482	11.3
277	-1.404300	284.122037	0.010383	12.1
278	-0.695436	283.672002	0.012194	10.6
279	-0.028650	283.223863	0.001216	11.0
280	-1.528612	282.777607	0.015778	12.6
281	-0.000000	282.333221	0.000000	8.8
282	-0.028465	281.890692	0.001225	9.1
283	-0.166193	281.450008	0.004094	10.9
284	-1.142179	281.011157	0.009992	12.5
285	-1.229805	280.574125	0.009696	10.7
286	-1.290164	280.138901	0.012442	11.2
287	-0.886273	279.705473	0.013076	17.6
288	-1.516791	279.273829	0.039889	11.7
289	-1.423065	278.843956	0.023292	9.1
290	-1.318932	278.415844	0.016479	10.5
291	-0.000000	277.989479	0.000000	9.4
292	-1.278724	277.564851	0.012422	9.5
293	-1.320414	277.141949	0.016039	11.5
294	-1.256727	276.720761	0.014493	12.4
295	-1.355263	276.301275	0.020540	10.7
296	-0.000000	275.883480	0.000000	9.9
297	-1.277533	275.467366	0.027179	10.5
298	-0.174115	275.052922	0.002764	9.0
299	-1.400030	274.640136	0.011934	9.5
300	-0.000385	274.228998	0.000070	11.0
301	-0.689369	273.819497	0.008888	8.9
302	-1.305870	273.411623	0.011376	10.2
303	-0.015989	273.005365	0.000545	9.4
304	-0.000000	272.600712	0.000000	9.3
305	-0.000000	272.197655	0.000000	9.8
306	-0.000000	271.796184	0.000000	11.2
307	-0.000000	271.396287	0.000000	9.5
308	-0.000000	270.997956	0.000000	9.7
309	-0.000000	270.601180	0.000000	10.6
310	-0.122226	270.205949	0.003766	10.3
311	-0.808115	269.812254	0.007732	9.7
312	-0.675651	269.420085	0.004935	9.3
313	-1.229140	269.029432	0.018351	8.7
314	-0.000000	268.640287	0.000000	9.1
315	-1.418284	268.252638	0.018441	10.0
316	-0.000000	267.866478	0.000000	13.9
317	-0.000000	267.481796	0.000000	9.1
318	-1.510162	267.098584	0.027245	9.7
319	-1.021266	266.716833	0.016383	9.2
320	-0.000000	266.336533	0.000000	10.0
321	-0.000053	265.957676	0.000026	9.9
322	-1.133407	265.580253	0.025324	8.7
323	-0.000178	265.204254	0.000051	10.3
324	-1.541876	264.829672	0.011423	9.8
325	-1.171498	264.456497	0.005312	15.8
326	-1.441305	264.084721	0.005787	10.5
327	-1.135241	263.714335	0.017712	9.0
328	-0.368661	263.345332	0.003950	19.2
329	-0.211752	262.977702	0.003481	13.1
330	-0.948806	262.611438	0.009325	13.3
331	-1.557150	262.246531	0.010289	8.6
332	-0.845775	261.882973	0.014185	8.8
333	-1.630627	261.520756	0.014503	9.7
334	-0.691469	261.159871	0.010525	13.2
335	-0.000000	260.800312	0.000000	10.2
336	-1.181226	260.442070	0.010492	7.3
337	-1.698407	260.085137	0.016513	8.9
338	-0.000000	259.729505	0.000000	11.5
339	-0.442002	259.375167	0.006035	11.7
340	-0.000000	259.022116	0.000000	11.9
341	-0.153928	258.670343	0.004981	11.6
342	-1.661634	258.319841	0.014714	9.5
343	-1.592479	257.970602	0.015341	10.5
344	-1.512401	257.622620	0.019010	10.7
345	-0.075994	257.275887	0.002010	20.1
346	-1.418465	256.930396	0.010425	11.3
347	-1.460035	256.586139	0.015188	24.9
348	-0.000000	256.243109	0.000000	10.1
349	-0.844546	255.901300	0.005126	9.4
350	-1.043745	255.560703	0.009244	12.7
351	-0.852410	255.221313	0.021753	16.4
352	-1.477485	254.883122	0.014171	17.1
353	-0.551903	254.546124	0.010422	9.9
354	-0.245082	254.210311	0.005527	10.3
355	-1.184882	253.875677	0.015540	9.7
356	-0.000000	253.542215	0.000000	11.0
357	-1.027829	253.209918	0.015544	20.3
358	-0.014454	252.878781	0.000708	31.6
359	-0.533156	252.548795	0.007017	9.9
360	-0.025226	252.219956	0.001640	15.0
361	-0.000092	251.892255	0.000035	16.1
362	-1.292714	251.565688	0.011379	16.0
363	-1.610446	251.240247	0.020515	26.5
364	-0.272983	250.915926	0.002397	18.9
365	-1.050761	250.592720	0.015078	14.5
366	-0.494983	250.270621	0.005490	18.4
367	-1.685155	249.949624	0.018844	15.7
368	-1.108181	249.629723	0.006105	16.3
369	-0.683836	249.310911	0.013857	14.5
370	-1.572237	248.993182	0.018628	16.2
371	-1.338083	248.676531	0.010184	13.3
372	-0.000000	248.360952	0.000000	11.3
373	-0.151815	248.046438	0.005055	12.8
374	-0.274187	247.732984	0.005301	13.8
375	-0.669072	247.420584	0.004984	19.2
376	-1.439472	247.109233	0.009137	12.1
377	-0.000000	246.798924	0.000000	14.8
378	-0.000000	246.489652	0.000000	9.6
379	-0.001791	246.181412	0.000077	13.1
380	-0.036720	245.874197	0.001771	9.7
381	-0.598390	245.568002	0.010672	11.6
382	-1.530909	245.262822	0.009280	9.2
383	-0.079703	244.958652	0.001038	11.6
384	-0.091005	244.655485	0.002214	9.7
385	-0.057189	244.353317	0.001909	9.6
386	-0.000000	244.052142	0.000000	26.8
387	-0.141632	243.751955	0.001541	26.9
388	-0.001760	243.452750	0.000300	28.3
389	-0.000005	243.154523	0.000003	20.6
390	-1.669160	242.857268	0.019842	35.5
391	-1.215723	242.560980	0.017986	41.8
392	-0.112201	242.265654	0.003115	29.3
393	-1.026833	241.971285	0.016654	17.7
394	-0.855650	241.677868	0.009359	8.3
395	-1.239300	241.385397	0.013852	11.8
396	-1.508712	241.093869	0.012561	16.5
397	0.000000	240.803278	0.000000	13.5
398	-0.682122	240.513619	0.009588	8.2
399	-0.644776	240.224887	0.010933	13.2
400	-1.444545	239.937077	0.020955	18.1
401	-0.180775	239.650186	0.004731	10.0
402	-1.277945	239.364207	0.011137	17.1
403	-0.331985	239.079136	0.003822	14.1
404	-1.475702	238.794969	0.012254	11.1
405	-1.626464	238.511701	0.014651	15.7
406	-0.000000	238.229327	0.000000	18.1
407	-0.000000	237.947843	0.000000	27.2
408	-0.516914	237.667244	0.006934	15.3
409	-0.000010	237.387526	0.000004	18.1
410	-0.701175	237.108684	0.012738	12.1
411	-0.932472	236.830714	0.014041	25.3
412	-0.000658	236.553610	0.000052	46.0
413	-1.369742	236.277370	0.014285	14.5
414	-1.602279	236.001989	0.010278	18.1
415	-0.114395	235.727461	0.003756	10.8
416	-1.427098	235.453784	0.014421	12.7
417	-0.000000	235.180952	0.000000	23.7
418	-0.000000	234.908962	0.000000	15.4
419	-0.020982	234.637809	0.002599	13.6
420	-0.860536	234.367488	0.015090	14.1
421	-0.876495	234.097997	0.007445	10.2
422	0.000000	233.829331	0.000000	9.4
423	-0.000000	233.561485	0.000000	12.3
424	-0.079490	233.294456	0.002282	11.5
425	-1.209603	233.028239	0.008414	12.6
426	-0.007597	232.762831	0.000283	11.6
427	-1.716908	232.498228	0.010685	11.1
428	-1.622462	232.234425	0.020376	9.5
429	-0.169573	231.971419	0.001512	9.2
430	-1.690199	231.709205	0.014787	9.0
431	-0.889063	231.447781	0.009455	12.0
432	-1.238412	231.187141	0.013749	8.5
433	-0.000000	230.927283	0.000000	8.9
434	-0.846045	230.668202	0.007660	8.3
435	-0.991979	230.409895	0.011930	10.1
436	-1.156017	230.152358	0.011032	11.0
437	-0.771071	229.895587	0.011933	10.8
438	-1.169375	229.639578	0.024544	9.3
439	-0.072361	229.384329	0.001707	9.3
440	-1.252398	229.129834	0.007529	13.2
441	-0.000000	228.876091	0.000000	10.2
442	-1.078980	228.623096	0.005808	11.8
443	-1.318556	228.370846	0.020292	9.2
444	-1.451981	228.119336	0.018811	10.3
445	-0.000227	227.868563	0.000094	9.8
446	-1.000918	227.618525	0.013020	9.3
447	-0.316212	227.369216	0.003803	10.6
448	-0.000005	227.120635	0.000003	10.4
449	-0.555126	226.872777	0.005847	8.7
450	-0.000000	226.625638	0.000000	14.9
451	-1.364867	226.379217	0.014514	10.5
452	-0.027769	226.133509	0.000906	10.7
453	-0.000000	225.888510	0.000000	10.0
454	-0.358405	225.644218	0.009001	11.7
455	-1.673484	225.400630	0.016253	9.5
456	-0.000835	225.157741	0.000191	9.5
457	-1.577802	224.915549	0.017677	10.1
458	-0.000000	224.674051	0.000000	9.7
459	-0.063666	224.433242	0.000646	9.1
460	-0.004587	224.193121	0.000905	9.7
461	-0.267126	223.953684	0.007140	11.0
462	-1.667324	223.714927	0.021843	13.0
463	-0.154953	223.476848	0.003323	14.7
464	-0.180837	223.239444	0.002171	10.5
465	-1.023635	223.002710	0.012140	11.5
466	-0.188750	222.766645	0.002488	8.0
467	-0.523323	222.531245	0.006964	11.6
468	-1.167626	222.296508	0.033509	12.8
469	-0.714318	222.062429	0.005939	9.3
470	-0.632678	221.829007	0.009008	10.5
471	-0.950978	221.596238	0.016697	11.3
472	-1.707083	221.364119	0.029526	12.9
473	-0.840538	221.132647	0.020263	7.9
474	-1.729817	220.901820	0.026949	8.9
475	-0.450726	220.671634	0.007638	9.9
476	-0.935815	220.442086	0.009275	10.0
477	-0.159216	220.213174	0.002895	15.6
478	-0.018757	219.984895	0.001454	12.0
479	-0.000000	219.757246	0.000000	10.0
480	-1.313619	219.530224	0.008786	10.0
481	-0.354124	219.303826	0.002558	11.2
482	-0.227335	219.078050	0.004058	11.2
483	-0.631534	218.852893	0.004209	8.6
484	-0.036577	218.628352	0.000502	12.0
485	-1.130986	218.404424	0.011852	11.2
486	-0.067492	218.181106	0.001874	9.7
487	-1.228456	217.958397	0.018847	10.6
488	-1.592186	217.736292	0.012951	10.1
489	-0.381934	217.514790	0.004221	9.2
490	-0.087934	217.293888	0.001474	20.8
491	-0.098687	217.073584	0.002317	9.0
492	-0.000000	216.853873	0.000000	26.0
493	-0.395327	216.634755	0.007176	10.3
494	-0.000005	216.416227	0.000002	68.3
495	-0.929776	216.198285	0.017807	38.8
496	-1.324049	215.980927	0.015570	14.6
497	-1.051700	215.764151	0.013158	14.5
498	-0.000000	215.547955	0.000000	15.9
499	-1.100465	215.332335	0.012984	10.2
500	-0.889022	215.117289	0.012137	13.0
501	-0.026030	214.902815	0.000534	13.3
502	-0.037863	214.688911	0.001170	11.4
503	-1.161436	214.475573	0.005637	8.8
504	-0.152188	214.262800	0.003030	10.2
505	-1.435395	214.050588	0.010480	10.3
506	-0.301281	213.838936	0.004775	8.2
507	-0.000000	213.627842	0.000000	8.9
508	-0.000000	213.417302	0.000000	13.2
509	-1.299682	213.207314	0.009582	8.8
510	-1.097371	212.997877	0.022794	11.6
511	-0.781263	212.788987	0.010724	10.7
512	-1.506128	212.580642	0.010175	9.4
513	-1.646545	212.372841	0.016699	13.2
514	-0.000000	212.165581	0.000000	9.0
515	-0.895726	211.958859	0.008531	8.9
516	-1.199538	211.752673	0.010569	8.6
517	-0.016555	211.547021	0.000607	8.7
518	-1.595287	211.341902	0.019981	8.3
519	-1.606621	211.137311	0.017668	10.2
520	-0.000000	210.933248	0.000000	9.6
521	-0.017094	210.729710	0.002350	14.4
522	-1.301651	210.526695	0.011266	8.8
523	-0.939610	210.324200	0.015591	10.2
524	-1.298971	210.122224	0.019324	11.7
525	-0.000000	209.920765	0.000000	14.3
526	-0.161182	209.719820	0.004955	16.4
527	-0.740555	209.519387	0.009815	13.4
528	-1.384218	209.319463	0.018153	13.3
529	-0.637915	209.120048	0.003902	11.9
530	-1.388004	208.921139	0.014714	15.7
531	-0.229206	208.722733	0.002032	15.3
532	-0.000000	208.524829	0.000000	18.3
533	-1.291992	208.327425	0.018459	14.3
534	-0.224544	208.130518	0.003538	16.5
535	-0.133270	207.934107	0.001884	13.9
536	-1.214610	207.738189	0.008689	12.5
537	-0.000000	207.542762	0.000000	11.4
538	-0.752475	207.347825	0.009733	17.3
539	-0.103041	207.153376	0.002665	16.1
540	-0.000000	206.959412	0.000000	10.6
541	-1.438344	206.765932	0.013399	17.7
542	-0.098922	206.572933	0.001856	21.0
543	-0.000000	206.380414	0.000000	17.9
544	-0.000000	206.188373	0.000000	12.3
545	-0.018534	205.996807	0.000981	17.6
546	-1.293874	205.805716	0.013263	16.8
547	-0.172776	205.615096	0.003273	16.5
548	-0.000001	205.424946	0.000000	18.0
549	-0.704317	205.235265	0.001878	14.3
550	-1.332074	205.046050	0.021924	14.0
551	-0.088313	204.857299	0.001298	10.0
552	-0.800493	204.669011	0.014785	14.9
553	-1.681092	204.481184	0.012454	12.9
554	-0.018855	204.293816	0.000679	10.1
555	-0.004717	204.106905	0.000787	11.3
556	-0.876573	203.920449	0.006491	10.7
557	-1.450101	203.734447	0.026239	8.6
558	-0.773165	203.548896	0.013111	10.0
559	-0.000000	203.363795	0.000000	14.7
560	-0.672247	203.179143	0.004720	13.6
561	-1.097766	202.994937	0.007215	11.8
562	-1.161560	202.811176	0.008081	12.0
563	-1.178530	202.627857	0.013604	10.0
564	-0.000003	202.444980	0.000001	11.5
565	-1.582353	202.262543	0.016660	12.2
566	-1.264337	202.080543	0.010819	14.9
567	-1.565998	201.898979	0.012701	11.0
568	-0.109577	201.717849	0.003300	9.9
569	-0.003111	201.537153	0.000239	9.5
570	-1.674488	201.356887	0.013830	8.7
571	-0.000010	201.177050	0.000004	9.6
572	-1.575718	200.997642	0.012361	10.6
573	-0.000000	200.818659	0.000000	9.8
574	-1.725833	200.640100	0.014465	12.2
575	-1.512254	200.461965	0.021132	22.9
576	-0.998024	200.284250	0.016193	11.8
577	-0.000000	200.106955	0.000000	9.0
578	-0.904933	199.930078	0.011289	9.0
579	-0.036128	199.753617	0.001940	10.1
580	-0.220705	199.577571	0.003627	9.2
581	-0.000000	199.401938	0.000000	9.2
582	-0.370072	199.226717	0.006152	11.0
583	-0.350979	199.051905	0.006812	9.6
584	-0.037199	198.877502	0.001387	11.4
585	-0.000000	198.703506	0.000000	11.0
586	-0.046730	198.529916	0.001559	10.5
587	-0.020304	198.356729	0.000779	12.9
588	-0.877559	198.183944	0.009101	9.7
589	-1.305457	198.011560	0.012359	11.1
590	-1.566575	197.839576	0.010779	9.0
591	-0.000000	197.667989	0.000000	10.2
592	-0.000000	197.496798	0.000000	9.8
593	-0.247186	197.326002	0.003382	9.0
594	-1.401627	197.155600	0.012584	10.1
595	-0.000000	196.985589	0.000000	9.6
596	-0.162750	196.815969	0.002437	9.0
597	-0.204456	196.646738	0.003747	9.3
598	-0.165295	196.477894	0.004139	9.2
599	-0.279044	196.309436	0.004815	9.4
600	-1.474414	196.141363	0.014760	9.9
601	-0.177668	195.973673	0.003785	9.1
602	-0.028810	195.806365	0.001145	9.4
603	-1.238671	195.639437	0.013530	10.3
604	-0.268122	195.472888	0.005678	11.5
605	-1.215917	195.306717	0.026475	10.1
606	-1.614745	195.140922	0.014284	9.2
607	-1.136499	194.975501	0.012503	14.2
608	-1.348954	194.810454	0.009835	15.4
609	-0.003558	194.645779	0.000465	28.4
610	-1.642156	194.481475	0.014554	29.1
611	-0.000000	194.317540	0.000000	43.4
612	-0.006681	194.153973	0.000324	32.7
613	-0.193666	193.990773	0.003770	20.0
614	-1.690499	193.827938	0.016710	11.1
615	-1.610007	193.665467	0.009829	25.1
616	-0.149074	193.503358	0.003009	15.8
617	-0.928581	193.341611	0.019418	13.0
618	-0.202694	193.180224	0.001695	11.6
619	-0.136383	193.019196	0.002773	18.9
620	-1.295350	192.858525	0.010645	10.3
621	-1.638466	192.698210	0.021645	9.2
622	-1.539311	192.538251	0.012241	10.5
623	-1.479423	192.378644	0.011220	11.4
624	-1.507727	192.219391	0.014040	9.5
625	-0.002117	192.060488	0.000219	11.8
626	-1.167563	191.901935	0.011227	12.8
627	-0.016027	191.743730	0.000640	12.4
628	-0.119324	191.585873	0.002820	10.5
629	-0.507036	191.428362	0.010473	12.1
630	-1.166359	191.271196	0.010619	10.8
631	-0.421460	191.114374	0.002974	14.6
632	-1.601111	190.957893	0.023207	9.5
633	-1.673100	190.801755	0.019236	10.9
634	-1.385917	190.645956	0.017197	9.5
635	-0.123883	190.490495	0.002002	13.6
636	-1.765000	190.335373	0.010884	12.8
637	-1.610312	190.180587	0.016871	13.1
638	-0.009935	190.026136	0.000374	20.1
639	-0.000000	189.872019	0.000000	14.6
640	-1.512971	189.718235	0.033954	12.7
641	-0.000000	189.564782	0.000000	15.2
642	-1.421349	189.411661	0.026480	10.8
643	-1.172287	189.258868	0.011510	19.3
644	-1.369866	189.106404	0.007926	14.6
645	-0.581036	188.954267	0.006856	11.3
646	-0.000000	188.802456	0.000000	14.5
647	-1.615545	188.650969	0.033290	11.2
648	-0.275596	188.499807	0.004291	12.9
649	-0.152264	188.348967	0.003374	9.4
650	-0.000000	188.198448	0.000000	11.4
651	-0.213637	188.048250	0.002133	9.9
652	-1.519881	187.898371	0.016942	13.1
653	-0.205654	187.748810	0.005121	12.2
654	-0.000000	187.599566	0.000000	12.2
655	-0.000000	187.450638	0.000000	13.4
656	-0.667804	187.302025	0.005941	11.5
657	-0.104795	187.153725	0.002534	9.9
658	-0.346990	187.005739	0.005435	13.8
659	-1.411175	186.858064	0.011497	16.1
660	-0.867863	186.710699	0.009621	11.1
661	-0.755914	186.563645	0.005171	11.3
662	-0.068547	186.416898	0.003639	10.8
663	-0.113491	186.270459	0.002333	14.5
664	-0.000000	186.124326	0.000000	10.6
665	-1.445498	185.978499	0.016128	9.2
666	-0.366310	185.832976	0.004967	10.9
667	-0.263436	185.687756	0.003939	13.1
668	-1.600418	185.542838	0.015187	11.1
669	-1.723122	185.398222	0.021598	13.3
670	-1.273989	185.253906	0.013047	12.2
671	-0.161790	185.109889	0.003357	16.0
672	-1.091551	184.966170	0.013860	14.1
673	-0.000116	184.822748	0.000039	10.9
674	-0.680605	184.679623	0.010236	8.8
675	-0.000025	184.536792	0.000013	12.4
676	-0.000000	184.394256	0.000000	9.6
677	-0.035574	184.252013	0.000367	10.2
678	-1.575073	184.110062	0.012644	11.2
679	-1.613129	183.968403	0.015987	11.4
680	-0.027659	183.827034	0.001335	9.7
681	-0.948009	183.685954	0.009040	12.1
682	-0.000000	183.545163	0.000000	9.6
683	-1.128435	183.404658	0.009662	13.2
684	-0.620684	183.264441	0.008096	11.1
685	-1.515505	183.124509	0.013724	9.8
686	-1.204489	182.984861	0.014922	10.7
687	-0.005159	182.845497	0.000355	15.7
688	-1.313717	182.706416	0.027210	9.2
689	-1.019844	182.567616	0.021601	8.5
690	-1.280033	182.429098	0.024302	9.3
691	-1.193628	182.290859	0.013676	10.9
692	-1.521728	182.152899	0.018575	8.8
693	-0.000000	182.015217	0.000000	10.6
694	-1.385163	181.877813	0.017640	9.5
695	-0.000008	181.740684	0.000004	10.2
696	-0.000000	181.603832	0.000000	13.8
697	-0.010187	181.467253	0.001615	12.3
698	-0.000000	181.330948	0.000000	9.1
699	-1.175490	181.194916	0.012156	10.0
700	-0.067843	181.059155	0.000901	10.2
701	-0.000000	180.923666	0.000000	11.1
702	-0.001881	180.788446	0.000242	12.0
703	-1.632596	180.653496	0.010108	9.9
704	-1.268977	180.518814	0.012603	11.1
705	-0.000876	180.384399	0.000169	8.6
706	-1.302316	180.250251	0.015450	9.5
707	-0.484643	180.116369	0.004022	11.7
708	-0.000000	179.982752	0.000000	8.9
709	-1.465916	179.849398	0.012206	11.2
710	-0.275644	179.716308	0.003722	10.7
711	-0.041854	179.583480	0.001082	9.7
712	-0.366488	179.450913	0.004938	11.6
713	-0.000000	179.318607	0.000000	10.0
714	-0.000000	179.186561	0.000000	9.6
715	-0.559953	179.054774	0.011413	9.4
716	-0.549962	178.923245	0.010427	10.4
717	-0.335493	178.791973	0.004439	10.6
718	-0.693063	178.660958	0.004671	14.5
719	-0.343799	178.530199	0.005497	11.0
720	-1.654270	178.399694	0.017884	13.4
721	-1.778591	178.269444	0.013317	9.7
722	-0.150558	178.139447	0.002746	8.9
723	-0.006613	178.009702	0.000303	10.8
724	-0.422870	177.880209	0.003881	8.5
725	-1.706093	177.750967	0.013802	13.8
726	-1.425633	177.621975	0.021933	13.0
727	-0.000000	177.493232	0.000000	14.1
728	-1.503559	177.364738	0.017240	17.8
729	-0.305844	177.236492	0.002997	13.6
730	-1.022394	177.108492	0.008332	10.8
731	-0.955966	176.980739	0.006099	12.1
732	-1.586461	176.853231	0.009526	12.4
733	-0.000000	176.725968	0.000000	10.0
734	-0.668712	176.598949	0.013838	9.0
735	-1.630107	176.472173	0.016973	10.5
736	-0.761245	176.345639	0.012166	10.3
737	-0.091757	176.219348	0.000958	8.8
738	-0.161204	176.093296	0.002064	11.0
739	-0.000000	175.967486	0.000000	10.5
740	-1.095814	175.841914	0.014171	10.5
741	-1.326769	175.716581	0.010721	9.0
742	-1.607435	175.591486	0.012326	11.2
743	-1.720653	175.466629	0.035409	9.5
744	-0.357384	175.342008	0.005548	10.5
745	-0.525945	175.217622	0.005393	10.7
746	-0.040273	175.093472	0.001192	10.5
747	-1.524891	174.969556	0.024539	11.3
748	-1.498489	174.845873	0.017225	11.3
749	-0.000000	174.722423	0.000000	10.0
750	-1.629158	174.599206	0.014195	10.3
751	-0.001090	174.476220	0.000195	10.8
752	-1.071171	174.353464	0.012401	10.7
753	-1.491897	174.230939	0.007808	8.9
754	-0.627976	174.108643	0.006074	9.9
755	-1.693924	173.986576	0.010412	9.5
756	-0.002231	173.864737	0.000214	9.2
757	-1.077357	173.743124	0.021633	9.3
758	-0.013835	173.621739	0.000547	8.2
759	-0.080248	173.500579	0.001873	11.7
760	-0.863138	173.379645	0.012978	11.0
761	-1.472431	173.258935	0.011118	10.6
762	-1.102741	173.138449	0.016237	9.3
763	-0.279936	173.018186	0.004099	9.6
764	-0.140386	172.898146	0.001489	14.2
765	-0.000000	172.778327	0.000000	10.4
766	-0.147402	172.658730	0.002820	10.5
767	-1.327937	172.539353	0.009908	12.2
768	-0.000015	172.420196	0.000007	12.1
769	-1.323565	172.301258	0.035017	9.1
770	-0.786082	172.182539	0.015414	11.0
771	-1.773533	172.064037	0.028520	13.5
772	-0.005564	171.945753	0.000449	9.5
773	-0.535531	171.827686	0.005213	15.4
774	-1.553897	171.709834	0.016315	9.3
775	-0.778981	171.592198	0.007698	12.6
776	-1.069692	171.474776	0.010715	10.4
777	-0.123811	171.357568	0.003083	8.6
778	-0.112048	171.240574	0.002785	12.0
779	-0.000000	171.123793	0.000000	9.1
780	-0.758060	171.007223	0.003228	9.7
781	-0.947737	170.890865	0.010469	11.2
782	-1.397254	170.774718	0.008500	10.1
783	-0.060725	170.658782	0.002168	9.4
784	-0.211745	170.543055	0.002411	10.1
785	-0.273965	170.427537	0.004263	9.8
786	-0.870288	170.312227	0.010314	8.8
787	-1.567367	170.197125	0.006292	9.2
788	-0.150396	170.082231	0.003250	12.1
789	-0.194947	169.967543	0.002585	8.9
790	-1.531031	169.853061	0.014416	13.1
791	-0.547841	169.738784	0.004673	11.6
792	-0.000000	169.624713	0.000000	9.2
793	-0.662728	169.510845	0.005529	9.6
794	-0.810776	169.397181	0.007324	10.9
795	-0.171599	169.283720	0.003227	12.6
796	-1.414539	169.170462	0.023837	19.2
797	-0.000000	169.057405	0.000000	9.2
798	-0.062403	168.944549	0.001037	14.6
799	-1.413518	168.831895	0.015408	9.8
800	-0.325623	168.719440	0.005985	23.2
801	-1.295326	168.607185	0.019709	22.2
802	-0.000000	168.495129	0.000000	14.8
803	-1.047766	168.383271	0.017110	13.2
804	-0.000000	168.271611	0.000000	13.8
805	-0.000016	168.160148	0.000008	12.8
806	-1.134581	168.048882	0.013719	15.6
807	-1.729183	167.937812	0.010594	10.4
808	-0.102646	167.826938	0.000922	12.7
809	-1.368480	167.716258	0.011209	9.2
810	-0.000000	167.605773	0.000000	8.6
811	-0.577409	167.495482	0.012916	12.5
812	-1.003122	167.385384	0.010982	9.6
813	-1.655135	167.275479	0.024636	10.3
814	-0.137288	167.165766	0.005220	15.8
815	-0.000000	167.056245	0.000000	10.0
816	-1.169332	166.946915	0.015071	9.5
817	-0.068142	166.837776	0.002432	9.1
818	-0.273145	166.728826	0.002158	11.4
819	-0.826887	166.620067	0.010150	8.5
820	-0.006188	166.511496	0.000497	11.5
821	-0.057434	166.403113	0.001602	9.7
822	-0.000000	166.294919	0.000000	8.6
823	-1.279365	166.186912	0.011977	12.2
824	-0.591002	166.079091	0.004506	9.6
825	-1.300762	165.971458	0.012113	8.5
826	-1.376355	165.864009	0.016849	12.2
827	-1.289202	165.756747	0.027092	11.2
828	-0.253810	165.649669	0.003174	8.7
829	-0.338832	165.542775	0.004562	8.0
830	-0.000000	165.436065	0.000000	9.0
831	-0.000000	165.329538	0.000000	8.9
832	-0.000000	165.223194	0.000000	10.7
833	-1.494348	165.117032	0.013000	10.5
834	-1.066439	165.011052	0.014056	9.7
835	-0.000000	164.905253	0.000000	9.8
836	-0.922838	164.799635	0.011160	9.1
837	-0.786595	164.694197	0.011628	9.2
838	0.000000	164.588939	0.000000	10.1
839	-1.583574	164.483859	0.010536	9.7
840	-0.000000	164.378959	0.000000	9.6
841	-1.726193	164.274237	0.007822	10.2
842	-0.077057	164.169692	0.002111	8.9
843	-0.000000	164.065325	0.000000	9.1
844	-0.000000	163.961135	0.000000	10.0
845	-1.775748	163.857120	0.010336	12.4
846	-1.273416	163.753282	0.011797	8.7
847	-1.710200	163.649619	0.021056	9.9
848	-0.000000	163.546130	0.000000	8.9
849	-0.423531	163.442816	0.003209	10.3
850	-0.000000	163.339676	0.000000	8.9
851	-0.902893	163.236709	0.011557	9.5
852	-1.526113	163.133915	0.014279	10.1
853	-0.000001	163.031294	0.000000	10.0
854	-1.670989	162.928844	0.015439	9.3
855	-1.286441	162.826566	0.013691	8.5
856	-1.202953	162.724459	0.014662	9.6
857	-1.422426	162.622523	0.008845	12.0
858	-0.000000	162.520757	0.000000	9.4
859	-0.996198	162.419160	0.006388	10.5
860	-0.664278	162.317733	0.005489	11.5
861	-0.380645	162.216474	0.004845	16.3
862	-0.000012	162.115383	0.000005	19.3
863	-1.268862	162.014461	0.007205	13.3
864	-1.618196	161.913705	0.020263	13.2
865	-0.302119	161.813117	0.003676	10.0
866	-0.205518	161.712695	0.002685	10.4
867	-1.693889	161.612439	0.023910	12.4
868	-1.154228	161.512349	0.017097	11.0
869	-1.463955	161.412424	0.021077	9.4
870	-0.184017	161.312663	0.004352	11.5
871	-0.130214	161.213067	0.002955	11.2
872	-0.264910	161.113635	0.003545	8.8
873	-0.000000	161.014366	0.000000	16.3
874	-1.490204	160.915260	0.015379	12.1
875	-0.000000	160.816316	0.000000	13.8
876	-0.001407	160.717535	0.000321	11.4
877	-1.403965	160.618915	0.012691	9.4
878	-1.304974	160.520456	0.027374	11.2
879	-0.000000	160.422158	0.000000	13.7
880	-1.311783	160.324021	0.013423	12.4
881	-1.332913	160.226043	0.019722	8.7
882	-1.462332	160.128225	0.016879	12.0
883	-1.407474	160.030566	0.011079	13.8
884	-0.000000	159.933066	0.000000	12.2
885	-1.388597	159.835723	0.019240	12.0
886	-0.466199	159.738539	0.006221	8.5
887	-0.850999	159.641512	0.008533	12.2
888	-1.567859	159.544642	0.023933	10.2
889	-0.000540	159.447929	0.000183	11.3
890	-1.605511	159.351372	0.020648	11.6
891	-0.000000	159.254971	0.000000	10.7
892	-1.256589	159.158725	0.009206	10.4
893	-1.638656	159.062634	0.016693	9.2
894	-0.632344	158.966697	0.008037	10.6
895	-0.000000	158.870915	0.000000	8.0
896	-0.031554	158.775286	0.001123	9.3
897	-0.000000	158.679811	0.000000	8.8
898	-0.733931	158.584489	0.013547	12.4
899	-1.002468	158.489319	0.011648	10.2
900	-0.001939	158.394302	0.000311	8.9
901	-0.013522	158.299436	0.001346	9.4
902	-0.001737	158.204721	0.000312	11.6
903	-0.078753	158.110158	0.002616	12.4
904	-0.000000	158.015745	0.000000	13.7
905	-1.215454	157.921482	0.017753	8.5
906	-1.714009	157.827369	0.013634	12.0
907	-1.117739	157.733406	0.019851	11.5
908	-1.583289	157.639591	0.012431	10.2
909	-1.714579	157.545925	0.009869	10.4
910	-0.000000	157.452408	0.000000	10.0
911	-0.281380	157.359038	0.003270	8.8
912	-0.001996	157.265816	0.000242	12.1
913	-0.864668	157.172741	0.005367	11.0
914	-1.279058	157.079813	0.009961	8.4
915	-0.271269	156.987031	0.004088	10.9
916	-1.140279	156.894395	0.014938	10.6
917	-1.438282	156.801904	0.011577	10.9
918	-1.039088	156.709559	0.011774	10.8
919	-1.216116	156.617359	0.016499	11.6
920	-1.398860	156.525304	0.013455	9.0
921	-0.438832	156.433392	0.007696	10.6
922	-0.442663	156.341624	0.002174	9.5
923	-0.000003	156.250000	0.000002	11.7
924	-0.926486	156.158519	0.009817	11.7
925	-0.001595	156.067180	0.000455	11.3
926	-1.337771	155.975984	0.021477	13.1
927	-0.002776	155.884930	0.000208	11.6
928	-1.659113	155.794017	0.010302	9.7
929	-1.107847	155.703246	0.019942	12.1
930	-0.928385	155.612615	0.013231	14.4
931	-0.000000	155.522125	0.000000	10.0
932	-0.055354	155.431775	0.000802	11.9
933	-0.000000	155.341565	0.000000	14.1
934	-1.589212	155.251495	0.010694	12.9
935	-1.337788	155.161563	0.012114	11.8
936	-1.242091	155.071771	0.017033	11.7
937	-0.937188	154.982117	0.011167	11.8
938	-0.400319	154.892601	0.005026	14.5
939	-0.231935	154.803222	0.003239	13.8
940	-1.001092	154.713981	0.012979	11.3
941	-0.000000	154.624878	0.000000	10.5
942	-0.000000	154.535910	0.000000	10.0
943	-1.589509	154.447080	0.020984	12.7
944	-0.000000	154.358385	0.000000	9.9
945	-0.000000	154.269826	0.000000	10.5
946	-1.489199	154.181402	0.011364	11.8
947	-1.573923	154.093114	0.023901	12.2
948	-0.647600	154.004960	0.008776	11.1
949	-1.402891	153.916940	0.010959	9.8
950	-0.006435	153.829054	0.000824	11.0
951	-0.001041	153.741303	0.000148	11.5
952	-0.922086	153.653684	0.005359	10.7
953	-0.000026	153.566198	0.000010	11.4
954	-1.404235	153.478846	0.033310	12.2
955	-0.717831	153.391625	0.009272	10.8
956	-0.152394	153.304537	0.001713	15.7
957	-0.462349	153.217580	0.004892	9.8
958	-0.100227	153.130755	0.002132	11.1
959	-0.000247	153.044061	0.000066	14.4
960	-0.422062	152.957498	0.007533	10.8
961	-1.030704	152.871065	0.021340	10.0
962	-0.007044	152.784762	0.000429	11.9
963	-1.742564	152.698589	0.015985	11.0
964	-1.589566	152.612545	0.011923	10.8
965	-0.065341	152.526631	0.002081	10.6
966	-0.000000	152.440845	0.000000	10.0
967	-0.000000	152.355188	0.000000	11.1
968	-1.136208	152.269660	0.012313	12.1
969	-0.307749	152.184259	0.002912	9.4
970	-1.520173	152.098986	0.015090	11.4
971	-1.599558	152.013840	0.015009	9.6
972	-1.563662	151.928821	0.019631	10.7
973	-0.822938	151.843928	0.008440	12.0
974	-0.000130	151.759163	0.000056	9.8
975	-1.577406	151.674523	0.016735	9.9
976	-1.446272	151.590009	0.019640	13.6
977	-1.509372	151.505620	0.016882	11.8
978	-0.020896	151.421357	0.001512	9.6
979	-1.670551	151.337218	0.012458	10.6
980	-0.000001	151.253204	0.000000	12.5
981	-0.822446	151.169314	0.009842	10.1
982	-0.818381	151.085549	0.010165	9.9
983	-1.561871	151.001907	0.009735	10.8
984	-0.055204	150.918388	0.001736	9.6
985	-0.884821	150.834992	0.009728	9.9
986	-0.000000	150.751719	0.000000	10.7
987	-0.000000	150.668569	0.000000	13.4
988	-0.328866	150.585541	0.002923	12.3
989	-1.348747	150.502634	0.006638	12.2
990	-0.498163	150.419849	0.007928	10.5
991	-0.437765	150.337186	0.007745	9.3
992	-1.174983	150.254644	0.009769	10.5
993	-0.000000	150.172222	0.000000	9.9
994	-1.586891	150.089921	0.010128	9.7
995	-1.455721	150.007740	0.009993	9.0
996	-1.567404	149.925679	0.009604	10.4
997	-0.407373	149.843737	0.004852	8.9
998	-0.000000	149.761915	0.000000	14.0
999	-0.006624	149.680212	0.001303	8.8
1000	-0.383125	149.598627	0.004678	8.0
1001	-1.594453	149.517161	0.013019	9.9
1002	-1.411968	149.435814	0.016033	8.9
1003	-1.558357	149.354584	0.007346	9.0
1004	-1.135143	149.273472	0.017783	10.6
1005	-0.000000	149.192477	0.000000	10.8
1006	-1.517887	149.111599	0.015943	9.4
1007	-0.000000	149.030838	0.000000	10.4
1008	-1.600815	148.950194	0.013321	10.1
1009	-1.296577	148.869666	0.012961	9.2
1010	-0.000000	148.789253	0.000000	11.8
1011	-1.354983	148.708957	0.013109	10.4
1012	-1.632750	148.628776	0.012280	11.1
1013	-1.428358	148.548710	0.008881	15.4
1014	-0.000000	148.468759	0.000000	17.2
1015	-0.000000	148.388923	0.000000	8.8
1016	-1.519797	148.309201	0.009822	8.6
1017	-1.772674	148.229594	0.007420	10.2
1018	-0.059128	148.150100	0.001264	11.3
1019	-1.321084	148.070719	0.017825	15.8
1020	-0.460689	147.991452	0.005796	22.0
1021	-0.019263	147.912298	0.001191	10.9
1022	-0.399305	147.833257	0.005798	8.8
1023	-0.000000	147.754329	0.000000	15.8
1024	-0.109003	147.675512	0.001828	9.4
1025	-0.000000	147.596808	0.000000	10.1
1026	-0.655857	147.518216	0.001815	8.6
1027	-1.002086	147.439735	0.018445	10.1
1028	-0.860455	147.361365	0.013667	10.3
1029	-0.662876	147.283106	0.008509	9.2
1030	-1.715173	147.204958	0.007576	9.1
1031	-1.543034	147.126920	0.012823	9.7
1032	-1.152394	147.048993	0.010332	11.9
1033	-1.509257	146.971175	0.014163	9.9
1034	-0.030207	146.893468	0.002311	8.5
1035	-0.536158	146.815869	0.007656	11.6
1036	-1.566254	146.738380	0.014613	10.5
1037	-0.951727	146.661000	0.015236	9.2
1038	-0.109872	146.583729	0.005055	8.7
1039	-0.467620	146.506566	0.008494	10.0
1040	-0.026225	146.429511	0.000990	9.4
1041	-1.166069	146.352565	0.009570	9.0
1042	-0.847279	146.275726	0.012595	9.1
1043	-0.802217	146.198994	0.015091	9.1
1044	-0.000000	146.122370	0.000000	9.7
1045	-0.961556	146.045853	0.018414	9.5
1046	-1.540347	145.969442	0.017338	9.4
1047	-0.721350	145.893139	0.006316	9.1
1048	-0.000000	145.816941	0.000000	9.1
1049	-0.336868	145.740849	0.005930	11.2
1050	-0.659192	145.664863	0.007022	9.9
1051	-0.863399	145.588983	0.011303	9.4
1052	-1.708948	145.513208	0.013936	10.2
1053	-0.223934	145.437538	0.004751	9.0
1054	-0.000000	145.361973	0.000000	10.1
1055	-1.574338	145.286513	0.011635	19.2
1056	-1.327641	145.211157	0.007831	9.6
1057	-0.000000	145.135905	0.000000	8.7
1058	-0.523837	145.060757	0.003715	10.1
1059	-0.000003	144.985712	0.000002	10.4
1060	-0.000000	144.910771	0.000000	10.1
1061	-1.744869	144.835934	0.028300	9.6
1062	-1.487053	144.761199	0.011394	11.1
1063	-0.000000	144.686567	0.000000	12.8
1064	-0.000000	144.612037	0.000000	10.3
1065	-1.147317	144.537610	0.009389	10.9
1066	-0.000000	144.463285	0.000000	12.6
1067	-0.000000	144.389062	0.000000	9.3
1068	-0.000000	144.314940	0.000000	17.0
1069	-0.000000	144.240920	0.000000	10.5
1070	-1.014075	144.167001	0.014749	9.1
1071	-1.657796	144.093182	0.023990	9.3
1072	-0.000000	144.019465	0.000000	8.6
1073	-0.024959	143.945848	0.000876	11.4
1074	-1.165579	143.872331	0.012550	13.7
1075	-1.127777	143.798914	0.007145	8.6
1076	-0.543975	143.725597	0.009432	10.9
1077	-1.343419	143.652380	0.012993	9.1
1078	-0.535510	143.579262	0.005213	9.5
1079	-0.973260	143.506243	0.012658	10.6
1080	-0.000000	143.433323	0.000000	11.3
1081	-0.015366	143.360502	0.000362	10.3
1082	-0.187556	143.287780	0.007562	10.0
1083	-0.652100	143.215155	0.008596	15.1
1084	-1.524923	143.142629	0.026874	9.5
1085	-1.469875	143.070201	0.011458	8.8
1086	-0.453043	142.997870	0.004105	10.5
1087	-0.472368	142.925637	0.010970	9.6
1088	-0.000000	142.853501	0.000000	11.3
1089	-1.729011	142.781462	0.022357	10.4
1090	-0.392471	142.709519	0.003146	9.2
1091	-0.000000	142.637674	0.000000	10.3
1092	-1.071867	142.565924	0.009128	12.1
1093	-1.568241	142.494271	0.014753	10.1
1094	-0.102124	142.422714	0.003654	14.4
1095	-0.846486	142.351252	0.008612	9.6
1096	-1.643612	142.279886	0.009140	11.2
1097	-1.398832	142.208616	0.009207	13.3
1098	-0.058914	142.137440	0.002073	9.5
1099	-0.496236	142.066360	0.003974	9.3
1100	-0.000000	141.995374	0.000000	12.1
1101	-1.501245	141.924483	0.014252	10.6
1102	-1.259128	141.853685	0.017676	12.6
1103	-0.000325	141.782983	0.000079	9.0
1104	-0.299670	141.712373	0.003570	8.4
1105	-0.747661	141.641858	0.009711	9.1
1106	-1.245585	141.571436	0.011423	9.3
1107	-1.056087	141.501108	0.008734	9.4
1108	-1.698725	141.430872	0.015497	11.1
1109	-1.618739	141.360730	0.013158	14.9
1110	-1.608615	141.290680	0.022054	9.2
1111	-0.911186	141.220722	0.019680	9.7
1112	-0.000192	141.150857	0.000066	8.9
1113	-0.008780	141.081084	0.000167	8.8
1114	-0.085606	141.011403	0.001553	10.3
1115	-1.350703	140.941813	0.017737	9.7
1116	-0.015141	140.872315	0.000621	11.5
1117	-0.039307	140.802909	0.000344	10.0
1118	-0.993825	140.733593	0.011350	11.8
1119	-1.540212	140.664369	0.015672	8.3
1120	-0.541492	140.595235	0.005795	12.5
1121	-1.692897	140.526192	0.012885	7.8
1122	-1.163106	140.457239	0.006883	9.3
1123	-1.464506	140.388376	0.011885	10.7
1124	-1.376799	140.319603	0.012910	8.6
1125	-0.014447	140.250920	0.001160	9.5
1126	-0.166738	140.182326	0.002208	11.3
1127	-1.653546	140.113822	0.025263	8.6
1128	-1.626094	140.045407	0.012344	8.5
1129	-0.000000	139.977081	0.000000	10.4
1130	-0.133767	139.908844	0.002942	9.4
1131	-0.673385	139.840696	0.007996	9.5
1132	-0.161750	139.772635	0.002637	9.4
1133	-0.000000	139.704664	0.000000	9.7
1134	-1.602573	139.636780	0.014770	9.6
1135	-0.000000	139.568984	0.000000	20.3
1136	-0.273555	139.501276	0.003944	16.1
1137	-0.773708	139.433655	0.006085	9.8
1138	-1.309411	139.366122	0.016874	9.7
1139	-1.613260	139.298676	0.014332	10.1
1140	-1.724798	139.231317	0.010141	11.4
1141	-0.008579	139.164045	0.000407	9.2
1142	-0.000000	139.096859	0.000000	13.9
1143	-0.010434	139.029760	0.002063	10.8
1144	-0.002711	138.962747	0.000499	8.7
1145	-1.269011	138.895820	0.014426	11.9
1146	-0.176054	138.828978	0.003565	12.2
1147	-0.000000	138.762223	0.000000	9.3
1148	-0.000000	138.695553	0.000000	8.3
1149	-0.000000	138.628969	0.000000	10.9
1150	-0.713792	138.562469	0.008371	8.5
1151	-0.034611	138.496055	0.001860	10.8
1152	-0.708764	138.429725	0.005251	10.7
1153	-0.060231	138.363481	0.001368	9.6
1154	-0.443952	138.297320	0.002908	10.0
1155	-0.532943	138.231244	0.004084	8.8
1156	-0.133237	138.165252	0.002122	13.7
1157	-0.290724	138.099344	0.003496	10.6
1158	-1.394082	138.033520	0.023501	10.9
1159	-0.923498	137.967779	0.008898	8.2
1160	-1.352174	137.902122	0.011605	17.0
1161	-0.000000	137.836548	0.000000	9.4
1162	-0.347051	137.771057	0.004159	10.5
1163	-0.532402	137.705649	0.006935	8.3
1164	-1.131862	137.640324	0.009868	14.6
1165	-1.672157	137.575081	0.012394	10.8
1166	-0.237686	137.509921	0.002221	9.0
1167	-1.645540	137.444842	0.021433	9.1
1168	-0.022056	137.379846	0.001170	11.1
1169	-0.212563	137.314932	0.004338	8.6
1170	-0.000000	137.250100	0.000000	9.5
1171	-0.000000	137.185349	0.000000	12.6
1172	-0.000000	137.120680	0.000000	8.9
1173	-0.000000	137.056092	0.000000	20.9
1174	-1.566892	136.991585	0.009381	9.0
1175	-0.013449	136.927158	0.000696	9.7
1176	-0.767917	136.862813	0.010244	8.7
1177	-0.001550	136.798548	0.000209	8.8
1178	-0.000000	136.734363	0.000000	10.4
1179	-1.487387	136.670259	0.008601	8.8
1180	-0.001782	136.606235	0.000253	10.0
1181	-1.113178	136.542291	0.019782	9.5
1182	-1.135492	136.478426	0.015311	9.3
1183	-0.000000	136.414641	0.000000	10.9
1184	-0.514259	136.350936	0.006985	10.2
1185	-0.000000	136.287310	0.000000	8.9
1186	-1.726438	136.223763	0.011229	9.4
1187	-0.109212	136.160295	0.002237	9.0
1188	-0.612539	136.096905	0.007628	12.8
1189	-0.171680	136.033594	0.002789	9.2
1190	-1.326808	135.970362	0.005694	8.7
1191	-1.490087	135.907208	0.013379	9.5
1192	-1.253160	135.844133	0.011683	9.4
1193	-0.016248	135.781135	0.000828	15.4
1194	-0.750658	135.718215	0.005202	9.3
1195	-0.507614	135.655373	0.005540	9.2
1196	-0.000000	135.592608	0.000000	9.1
1197	-1.392352	135.529921	0.010856	9.1
1198	-0.000000	135.467311	0.000000	14.3
1199	-1.533892	135.404778	0.009744	8.8
1200	-1.085242	135.342322	0.010490	8.4
1201	-0.000000	135.279942	0.000000	10.6
1202	-1.422902	135.217640	0.021166	9.5
1203	-1.012821	135.155413	0.010276	16.7
1204	-0.195624	135.093263	0.001991	16.9
1205	-1.528159	135.031190	0.007699	8.4
1206	-1.116695	134.969192	0.027145	10.1
1207	-0.139660	134.907270	0.004029	10.9
1208	-1.456927	134.845424	0.021785	9.3
1209	-0.136107	134.783653	0.003145	10.5
1210	-1.122812	134.721958	0.014675	9.5
1211	-1.338182	134.660338	0.012661	12.2
1212	-0.103709	134.598793	0.002476	10.4
1213	-1.547246	134.537323	0.009178	14.7
1214	-0.795509	134.475927	0.017324	9.8
1215	-1.731736	134.414607	0.012668	8.5
1216	-0.000000	134.353361	0.000000	10.3
1217	-1.188329	134.292189	0.009183	9.2
1218	-1.598754	134.231092	0.015457	9.5
1219	-0.203374	134.170068	0.002522	10.9
1220	-0.882341	134.109119	0.015036	9.5
1221	-0.908984	134.048243	0.015027	9.5
1222	-1.548097	133.987441	0.015273	10.7
1223	-1.017767	133.926713	0.015497	13.1
1224	-0.000000	133.866057	0.000000	9.4
1225	-0.478746	133.805475	0.007329	14.7
1226	-0.145246	133.744966	0.001600	12.0
1227	-0.706662	133.684530	0.009234	10.8
1228	-1.266044	133.624167	0.021643	8.2
1229	-1.034042	133.563877	0.003941	15.1
1230	-0.000000	133.503658	0.000000	9.8
1231	-0.632194	133.443513	0.005731	9.1
1232	-0.000701	133.383439	0.000207	9.4
1233	-1.630017	133.323437	0.009229	11.7
1234	-0.215431	133.263508	0.005727	9.6
1235	-1.676832	133.203650	0.014302	8.8
1236	-0.000000	133.143864	0.000000	11.2
1237	-0.000000	133.084149	0.000000	10.4
1238	-1.647820	133.024506	0.009972	8.5
1239	-0.814008	132.964934	0.007548	10.8
1240	-0.654325	132.905433	0.004760	8.6
1241	-0.606832	132.846003	0.005159	11.2
1242	-1.059984	132.786643	0.008052	10.0
1243	-0.000000	132.727355	0.000000	11.4
1244	-1.119274	132.668137	0.018946	10.3
1245	-1.380910	132.608989	0.010635	10.9
1246	-1.676457	132.549912	0.017871	8.6
1247	-1.612418	132.490904	0.015381	9.7
1248	-0.000000	132.431967	0.000000	9.8
1249	-1.082469	132.373100	0.007377	10.4
1250	-0.000000	132.314302	0.000000	9.0
1251	-1.694262	132.255574	0.018611	9.0
1252	-0.962519	132.196916	0.016802	12.2
1253	-1.027995	132.138326	0.008523	9.7
1254	-0.251283	132.079806	0.002923	13.2
1255	-0.300818	132.021355	0.006065	9.8
1256	-1.406075	131.962973	0.016680	9.4
1257	-0.000000	131.904660	0.000000	9.3
1258	-0.710592	131.846415	0.006829	10.2
1259	-0.000484	131.788239	0.000144	9.2
1260	-0.051254	131.730131	0.002915	9.5
1261	-0.003830	131.672092	0.000134	14.7
1262	-0.001655	131.614121	0.000071	18.1
1263	-1.460495	131.556217	0.009348	12.5
1264	-0.000000	131.498382	0.000000	9.0
1265	-0.463404	131.440614	0.004153	8.9
1266	-0.271229	131.382914	0.001829	9.1
1267	-1.541376	131.325282	0.015525	11.1
1268	-1.089588	131.267717	0.009238	9.4
1269	-0.899837	131.210219	0.014531	10.8
1270	-1.295189	131.152788	0.012785	9.9
1271	-1.566201	131.095424	0.026042	9.8
1272	-0.255015	131.038127	0.004436	9.6
1273	-1.703388	130.980897	0.007447	14.1
1274	-0.000000	130.923733	0.000000	9.7
1275	-1.022278	130.866636	0.021230	9.9
1276	-1.539815	130.809605	0.012522	9.5
1277	-0.419435	130.752641	0.004139	8.6
1278	-1.384567	130.695742	0.011814	9.1
1279	-1.227616	130.638910	0.015800	10.1
1280	-0.688608	130.582143	0.008893	7.9
1281	-0.370771	130.525442	0.002830	10.0
1282	-1.371735	130.468807	0.022145	16.3
1283	-0.964869	130.412237	0.014844	8.9
1284	-0.001105	130.355733	0.000205	9.3
1285	-0.120806	130.299294	0.002184	9.8
1286	-0.465824	130.242920	0.010372	9.3
1287	-1.347282	130.186611	0.018088	9.5
1288	-0.000000	130.130366	0.000000	11.6
1289	-1.109343	130.074187	0.010830	8.2
1290	-0.882616	130.018072	0.009645	13.8
1291	-0.000000	129.962022	0.000000	11.8
1292	-0.144045	129.906036	0.001900	12.3
1293	-0.070326	129.850114	0.002516	9.9
1294	-1.562564	129.794257	0.012408	9.0
1295	-0.170441	129.738463	0.004098	12.2
1296	-1.504998	129.682734	0.011769	9.8
1297	-0.031229	129.627068	0.000484	9.5
1298	-1.632554	129.571466	0.030082	10.4
1299	-1.054782	129.515927	0.014965	9.2
1300	-0.000000	129.460452	0.000000	11.1
1301	-0.747260	129.405040	0.008124	10.1
1302	-1.090129	129.349692	0.017709	11.7
1303	-1.036942	129.294406	0.004478	11.1
1304	-0.209974	129.239183	0.004987	10.2
1305	-0.000000	129.184024	0.000000	9.2
1306	-1.092209	129.128927	0.012742	10.2
1307	-0.079671	129.073892	0.001784	9.7
1308	-0.061562	129.018921	0.003114	9.0
1309	-0.154486	128.964011	0.003510	10.4
1310	-1.348488	128.909164	0.017618	10.7
1311	-0.404824	128.854379	0.006170	9.5
1312	-0.432423	128.799656	0.002588	10.3
1313	-1.181934	128.744995	0.013024	11.5
1314	-1.169894	128.690396	0.008152	14.6
1315	-0.000079	128.635858	0.000036	9.0
1316	-0.242721	128.581382	0.004244	15.1
1317	-1.079859	128.526968	0.010797	19.4
1318	-0.982803	128.472615	0.012449	13.3
1319	-1.566155	128.418323	0.018554	11.8
1320	-0.297252	128.364092	0.004165	11.0
1321	-1.246543	128.309922	0.018715	9.0
1322	-0.000000	128.255814	0.000000	9.1
1323	-1.539346	128.201766	0.015008	10.3
1324	-1.084500	128.147778	0.010502	10.7
1325	-0.000000	128.093852	0.000000	9.4
1326	-1.682394	128.039985	0.010239	11.8
1327	-0.164944	127.986180	0.004184	15.1
1328	-0.223893	127.932434	0.003558	11.2
1329	-0.391932	127.878749	0.005478	18.6
1330	-0.036740	127.825123	0.000680	8.8
1331	-0.895933	127.771558	0.011868	9.4
1332	-1.610430	127.718052	0.014241	10.1
1333	-0.000000	127.664606	0.000000	9.1
1334	-1.164678	127.611220	0.021515	9.9
1335	-0.000000	127.557893	0.000000	12.4
1336	-0.015828	127.504625	0.001855	7.5
1337	-0.006243	127.451417	0.000254	10.2
1338	-0.000000	127.398268	0.000000	9.1
1339	-0.004622	127.345178	0.000330	10.3
1340	-0.196690	127.292147	0.001287	9.5
1341	-0.000000	127.239175	0.000000	9.2
1342	-1.541369	127.186261	0.010745	9.7
1343	-0.000000	127.133407	0.000000	9.8
1344	-0.829966	127.080610	0.009789	8.3
1345	-1.255245	127.027872	0.014804	10.7
1346	-0.041701	126.975193	0.002150	9.1
1347	-0.965486	126.922572	0.007760	8.8
1348	-0.000000	126.870008	0.000000	8.4
1349	-0.000000	126.817503	0.000000	9.9
1350	-0.000000	126.765056	0.000000	10.6
1351	-1.305311	126.712667	0.017582	8.5
1352	-0.981007	126.660335	0.009944	9.6
1353	-0.973308	126.608061	0.015788	8.7
1354	-1.609953	126.555844	0.019280	9.2
1355	-0.281006	126.503685	0.002784	11.7
1356	-0.000000	126.451583	0.000000	8.8
1357	-1.687684	126.399538	0.007722	10.8
1358	-1.545465	126.347550	0.011966	10.0
1359	-0.440481	126.295619	0.006292	8.5
1360	-1.467905	126.243745	0.010729	9.3
1361	-0.218047	126.191928	0.001880	10.7
1362	-0.500624	126.140168	0.004934	11.5
1363	-0.000000	126.088464	0.000000	8.7
1364	-0.520654	126.036817	0.006211	10.3
1365	-0.672934	125.985226	0.009942	8.8
1366	-1.565031	125.933691	0.007738	7.6
1367	-0.000000	125.882212	0.000000	11.7
1368	-1.322831	125.830790	0.005909	9.2
1369	-0.041035	125.779423	0.001326	9.8
1370	-0.000000	125.728113	0.000000	10.9
1371	-0.638073	125.676858	0.003594	40.5
1372	-0.290245	125.625659	0.004725	15.6
1373	-0.966702	125.574515	0.005714	26.0
1374	-1.226005	125.523427	0.023711	27.3
1375	-1.055291	125.472394	0.015443	16.5
1376	-0.027768	125.421417	0.000680	10.8
1377	-1.201606	125.370495	0.007987	11.9
1378	-1.582190	125.319628	0.012728	9.9
1379	-0.000000	125.268815	0.000000	12.9
1380	-1.318715	125.218058	0.018490	12.4
1381	-1.462999	125.167356	0.014668	9.0
1382	-1.385428	125.116708	0.020770	11.7
1383	-1.497402	125.066115	0.007072	12.3
1384	-1.475321	125.015576	0.005928	11.6
1385	-0.296988	124.965092	0.004962	10.3
1386	-0.956002	124.914662	0.020997	9.8
1387	-0.946751	124.864287	0.014258	8.7
1388	-0.180628	124.813965	0.002965	10.4
1389	-1.361270	124.763698	0.016033	11.3
1390	-0.394759	124.713485	0.006559	8.6
1391	-0.706258	124.663325	0.007346	9.3
1392	-1.047050	124.613219	0.013181	9.6
1393	-1.679600	124.563167	0.011749	8.6
1394	-0.074836	124.513168	0.002735	8.9
1395	-0.166490	124.463223	0.004912	14.1
1396	-1.306796	124.413332	0.011102	16.4
1397	-0.000000	124.363493	0.000000	12.4
1398	-0.653501	124.313708	0.011425	13.5
1399	-0.253640	124.263976	0.003289	12.4
1400	-1.253815	124.214297	0.015915	17.2
1401	-1.622219	124.164671	0.018426	19.8
1402	-0.119656	124.115097	0.002297	13.1
1403	-1.515942	124.065577	0.009826	11.4
1404	-0.017361	124.016109	0.000996	12.1
1405	-1.452154	123.966693	0.010228	14.4
1406	-0.067546	123.917330	0.002313	17.4
1407	-1.056849	123.868020	0.016923	14.2
1408	-0.360189	123.818762	0.007207	15.1
1409	-0.001780	123.769556	0.000356	8.9
1410	-1.589267	123.720402	0.007737	9.2
1411	-0.501506	123.671300	0.006547	9.3
1412	-0.754941	123.622250	0.007795	8.6
1413	-1.335149	123.573252	0.015351	12.3
1414	-0.000000	123.524305	0.000000	18.6
1415	-0.016754	123.475411	0.000406	17.6
1416	-0.000000	123.426568	0.000000	14.6
1417	-1.509500	123.377776	0.011313	17.2
1418	-1.077653	123.329036	0.006341	15.4
1419	-1.550793	123.280347	0.011337	14.3
1420	-0.000000	123.231709	0.000000	13.5
1421	-1.305344	123.183122	0.008440	12.2
1422	-1.284327	123.134587	0.014818	14.9
1423	-0.000746	123.086102	0.000108	10.0
1424	-1.347896	123.037669	0.033314	10.5
1425	-0.000000	122.989286	0.000000	9.8
1426	-0.733750	122.940954	0.007214	11.1
1427	-0.830013	122.892672	0.011930	10.8
1428	-1.486388	122.844441	0.009804	8.4
1429	-0.000000	122.796261	0.000000	10.9
1430	-0.077726	122.748130	0.004301	10.1
1431	-1.319827	122.700050	0.010604	9.8
1432	-0.000000	122.652021	0.000000	12.3
1433	-0.995187	122.604041	0.012394	13.5
1434	-0.000000	122.556111	0.000000	10.1
1435	-0.708321	122.508232	0.008716	8.9
1436	-1.684650	122.460402	0.010317	10.9
1437	-0.435514	122.412622	0.005760	9.8
1438	-1.417866	122.364891	0.006910	10.1
1439	-0.000690	122.317210	0.000162	11.7
1440	-1.201081	122.269579	0.021728	9.5
1441	-0.833399	122.221997	0.003827	9.2
1442	-0.001699	122.174465	0.000389	9.5
1443	-1.516922	122.126981	0.024027	8.7
1444	-1.613105	122.079547	0.011284	9.1
1445	-0.791063	122.032162	0.009684	8.4
1446	-0.000000	121.984826	0.000000	9.2
1447	-0.000024	121.937539	0.000012	8.2
1448	-0.000000	121.890301	0.000000	9.2
1449	-0.021696	121.843112	0.000402	8.5
1450	-0.000033	121.795971	0.000014	9.1
1451	-1.580279	121.748879	0.017052	8.1
1452	-0.000000	121.701835	0.000000	9.1
1453	-1.139703	121.654840	0.017598	8.7
1454	-0.294378	121.607893	0.003764	10.3
1455	-0.705152	121.560994	0.007622	9.8
1456	-0.555136	121.514144	0.005361	10.9
1457	-0.583277	121.467342	0.006646	11.7
1458	-0.000000	121.420588	0.000000	8.3
1459	-1.665927	121.373882	0.022885	8.2
1460	-0.000000	121.327223	0.000000	8.9
1461	-1.733727	121.280613	0.011000	11.8
1462	-0.843233	121.234050	0.005672	10.4
1463	-0.000000	121.187535	0.000000	9.9
1464	-1.466332	121.141067	0.035729	9.2
1465	-0.643071	121.094647	0.007404	10.6
1466	-0.000000	121.048274	0.000000	10.3
1467	-1.537734	121.001949	0.027928	9.9
1468	-1.682385	120.955671	0.008413	10.0
1469	-1.602741	120.909440	0.009080	11.8
1470	-0.480476	120.863256	0.009688	10.0
1471	-1.622493	120.817119	0.020527	9.8
1472	-0.000000	120.771029	0.000000	11.2
1473	-1.723291	120.724986	0.005946	8.7
1474	-1.126720	120.678990	0.013816	18.6
1475	-1.566788	120.633040	0.007264	9.8
1476	-1.650166	120.587137	0.024852	10.3
1477	-1.106072	120.541281	0.016074	9.5
1478	-0.789201	120.495471	0.005879	11.1
1479	-0.290760	120.449707	0.006255	10.6
1480	-0.872796	120.403990	0.009877	7.9
1481	-0.024148	120.358319	0.000309	9.4
1482	-0.172541	120.312694	0.002798	10.4
1483	-0.798996	120.267115	0.007737	9.0
1484	-1.435648	120.221582	0.011425	9.6
1485	-0.995020	120.176096	0.007787	9.6
1486	-0.113487	120.130655	0.002312	11.6
1487	-1.614455	120.085260	0.014163	11.4
1488	-1.370664	120.039910	0.022915	8.8
1489	-0.179011	119.994606	0.002520	8.2
1490	-1.664723	119.949348	0.027751	8.5
1491	-0.000010	119.904135	0.000005	9.3
1492	-1.268265	119.858968	0.019783	10.0
1493	-0.028528	119.813846	0.000613	8.3
1494	-1.650423	119.768769	0.023498	9.2
1495	-1.595325	119.723738	0.010703	9.6
1496	-0.000000	119.678752	0.000000	10.4
1497	-0.000000	119.633810	0.000000	8.9
1498	-0.000000	119.588914	0.000000	9.0
1499	-0.000000	119.544062	0.000000	8.0
1500	-0.000000	119.499256	0.000000	8.9
1501	-1.650243	119.454494	0.014911	9.8
1502	-1.132933	119.409777	0.007748	9.8
1503	-0.719330	119.365104	0.005413	8.7
1504	-1.331735	119.320476	0.011539	9.1
1505	-0.000000	119.275893	0.000000	8.3
1506	-0.000000	119.231353	0.000000	9.7
1507	-0.040256	119.186859	0.000951	9.3
1508	-0.000000	119.142408	0.000000	8.8
1509	-1.308619	119.098002	0.006462	9.0
1510	-0.088012	119.053639	0.002443	9.5
1511	-0.000000	119.009321	0.000000	8.7
1512	-0.000000	118.965047	0.000000	9.1
1513	-0.895985	118.920816	0.005972	10.8
1514	-0.254478	118.876630	0.003779	10.5
1515	-0.000000	118.832487	0.000000	9.5
1516	-0.056130	118.788388	0.002577	9.3
1517	-0.983009	118.744332	0.008259	8.8
1518	-1.441671	118.700320	0.018912	9.1
1519	-0.047148	118.656352	0.000991	8.2
1520	-0.337975	118.612427	0.004376	9.2
1521	-1.253091	118.568545	0.010524	8.4
1522	-1.641872	118.524706	0.009642	10.0
1523	-0.000000	118.480911	0.000000	10.0
1524	-0.000000	118.437159	0.000000	9.6
1525	-0.000000	118.393450	0.000000	8.5
1526	-1.520881	118.349784	0.008346	9.8
1527	-1.331548	118.306160	0.012587	9.8
1528	-1.280310	118.262580	0.014790	12.1
1529	-0.000567	118.219042	0.000159	8.8
1530	-0.478649	118.175548	0.007710	8.8
1531	-1.637554	118.132095	0.017011	11.0
1532	-0.000185	118.088686	0.000047	10.0
1533	-0.086772	118.045319	0.002744	9.3
1534	-0.668018	118.001994	0.007779	8.4
1535	-1.240055	117.958712	0.016051	9.2
1536	-0.857941	117.915472	0.012754	8.3
1537	-1.401216	117.872274	0.009680	9.6
1538	-0.086118	117.829118	0.002033	9.2
1539	-0.000000	117.786005	0.000000	8.7
1540	-1.389627	117.742933	0.010101	8.9
1541	-0.000000	117.699904	0.000000	8.9
1542	-0.000000	117.656916	0.000000	8.7
1543	-1.222871	117.613971	0.018253	8.4
1544	-1.332000	117.571067	0.021621	9.0
1545	-1.248489	117.528205	0.014692	8.5
1546	-0.000000	117.485384	0.000000	9.0
1547	-1.437050	117.442605	0.017532	8.7
1548	-0.120904	117.399867	0.001935	8.7
1549	-0.000000	117.357171	0.000000	9.3
1550	-0.421603	117.314517	0.005913	9.2
1551	-0.079096	117.271903	0.003096	8.9
1552	-0.398575	117.229331	0.003573	12.0
1553	-0.000000	117.186800	0.000000	8.2
1554	-0.000005	117.144311	0.000003	10.2
1555	-1.531899	117.101862	0.017990	9.2
1556	-1.296732	117.059454	0.010828	15.9
1557	-0.888043	117.017087	0.009622	8.3
1558	-0.662645	116.974762	0.008174	8.2
1559	-0.322595	116.932476	0.005460	10.0
1560	-0.046403	116.890232	0.004753	8.4
1561	-1.181904	116.848028	0.004836	9.9
1562	-0.158465	116.805865	0.003004	8.8
1563	-1.545149	116.763743	0.023289	10.1
1564	-1.470853	116.721661	0.010025	9.8
1565	-1.195782	116.679619	0.016767	10.4
1566	-0.122749	116.637618	0.002565	9.4
1567	-0.547812	116.595657	0.004822	9.0
1568	-1.398665	116.553736	0.011204	9.7
1569	-1.213372	116.511855	0.011951	15.1
1570	-1.731094	116.470015	0.030216	16.5
1571	-0.101992	116.428214	0.003391	11.5
1572	-1.143856	116.386454	0.017031	8.8
1573	-0.000000	116.344733	0.000000	11.6
1574	-0.050263	116.303052	0.001887	12.2
1575	-0.193989	116.261412	0.002796	10.6
1576	-0.238357	116.219810	0.002625	9.8
1577	-0.000000	116.178249	0.000000	12.9
1578	-1.049957	116.136727	0.006963	11.3
1579	-0.246332	116.095245	0.001573	8.6
1580	-0.457100	116.053802	0.006939	13.7
1581	-0.004531	116.012398	0.000221	13.3
1582	-0.203192	115.971034	0.002922	11.7
1583	-1.538954	115.929710	0.010771	12.4
1584	-0.968730	115.888424	0.020814	13.5
1585	-1.500117	115.847178	0.010340	17.3
1586	-0.342016	115.805970	0.004396	14.7
1587	-0.000824	115.764802	0.000194	13.0
1588	-0.207858	115.723673	0.002998	13.9
1589	-1.159214	115.682583	0.016877	10.1
1590	-0.000892	115.641532	0.000231	14.0
1591	-0.352073	115.600519	0.004856	14.0
1592	-0.283958	115.559546	0.002315	19.2
1593	-0.277490	115.518610	0.002153	15.9
1594	-1.179624	115.477714	0.010978	12.4
1595	-0.526649	115.436856	0.006548	11.9
1596	-0.000000	115.396037	0.000000	19.4
1597	-1.207503	115.355256	0.006635	10.4
1598	-0.000000	115.314514	0.000000	13.8
1599	-0.103839	115.273810	0.001503	16.5
1600	-1.178230	115.233144	0.009291	13.6
1601	-1.649748	115.192517	0.011879	13.5
1602	-0.104483	115.151927	0.002555	12.9
1603	-0.003772	115.111376	0.000090	14.1
1604	-0.992567	115.070863	0.006203	11.3
1605	-0.913319	115.030388	0.008504	13.1
1606	-0.000000	114.989951	0.000000	9.6
1607	0.000000	114.949551	0.000000	11.9
1608	-0.000008	114.909190	0.000004	9.5
1609	-0.032663	114.868866	0.001259	9.5
1610	-0.414006	114.828580	0.007320	11.6
1611	-0.216773	114.788332	0.002316	9.2
1612	0.000000	114.748121	0.000000	9.9
1613	-0.128533	114.707948	0.002011	12.0
1614	-0.000000	114.667812	0.000000	11.9
1615	-1.380736	114.627714	0.009951	10.2
1616	-1.215588	114.587653	0.020255	10.8
1617	-0.204194	114.547629	0.002641	11.4
1618	-1.405085	114.507643	0.009402	9.5
1619	-0.746055	114.467693	0.008337	10.1
1620	-1.468110	114.427781	0.019370	9.7
1621	-1.544139	114.387907	0.013114	11.2
1622	-0.385802	114.348069	0.007783	9.1
1623	-1.640972	114.308268	0.019377	10.0
1624	-0.822890	114.268504	0.005214	9.0
1625	-1.608719	114.228777	0.015752	10.6
1626	-0.000607	114.189086	0.000157	10.3
1627	-0.075415	114.149433	0.002019	12.7
1628	-0.000009	114.109816	0.000004	16.3
1629	-0.364556	114.070235	0.004550	17.9
1630	-0.687990	114.030692	0.009188	16.6
1631	-1.352823	113.991185	0.010289	13.1
1632	-1.734358	113.951714	0.025409	16.5
1633	-1.087206	113.912280	0.004198	8.7
1634	-0.000000	113.872882	0.000000	17.4
1635	-1.284344	113.833521	0.008692	13.2
1636	-1.631249	113.794195	0.011707	18.2
1637	-0.518157	113.754906	0.007355	13.2
1638	-0.560795	113.715653	0.006241	17.6
1639	-1.676114	113.676437	0.009886	17.0
1640	-0.001271	113.637256	0.000203	12.2
1641	-0.434261	113.598111	0.003838	19.8
1642	-0.000000	113.559002	0.000000	15.4
1643	-1.138080	113.519929	0.007895	16.4
1644	-0.000020	113.480892	0.000010	17.8
1645	-0.000000	113.441891	0.000000	17.8
1646	-1.702920	113.402925	0.010139	17.5
1647	-1.525655	113.363995	0.010679	12.9
1648	-1.010407	113.325101	0.014891	8.1
1649	-1.311651	113.286242	0.018855	10.9
1650	-0.000000	113.247419	0.000000	13.2
1651	-0.564806	113.208631	0.002923	11.8
1652	-1.000341	113.169879	0.005863	11.7
1653	-0.031656	113.131162	0.001334	12.1
1654	-1.196637	113.092480	0.010338	11.0
1655	-0.000000	113.053833	0.000000	11.2
1656	-1.462989	113.015222	0.008962	8.9
1657	-0.204384	112.976646	0.003872	11.7
1658	-1.174170	112.938105	0.006546	11.3
1659	-0.844766	112.899599	0.012023	12.3
1660	-1.024305	112.861128	0.010102	9.3
1661	-0.000000	112.822692	0.000000	9.8
1662	-0.744718	112.784291	0.009921	10.2
1663	-0.000000	112.745924	0.000000	8.8
1664	-1.316548	112.707593	0.011872	12.6
1665	-0.000000	112.669296	0.000000	8.6
1666	-1.035553	112.631034	0.018330	9.0
1667	-0.109731	112.592806	0.002248	8.2
1668	-0.000000	112.554613	0.000000	7.8
1669	-1.795862	112.516455	0.010026	9.7
1670	-1.259700	112.478331	0.011948	8.8
1671	-0.137648	112.440241	0.002454	10.1
1672	-1.601616	112.402186	0.008372	9.7
1673	-0.000000	112.364165	0.000000	9.2
1674	-0.020426	112.326179	0.000320	8.8
1675	-0.024582	112.288227	0.001135	11.9
1676	-1.187263	112.250309	0.020742	9.6
1677	-1.307864	112.212425	0.012133	9.8
1678	-0.860121	112.174575	0.010120	11.6
1679	-0.213721	112.136759	0.002766	9.8
1680	-0.000000	112.098977	0.000000	9.7
1681	-0.366340	112.061229	0.004976	9.9
1682	-1.657262	112.023515	0.010366	9.0
1683	-0.000000	111.985834	0.000000	9.4
1684	-1.180431	111.948188	0.017562	9.2
1685	-1.642557	111.910575	0.012254	8.7
1686	-0.000000	111.872996	0.000000	8.8
1687	-0.018458	111.835450	0.000533	9.5
1688	-1.121693	111.797939	0.012360	8.6
1689	-0.000000	111.760460	0.000000	10.1
1690	-1.130169	111.723015	0.005777	13.9
1691	-0.220372	111.685604	0.003117	9.3
1692	-0.000000	111.648226	0.000000	11.7
1693	-0.412110	111.610881	0.005263	13.2
1694	-0.000000	111.573570	0.000000	8.4
1695	-0.643849	111.536292	0.008828	11.7
1696	-0.000000	111.499047	0.000000	11.3
1697	-0.002278	111.461835	0.000662	8.9
1698	-0.114211	111.424656	0.001656	10.2
1699	-0.000000	111.387510	0.000000	11.3
1700	-0.000000	111.350398	0.000000	10.1
1701	-0.946375	111.313318	0.009125	15.6
1702	-0.004115	111.276271	0.000534	9.2
1703	-0.242203	111.239257	0.002272	9.7
1704	-1.265402	111.202276	0.010206	10.3
1705	-0.537173	111.165328	0.005352	11.5
1706	-1.480102	111.128412	0.008669	9.6
1707	-1.581821	111.091529	0.028372	7.7
1708	-0.151098	111.054679	0.002969	8.6
1709	-0.169124	111.017861	0.002561	9.5
1710	-0.218831	110.981076	0.004519	9.6
1711	-0.880488	110.944323	0.009469	8.5
1712	-0.157350	110.907603	0.003215	9.0
1713	-0.532208	110.870915	0.009366	8.9
1714	-0.846754	110.834259	0.011885	10.4
1715	-1.193838	110.797636	0.012190	8.9
1716	-0.019118	110.761045	0.000849	9.3
1717	-0.000000	110.724486	0.000000	10.4
1718	-0.070001	110.687959	0.002557	8.0
1719	-1.469981	110.651465	0.017515	10.0
1720	-1.121189	110.615002	0.010907	11.5
1721	-0.253656	110.578572	0.004766	21.4
1722	-0.195307	110.542173	0.002403	9.0
1723	-1.415350	110.505807	0.010006	27.7
1724	-0.308963	110.469472	0.003094	15.0
1725	-1.255484	110.433169	0.023481	26.4
1726	-0.715076	110.396898	0.010557	16.1
1727	-0.000000	110.360659	0.000000	18.0
1728	-0.244832	110.324451	0.004466	20.0
1729	-0.525038	110.288276	0.006657	16.7
1730	-0.990301	110.252131	0.017353	11.5
1731	-1.085660	110.216019	0.010276	10.5
1732	-1.737366	110.179937	0.015340	8.1
1733	-1.287025	110.143888	0.009171	12.9
1734	-1.559105	110.107869	0.017368	9.9
1735	-0.967683	110.071882	0.006795	9.8
1736	-1.561322	110.035927	0.016247	9.6
1737	-0.063337	110.000003	0.001197	10.5
1738	-0.000000	109.964110	0.000000	9.6
1739	-1.441628	109.928248	0.014803	17.2
1740	-0.736760	109.892417	0.009762	8.7
1741	-1.335770	109.856618	0.014884	10.4
1742	-0.000000	109.820850	0.000000	9.5
1743	-0.000000	109.785112	0.000000	9.1
1744	-0.272738	109.749406	0.003599	9.3
1745	-1.481009	109.713730	0.013054	9.8
1746	-0.036806	109.678086	0.002919	8.3
1747	-1.365412	109.642472	0.009518	9.1
1748	-0.000000	109.606890	0.000000	9.7
1749	-0.011933	109.571337	0.000534	8.4
1750	-0.876185	109.535816	0.018977	9.2
1751	-0.000002	109.500326	0.000001	9.0
1752	-0.000000	109.464866	0.000000	9.9
1753	-0.167186	109.429436	0.003369	8.0
1754	-0.787014	109.394038	0.012016	8.8
1755	-1.548572	109.358669	0.014526	9.6
1756	-0.000000	109.323331	0.000000	9.7
1757	-1.668111	109.288024	0.013009	9.6
1758	-1.100734	109.252747	0.017687	8.5
1759	-1.429860	109.217501	0.026052	9.7
1760	-0.000000	109.182284	0.000000	9.3
1761	-1.118802	109.147098	0.016388	11.5
1762	-1.500398	109.111942	0.036249	10.7
1763	-1.663730	109.076817	0.011556	9.5
1764	-1.573190	109.041721	0.012108	8.8
1765	-0.000000	109.006656	0.000000	11.5
1766	-0.837113	108.971620	0.009863	10.3
1767	-1.255375	108.936615	0.008501	10.4
1768	-0.722050	108.901640	0.012253	9.8
1769	-0.000000	108.866694	0.000000	12.5
1770	-1.374421	108.831779	0.015141	9.9
1771	-0.440963	108.796893	0.005155	10.1
1772	-0.000620	108.762037	0.000162	9.6
1773	-1.263150	108.727211	0.011339	8.8
1774	-0.000112	108.692415	0.000039	10.4
1775	-0.000000	108.657648	0.000000	9.5
1776	-0.891899	108.622911	0.007339	10.9
1777	-0.019802	108.588203	0.001102	11.9
1778	-0.000000	108.553525	0.000000	12.0
1779	-0.215596	108.518877	0.004303	8.9
1780	-0.993831	108.484258	0.014622	9.9
1781	-0.005592	108.449668	0.000852	8.9
1782	-1.347071	108.415108	0.010071	15.8
1783	-0.510023	108.380578	0.005640	9.5
1784	-1.710258	108.346076	0.009164	8.7
1785	-1.628988	108.311604	0.020855	10.5
1786	-0.031597	108.277161	0.001097	11.7
1787	-1.602410	108.242747	0.019917	13.0
1788	-0.533708	108.208363	0.005955	14.3
1789	-1.457078	108.174007	0.019450	11.5
1790	-1.078868	108.139681	0.008909	9.8
1791	-0.641545	108.105383	0.008823	11.9
1792	-0.967599	108.071115	0.010453	10.5
1793	-0.142022	108.036875	0.002528	10.1
1794	-0.152918	108.002665	0.002329	8.6
1795	-0.207028	107.968483	0.003973	9.5
1796	-1.272395	107.934330	0.015473	10.0
1797	-1.316675	107.900206	0.010299	9.0
1798	-0.131956	107.866111	0.003230	9.9
1799	-0.656403	107.832044	0.005807	8.3
1800	-0.000000	107.798007	0.000000	10.0
1801	-1.073429	107.763997	0.007139	9.0
1802	-0.000000	107.730017	0.000000	8.7
1803	-0.935095	107.696065	0.015126	10.4
1804	-1.362997	107.662141	0.008954	9.8
1805	-1.709854	107.628246	0.016262	8.2
1806	-0.355205	107.594379	0.003152	9.2
1807	-0.978259	107.560541	0.020666	8.9
1808	-0.000000	107.526731	0.000000	8.8
1809	-0.003690	107.492949	0.000718	10.3
1810	-0.000002	107.459196	0.000001	8.2
1811	-0.000000	107.425471	0.000000	8.1
1812	-0.024407	107.391774	0.001023	8.8
1813	-0.026860	107.358106	0.000613	9.6
1814	-0.741040	107.324465	0.004596	8.2
1815	-0.000000	107.290853	0.000000	8.7
1816	-0.816445	107.257268	0.005793	13.7
1817	-1.228390	107.223712	0.004454	8.8
1818	-1.388860	107.190184	0.013463	10.1
1819	-1.401680	107.156683	0.018659	8.8
1820	-0.699386	107.123211	0.009322	9.0
1821	-0.065955	107.089766	0.003212	8.7
1822	-0.428869	107.056349	0.003786	8.8
1823	-1.381437	107.022960	0.010627	8.6
1824	-1.390194	106.989599	0.010678	7.7
1825	-0.329463	106.956265	0.003022	9.7
1826	-0.985795	106.922960	0.022639	8.2
1827	-1.601051	106.889681	0.017135	9.8
1828	-1.198852	106.856431	0.006640	9.0
1829	-0.078997	106.823208	0.001838	7.3
1830	-0.000000	106.790012	0.000000	8.0
1831	-1.625742	106.756844	0.020598	9.4
1832	-0.000000	106.723703	0.000000	8.8
1833	-0.278251	106.690590	0.006270	10.7
1834	-0.339632	106.657505	0.005670	8.4
1835	-0.000000	106.624446	0.000000	8.8
1836	-0.367837	106.591415	0.007403	8.3
1837	-1.277578	106.558411	0.014168	9.0
1838	-1.636946	106.525435	0.014730	8.4
1839	-1.175368	106.492485	0.011403	7.9
1840	-1.577656	106.459563	0.008623	10.8
1841	-0.000006	106.426668	0.000002	12.5
1842	-0.002007	106.393800	0.000463	8.7
1843	-0.787851	106.360959	0.012572	9.4
1844	-0.524931	106.328145	0.014011	9.3
1845	-0.028194	106.295358	0.001198	14.7
1846	-1.369891	106.262598	0.013240	10.3
1847	-0.799788	106.229865	0.015140	11.6
1848	-0.898745	106.197158	0.010346	9.3
1849	-0.002927	106.164479	0.000530	22.9
1850	-1.217728	106.131826	0.018557	10.5
1851	-1.200533	106.099201	0.010229	9.4
1852	-0.476941	106.066602	0.007174	10.8
1853	-0.552203	106.034029	0.007528	10.8
1854	-0.955034	106.001483	0.012516	9.6
1855	-0.000000	105.968964	0.000000	9.9
1856	-1.409814	105.936472	0.011019	10.1
1857	-0.154192	105.904006	0.002302	10.2
1858	-1.515302	105.871566	0.012363	11.1
1859	-0.000000	105.839153	0.000000	10.5
1860	-0.035370	105.806767	0.001363	9.2
1861	-0.517587	105.774407	0.003797	10.1
1862	-1.699769	105.742073	0.017829	9.0
1863	-1.356632	105.709766	0.010986	14.1
1864	-0.823487	105.677485	0.007721	8.7
1865	-0.017236	105.645230	0.001255	10.9
1866	-0.150839	105.613001	0.002681	12.1
1867	-0.000000	105.580799	0.000000	9.6
1868	-0.033798	105.548623	0.000977	9.8
1869	-1.571490	105.516473	0.021026	11.6
1870	-0.850984	105.484349	0.012208	9.9
1871	-0.346774	105.452251	0.002715	9.1
1872	-0.923761	105.420179	0.012438	10.3
1873	-0.000000	105.388133	0.000000	10.8
1874	-0.000000	105.356113	0.000000	8.8
1875	-1.034293	105.324119	0.005693	10.7
1876	-0.000000	105.292151	0.000000	9.4
1877	-0.259791	105.260209	0.003273	12.9
1878	-0.008720	105.228293	0.000638	8.8
1879	-0.908491	105.196402	0.016175	9.3
1880	-0.065969	105.164537	0.002779	10.8
1881	-1.613887	105.132698	0.011275	9.1
1882	-0.021338	105.100885	0.000808	8.8
1883	-1.185975	105.069097	0.008478	12.3
1884	-0.021942	105.037335	0.000807	10.2
1885	-1.485910	105.005598	0.017219	11.1
1886	-0.032098	104.973887	0.001675	8.2
1887	-1.691566	104.942202	0.013619	9.3
1888	-0.218531	104.910542	0.003755	11.2
1889	-0.012672	104.878907	0.000882	8.8
1890	-0.000000	104.847298	0.000000	8.9
1891	-1.444397	104.815715	0.027592	13.4
1892	-0.000000	104.784156	0.000000	15.8
1893	-0.000000	104.752623	0.000000	12.0
1894	-0.000000	104.721116	0.000000	9.0
1895	-1.491661	104.689633	0.010276	10.3
1896	-0.097186	104.658176	0.000990	8.8
1897	-1.193165	104.626744	0.015901	12.8
1898	-0.000000	104.595337	0.000000	9.0
1899	-0.000000	104.563955	0.000000	9.5
1900	-0.488831	104.532599	0.004636	8.7
1901	-0.000000	104.501267	0.000000	12.2
1902	-1.245467	104.469960	0.009719	9.6
1903	-0.562104	104.438679	0.005804	10.3
1904	-1.194632	104.407422	0.005509	12.2
1905	-0.977203	104.376191	0.009608	10.3
1906	-0.000000	104.344984	0.000000	8.9
1907	-0.268448	104.313802	0.003638	10.1
1908	-1.557942	104.282645	0.018657	10.3
1909	-1.688688	104.251513	0.023322	8.4
1910	-0.008222	104.220405	0.000109	11.6
1911	-0.993278	104.189323	0.025097	8.5
1912	-0.003608	104.158265	0.000530	11.8
1913	-0.871095	104.127231	0.005184	8.6
1914	-0.009022	104.096222	0.000738	9.7
1915	-1.638634	104.065238	0.019687	8.2
1916	-1.478687	104.034279	0.011533	12.2
1917	-0.117296	104.003344	0.003445	10.0
1918	-0.690540	103.972433	0.008716	11.0
1919	-0.000019	103.941547	0.000009	9.4
1920	-0.860732	103.910686	0.013839	13.1
1921	-0.696164	103.879849	0.007078	9.9
1922	-1.105379	103.849036	0.006812	8.3
1923	-0.000000	103.818248	0.000000	11.1
1924	-0.320148	103.787484	0.002478	9.7
1925	-0.000000	103.756744	0.000000	8.1
1926	-0.360810	103.726029	0.006056	11.5
1927	-1.301701	103.695338	0.008141	12.1
1928	-1.327417	103.664671	0.010335	11.3
1929	-0.649925	103.634028	0.004825	11.0
1930	-0.000000	103.603409	0.000000	11.9
1931	-0.362072	103.572814	0.006445	12.0
1932	-1.302598	103.542244	0.009916	8.6
1933	-0.115869	103.511698	0.004237	10.9
1934	-1.279423	103.481175	0.013083	10.4
1935	0.000000	103.450677	0.000000	9.9
1936	-0.139077	103.420202	0.001592	20.5
1937	-1.330677	103.389752	0.020219	17.8
1938	-0.171198	103.359325	0.004893	25.6
1939	-0.000000	103.328922	0.000000	30.8
1940	-0.844073	103.298543	0.010998	15.8
1941	-1.296278	103.268188	0.009461	22.2
1942	-1.391550	103.237857	0.012381	14.3
1943	-0.000000	103.207549	0.000000	14.0
1944	-0.000000	103.177265	0.000000	13.3
1945	-0.000018	103.147005	0.000008	14.5
1946	-0.313125	103.116768	0.003315	14.7
1947	-1.290021	103.086556	0.006678	22.7
1948	-0.528959	103.056366	0.007181	8.2
1949	-1.685051	103.026200	0.006286	13.6
1950	-0.000000	102.996058	0.000000	29.7
1951	-0.933234	102.965939	0.003826	25.4
1952	-1.318628	102.935844	0.023399	14.9
1953	-0.029438	102.905772	0.000917	16.9
1954	-1.010143	102.875724	0.011994	14.1
1955	-0.950723	102.845699	0.008383	10.4
1956	-0.000000	102.815697	0.000000	10.8
1957	-1.516972	102.785719	0.013017	10.7
1958	-0.661735	102.755764	0.006239	8.8
1959	-1.297174	102.725832	0.016207	10.9
1960	-1.659572	102.695924	0.009413	12.7
1961	-1.448482	102.666038	0.006162	9.7
1962	-0.397315	102.636176	0.006713	9.1
1963	-1.077699	102.606337	0.012695	20.1
1964	-0.516525	102.576521	0.006711	11.2
1965	-0.972495	102.546728	0.014406	11.4
1966	-0.770048	102.516959	0.004566	9.8
1967	-0.000643	102.487212	0.000120	8.5
1968	-1.504144	102.457488	0.007478	10.3
1969	-1.371559	102.427788	0.008714	8.6
1970	-0.818895	102.398110	0.002947	7.9
1971	-0.448256	102.368455	0.003541	11.5
1972	-0.404167	102.338823	0.003089	10.9
1973	-1.382576	102.309214	0.008452	10.4
1974	-0.510420	102.279628	0.006095	10.1
1975	-0.331246	102.250064	0.003273	8.8
1976	-0.000000	102.220524	0.000000	11.8
1977	-0.665229	102.191006	0.008643	11.5
1978	-0.000001	102.161511	0.000001	8.8
1979	-1.508553	102.132038	0.021576	11.6
1980	-0.743948	102.102588	0.006388	9.6
1981	-0.000836	102.073161	0.000264	8.8
1982	-0.000000	102.043757	0.000000	11.1
1983	-1.594126	102.014375	0.008684	11.7
1984	-1.454921	101.985015	0.015696	10.9
1985	-1.250283	101.955678	0.011248	10.1
1986	-0.005521	101.926364	0.000315	13.9
1987	-1.538898	101.897072	0.022353	10.8
1988	-1.137224	101.867802	0.016199	10.0
1989	-0.578753	101.838555	0.002003	9.0
1990	-0.024513	101.809330	0.001033	9.7
1991	-0.000000	101.780128	0.000000	10.6
1992	-0.000000	101.750948	0.000000	9.0
1993	-0.797086	101.721790	0.007788	9.1
1994	-1.520959	101.692654	0.012329	9.0
1995	-1.638461	101.663541	0.008638	9.7
1996	-1.307753	101.634450	0.019859	9.1
1997	-0.980696	101.605381	0.018758	8.3
1998	-0.000000	101.576335	0.000000	12.7
1999	-0.003066	101.547310	0.000509	9.1
