1:ItNr	2:Metric	3:StepSize	4:||Gradient||	Time[ms]
0	-1.169177	627.201626	0.009215	622.0
1	-0.421660	623.504937	0.005005	9.4
2	-1.207297	619.865785	0.010203	9.3
3	-1.028499	616.282728	0.012545	8.9
4	-0.000000	612.754375	0.000000	9.4
5	-0.123745	609.279381	0.003369	8.6
6	-1.207040	605.856447	0.013579	8.7
7	-0.000000	602.484317	0.000000	8.7
8	-0.000180	599.161779	0.000088	9.4
9	-0.719390	595.887656	0.010852	8.2
10	-0.136873	592.660813	0.003375	9.0
11	-1.206772	589.480151	0.014270	9.1
12	-0.994550	586.344606	0.009561	15.7
13	-0.000000	583.253145	0.000000	8.5
14	-0.105857	580.204771	0.005389	11.6
15	-0.848328	577.198517	0.011630	9.3
16	-1.010204	574.233444	0.008061	8.6
17	-1.209867	571.308645	0.014017	9.1
18	-1.018318	568.423237	0.011296	8.3
19	-0.779963	565.576365	0.012472	12.2
20	-0.000000	562.767201	0.000000	9.2
21	-0.533822	559.994938	0.006191	13.2
22	-1.242991	557.258797	0.015644	9.6
23	-0.000000	554.558018	0.000000	9.2
24	-1.100093	551.891865	0.009791	11.8
25	-0.850790	549.259621	0.013006	8.6
26	-1.026748	546.660592	0.009971	8.4
27	-1.141901	544.094102	0.014743	9.9
28	-0.031352	541.559494	0.001972	9.3
29	-0.752972	539.056129	0.006475	9.3
30	-0.000000	536.583387	0.000000	19.4
31	-0.877615	534.140663	0.008768	8.4
32	-0.000000	531.727370	0.000000	8.9
33	-0.481316	529.342935	0.007478	9.6
34	-0.460370	526.986802	0.007993	9.8
35	-0.000000	524.658430	0.000000	12.1
36	-0.093419	522.357290	0.001493	8.3
37	-0.002283	520.082868	0.000118	8.7
38	-0.024505	517.834665	0.001421	8.5
39	-0.899009	515.612193	0.009762	11.6
40	-0.909868	513.414976	0.012721	8.6
41	-0.007584	511.242551	0.000495	12.5
42	-1.319731	509.094468	0.011827	9.0
43	-1.035541	506.970285	0.014550	9.1
44	-0.000000	504.869574	0.000000	8.7
45	-0.027026	502.791916	0.002089	9.3
46	-0.012123	500.736903	0.000881	8.7
47	-1.076039	498.704137	0.005982	8.6
48	-0.000000	496.693228	0.000000	8.5
49	-0.000000	494.703798	0.000000	8.3
50	-0.111469	492.735476	0.001883	8.8
51	-0.000000	490.787900	0.000000	7.3
52	-1.208298	488.860718	0.011792	9.8
53	-1.278453	486.953585	0.011109	10.0
54	-0.528799	485.066164	0.007652	7.8
55	-0.225406	483.198126	0.005283	8.0
56	-0.000000	481.349149	0.000000	8.2
57	-0.086076	479.518920	0.002287	9.7
58	-0.866580	477.707132	0.013193	9.7
59	-0.682288	475.913485	0.008417	8.6
60	-0.297946	474.137684	0.004574	8.0
61	-1.294013	472.379445	0.009574	9.2
62	-0.000000	470.638485	0.000000	10.0
63	-0.000000	468.914531	0.000000	8.2
64	-0.839749	467.207315	0.010034	9.8
65	-1.157430	465.516573	0.011063	9.4
66	-0.000000	463.842050	0.000000	9.9
67	-1.105389	462.183494	0.010683	9.9
68	-1.328910	460.540658	0.010585	12.3
69	-0.061413	458.913303	0.002323	8.7
70	-0.000004	457.301192	0.000005	8.9
71	-0.727617	455.704096	0.007856	11.4
72	-0.002104	454.121787	0.000252	8.9
73	-0.837566	452.554045	0.004767	9.1
74	-1.334201	451.000653	0.010102	8.7
75	-1.178252	449.461399	0.011575	9.7
76	-0.000000	447.936075	0.000000	11.4
77	-0.919912	446.424477	0.007778	9.0
78	-0.001898	444.926406	0.000716	8.9
79	-0.261187	443.441666	0.004572	10.4
80	-0.488356	441.970065	0.011200	7.5
81	-1.313266	440.511415	0.018334	8.8
82	-1.078811	439.065533	0.010676	8.0
83	-1.040099	437.632238	0.015908	8.6
84	-0.036133	436.211351	0.000644	10.9
85	-0.150194	434.802701	0.002830	10.1
86	-0.000000	433.406117	0.000000	9.1
87	-0.000000	432.021430	0.000000	9.7
88	-0.000000	430.648479	0.000000	7.7
89	-0.004228	429.287101	0.001170	10.8
90	-0.044955	427.937140	0.001061	10.8
91	-0.000000	426.598440	0.000000	9.1
92	-0.844106	425.270849	0.011160	7.8
93	-0.003659	423.954220	0.000422	8.4
94	-1.130604	422.648404	0.010773	9.7
95	-0.000000	421.353259	0.000000	9.0
96	-0.000000	420.068643	0.000000	8.4
97	-0.001541	418.794419	0.000008	9.9
98	-0.275561	417.530451	0.005458	9.7
99	-0.000000	416.276604	0.000000	9.5
100	-0.957175	415.032748	0.008605	8.9
101	-0.668506	413.798754	0.008643	8.2
102	-0.000000	412.574495	0.000000	9.6
103	-0.492257	411.359849	0.006232	9.0
104	-1.029760	410.154691	0.007330	9.1
105	-1.105354	408.958904	0.010881	15.1
106	-1.313380	407.772368	0.008192	8.9
107	-1.234080	406.594968	0.011857	15.2
108	-0.497143	405.426590	0.005602	17.3
109	-0.181008	404.267122	0.002097	10.7
110	-1.000421	403.116456	0.007756	16.3
111	-0.097501	401.974481	0.003798	13.9
112	-0.028711	400.841093	0.001409	15.7
113	-1.006226	399.716187	0.008195	23.7
114	-0.193933	398.599660	0.001685	14.6
115	-0.002848	397.491411	0.000494	21.3
116	-0.000000	396.391342	0.000000	14.7
117	-0.310712	395.299353	0.003745	14.5
118	-1.160747	394.215350	0.009598	14.9
119	-0.433960	393.139238	0.004713	14.9
120	-0.979582	392.070924	0.006880	13.9
121	-0.551220	391.010316	0.004353	16.8
122	-0.011995	389.957325	0.000203	27.5
123	-0.886722	388.911862	0.006375	16.6
124	-1.139583	387.873839	0.010024	12.9
125	-1.287981	386.843173	0.009101	22.0
126	-0.000000	385.819777	0.000000	34.1
127	-0.823668	384.803569	0.006698	17.7
128	-0.159584	383.794468	0.003057	18.5
129	-0.000000	382.792393	0.000000	13.8
130	-1.249726	381.797264	0.012242	18.7
131	-0.957141	380.809005	0.011976	15.3
132	-0.180702	379.827537	0.004594	23.4
133	-0.252174	378.852786	0.001745	15.4
134	-0.975414	377.884678	0.010216	13.1
135	-1.090940	376.923138	0.010627	9.5
136	-0.000000	375.968095	0.000000	8.9
137	-1.298940	375.019479	0.011266	13.4
138	-0.965135	374.077218	0.008825	9.7
139	-0.685415	373.141244	0.003507	8.5
140	-0.074614	372.211489	0.002653	8.5
141	-1.273654	371.287887	0.012088	10.3
142	-1.255614	370.370370	0.009229	9.7
143	-0.247080	369.458876	0.003043	9.9
144	-0.076727	368.553338	0.001995	10.2
145	-0.027449	367.653696	0.001362	9.1
146	-0.277737	366.759885	0.002157	16.4
147	-0.392238	365.871846	0.007766	10.1
148	-0.055346	364.989518	0.001098	10.2
149	-0.748705	364.112841	0.008731	12.1
150	-0.000000	363.241757	0.000000	8.2
151	-0.502224	362.376208	0.006289	9.2
152	-0.000000	361.516137	0.000000	8.7
153	-1.059464	360.661488	0.012301	10.1
154	-1.239136	359.812206	0.012021	8.4
155	-0.585864	358.968236	0.003637	9.4
156	-0.982826	358.129524	0.008049	9.6
157	-0.751230	357.296018	0.009180	16.0
158	-0.000000	356.467665	0.000000	9.5
159	-1.409622	355.644414	0.015141	8.1
160	-1.252280	354.826213	0.010376	15.4
161	-1.385494	354.013012	0.010124	10.6
162	-0.000000	353.204763	0.000000	8.8
163	-0.000001	352.401415	0.000000	8.5
164	-0.010323	351.602922	0.000098	9.0
165	-0.000000	350.809235	0.000000	7.8
166	-0.177062	350.020308	0.003012	9.9
167	-1.128364	349.236095	0.006771	11.3
168	-0.550320	348.456550	0.005254	8.9
169	-0.000000	347.681627	0.000000	9.6
170	-1.299229	346.911283	0.008637	8.5
171	-1.323542	346.145474	0.011729	9.3
172	-0.491798	345.384157	0.003108	9.3
173	-1.307031	344.627288	0.011700	8.4
174	-1.238769	343.874826	0.012499	9.1
175	-0.000000	343.126729	0.000000	9.0
176	-0.705107	342.382957	0.012202	9.4
177	-0.000014	341.643469	0.000013	8.9
178	-0.800660	340.908224	0.006601	8.6
179	-1.038903	340.177184	0.016474	8.8
180	-1.082222	339.450309	0.008014	10.0
181	-0.027010	338.727561	0.001437	9.0
182	-0.646887	338.008902	0.008503	9.9
183	-0.022033	337.294295	0.000292	10.1
184	-1.237720	336.583703	0.014418	14.6
185	-1.203015	335.877089	0.011488	11.0
186	-0.986614	335.174416	0.014392	9.7
187	-1.070033	334.475651	0.006273	8.7
188	-0.000000	333.780756	0.000000	9.2
189	-0.000000	333.089698	0.000000	8.5
190	-0.000000	332.402443	0.000000	9.1
191	-0.745929	331.718955	0.019467	10.0
192	-1.346281	331.039203	0.012870	9.3
193	-0.000000	330.363153	0.000000	8.6
194	-0.047720	329.690771	0.000633	9.8
195	-0.000000	329.022027	0.000000	9.7
196	-1.139619	328.356888	0.007765	9.0
197	-0.000000	327.695322	0.000000	8.9
198	-0.828533	327.037299	0.008063	11.7
199	-0.000000	326.382787	0.000000	10.1
200	-0.036770	325.731758	0.001402	11.7
201	-0.000000	325.084179	0.000000	8.4
202	-0.320158	324.440023	0.002949	11.4
203	-1.286711	323.799258	0.008446	11.0
204	-0.664953	323.161858	0.011263	9.3
205	-0.000000	322.527792	0.000000	9.8
206	-0.206874	321.897034	0.001994	15.3
207	-0.000000	321.269554	0.000000	10.7
208	-0.000000	320.645325	0.000000	8.9
209	-0.520502	320.024320	0.006402	12.7
210	-0.217778	319.406512	0.004863	9.0
211	-1.221888	318.791875	0.017291	9.4
212	-0.143053	318.180381	0.003376	9.0
213	-0.000000	317.572005	0.000000	8.4
214	-0.983226	316.966721	0.006602	9.1
215	-0.000000	316.364504	0.000000	12.1
216	-0.000000	315.765329	0.000000	9.4
217	-0.006471	315.169170	0.000768	9.2
218	-1.231730	314.576003	0.009106	13.5
219	-1.175368	313.985804	0.007329	14.6
220	-1.116370	313.398548	0.007124	9.2
221	-0.000000	312.814213	0.000000	9.0
222	-0.014869	312.232773	0.000314	9.8
223	-0.578319	311.654207	0.009200	11.1
224	-1.034448	311.078491	0.007441	9.5
225	-0.000053	310.505602	0.000035	10.3
226	-0.000000	309.935518	0.000000	12.1
227	-0.248111	309.368217	0.005341	10.1
228	-1.297744	308.803676	0.009675	10.0
229	-0.000000	308.241874	0.000000	11.3
230	-0.772497	307.682789	0.007806	8.2
231	-0.000000	307.126400	0.000000	9.5
232	-0.000000	306.572687	0.000000	12.3
233	-0.179747	306.021627	0.003021	10.2
234	-0.837447	305.473201	0.008384	9.0
235	-0.000000	304.927388	0.000000	9.0
236	-0.573892	304.384168	0.009734	8.7
237	-0.172548	303.843521	0.003560	9.2
238	-1.277543	303.305427	0.009995	11.3
239	-0.210528	302.769867	0.003633	9.2
240	-0.864151	302.236821	0.012235	9.6
241	-0.017151	301.706270	0.001928	9.7
242	-0.581682	301.178196	0.004018	10.7
243	-0.345991	300.652580	0.003059	9.4
244	-1.274624	300.129402	0.013481	9.7
245	-1.406021	299.608645	0.011303	9.0
246	-0.000000	299.090291	0.000000	8.0
247	-0.959880	298.574321	0.010440	8.8
248	-0.047508	298.060718	0.002979	10.7
249	-1.368116	297.549465	0.009934	9.6
250	-0.986015	297.040543	0.011239	8.9
251	-0.170425	296.533936	0.001294	10.6
252	-0.000000	296.029626	0.000000	8.9
253	-0.461459	295.527597	0.005618	8.4
254	-1.281172	295.027832	0.014059	9.2
255	-0.000158	294.530315	0.000104	9.4
256	-0.000011	294.035028	0.000008	10.4
257	-0.630100	293.541956	0.008117	9.2
258	-0.000000	293.051083	0.000000	7.6
259	-1.081577	292.562393	0.010339	8.9
260	-0.000000	292.075870	0.000000	10.1
261	-1.009454	291.591498	0.009895	8.4
262	-0.000000	291.109263	0.000000	8.7
263	-0.602704	290.629149	0.006129	11.4
264	-0.419018	290.151140	0.005620	16.7
265	-1.018725	289.675222	0.009552	16.4
266	-0.000000	289.201380	0.000000	24.6
267	-0.000000	288.729600	0.000000	32.3
268	-0.000195	288.259866	0.000118	15.7
269	-1.138696	287.792165	0.011215	16.6
270	-0.000000	287.326481	0.000000	14.3
271	-0.241912	286.862802	0.002927	19.1
272	-0.805799	286.401113	0.005015	15.0
273	-0.937067	285.941400	0.004343	15.2
274	-0.039048	285.483649	0.001119	14.6
275	-0.004794	285.027847	0.001082	15.0
276	-0.393616	284.573981	0.006778	31.7
277	-0.172651	284.122037	0.002012	16.3
278	-0.670639	283.672002	0.008736	22.0
279	-0.000000	283.223863	0.000000	12.0
280	-1.359842	282.777607	0.007566	9.9
281	-0.000000	282.333221	0.000000	10.6
282	-0.395122	281.890692	0.006972	7.5
283	-0.134643	281.450008	0.001290	10.5
284	-1.263633	281.011157	0.010638	9.5
285	-0.932880	280.574125	0.008702	8.3
286	-0.000275	280.138901	0.000028	9.0
287	-1.231165	279.705473	0.008725	13.9
288	-0.000000	279.273829	0.000000	8.1
289	-0.002599	278.843956	0.000660	9.5
290	-0.749334	278.415844	0.007213	10.6
291	-0.986898	277.989479	0.007612	9.2
292	-0.000000	277.564851	0.000000	8.4
293	-0.000000	277.141949	0.000000	9.1
294	-0.523944	276.720761	0.006263	9.1
295	-0.352995	276.301275	0.002561	10.7
296	-1.136649	275.883480	0.012000	9.3
297	-0.788119	275.467366	0.007190	10.3
298	-0.094711	275.052922	0.002695	9.1
299	-0.000000	274.640136	0.000000	13.0
300	-0.756632	274.228998	0.008055	8.8
301	-0.242926	273.819497	0.003123	9.9
302	-0.000000	273.411623	0.000000	9.4
303	-1.051180	273.005365	0.009533	9.5
304	-0.000000	272.600712	0.000000	8.7
305	-0.000000	272.197655	0.000000	9.2
306	-0.000000	271.796184	0.000000	9.5
307	-0.030373	271.396287	0.001836	10.2
308	-0.000000	270.997956	0.000000	10.7
309	-0.785716	270.601180	0.006367	8.5
310	-0.000000	270.205949	0.000000	7.9
311	-0.578324	269.812254	0.005017	8.5
312	-1.314970	269.420085	0.013332	9.9
313	-0.078180	269.029432	0.001993	10.9
314	-0.453682	268.640287	0.004413	8.7
315	-0.755566	268.252638	0.006106	9.6
316	-0.000000	267.866478	0.000000	10.7
317	-0.306842	267.481796	0.003128	8.4
318	-0.000000	267.098584	0.000000	9.7
319	-0.000000	266.716833	0.000000	9.2
320	-1.205339	266.336533	0.009098	9.4
321	-0.000000	265.957676	0.000000	10.1
322	-0.000000	265.580253	0.000000	9.7
323	-1.216677	265.204254	0.009038	10.3
324	-0.100606	264.829672	0.001291	11.3
325	-0.473043	264.456497	0.004900	12.2
326	-0.000000	264.084721	0.000000	12.0
327	-0.000000	263.714335	0.000000	11.3
328	-0.599039	263.345332	0.007213	10.3
329	-0.362130	262.977702	0.003097	9.7
330	-1.202784	262.611438	0.007514	11.2
331	-1.113984	262.246531	0.010409	12.0
332	-0.018805	261.882973	0.000798	9.4
333	-0.379662	261.520756	0.004862	11.0
334	-0.373723	261.159871	0.005265	10.2
335	-1.125275	260.800312	0.008136	11.6
336	-0.047094	260.442070	0.000980	9.0
337	-1.040572	260.085137	0.007791	11.1
338	-0.667233	259.729505	0.007045	10.6
339	-0.000000	259.375167	0.000000	12.4
340	-0.000000	259.022116	0.000000	11.2
341	-0.004250	258.670343	0.000679	11.2
342	-0.018353	258.319841	0.000481	9.6
343	-1.312285	257.970602	0.008173	12.1
344	-0.965004	257.622620	0.009913	10.9
345	-0.000000	257.275887	0.000000	12.3
346	-0.906598	256.930396	0.004638	9.3
347	-0.097248	256.586139	0.001623	11.8
348	-1.400434	256.243109	0.013974	11.6
349	-0.510190	255.901300	0.007451	10.8
350	-0.045233	255.560703	0.002477	10.7
351	-0.066918	255.221313	0.002070	11.1
352	-1.267939	254.883122	0.010931	10.9
353	-1.132243	254.546124	0.015439	10.4
354	-0.476737	254.210311	0.005134	11.7
355	-1.031265	253.875677	0.006748	9.6
356	-0.229493	253.542215	0.002454	10.6
357	-0.803126	253.209918	0.009267	8.7
358	-0.000000	252.878781	0.000000	9.5
359	-1.229082	252.548795	0.008585	9.2
360	-0.209357	252.219956	0.003141	9.0
361	-0.809276	251.892255	0.005760	9.6
362	-1.202473	251.565688	0.007665	12.7
363	-0.061550	251.240247	0.001003	11.3
364	-0.000000	250.915926	0.000000	14.2
365	-0.004731	250.592720	0.000375	11.3
366	-1.035816	250.270621	0.009519	10.6
367	-0.193035	249.949624	0.003462	10.3
368	-0.000000	249.629723	0.000000	9.2
369	-0.411310	249.310911	0.003326	10.4
370	-0.000000	248.993182	0.000000	9.1
371	-0.495335	248.676531	0.004076	8.6
372	-0.000000	248.360952	0.000000	8.8
373	-0.021283	248.046438	0.001153	8.6
374	-0.749435	247.732984	0.003617	9.2
375	-1.273631	247.420584	0.006702	14.1
376	-1.343424	247.109233	0.014421	15.2
377	-0.000000	246.798924	0.000000	10.1
378	-0.000000	246.489652	0.000000	8.0
379	-0.000000	246.181412	0.000000	8.9
380	-0.000000	245.874197	0.000000	10.0
381	-0.000000	245.568002	0.000000	9.7
382	-0.000000	245.262822	0.000000	9.7
383	-1.096686	244.958652	0.014086	8.3
384	-0.620285	244.655485	0.004832	8.1
385	-0.000000	244.353317	0.000000	9.2
386	-0.474344	244.052142	0.004552	9.0
387	-0.400606	243.751955	0.004752	9.7
388	-1.269587	243.452750	0.008098	8.6
389	-0.000000	243.154523	0.000000	9.3
390	-0.953626	242.857268	0.007960	8.7
391	-1.278975	242.560980	0.007708	8.6
392	-0.060554	242.265654	0.001944	10.0
393	-0.000000	241.971285	0.000000	8.3
394	-0.000000	241.677868	0.000000	13.6
395	-1.242558	241.385397	0.009555	8.5
396	-1.003502	241.093869	0.011097	9.3
397	-0.666368	240.803278	0.007678	8.6
398	-0.461836	240.513619	0.005126	11.3
399	-0.952298	240.224887	0.007260	10.2
400	-0.000000	239.937077	0.000000	9.0
401	-0.030780	239.650186	0.001160	9.6
402	-0.000000	239.364207	0.000000	9.2
403	-0.355668	239.079136	0.005825	9.2
404	-1.204913	238.794969	0.005344	9.6
405	-0.000000	238.511701	0.000000	8.7
406	-0.000100	238.229327	0.000056	9.1
407	-0.470386	237.947843	0.004851	11.4
408	-0.793442	237.667244	0.005816	6.9
409	-0.000000	237.387526	0.000000	9.1
410	-0.260104	237.108684	0.004830	9.3
411	-0.015787	236.830714	0.001036	9.8
412	-0.796295	236.553610	0.004721	8.3
413	-0.000000	236.277370	0.000000	10.1
414	-0.000000	236.001989	0.000000	8.7
415	-0.000000	235.727461	0.000000	9.4
416	-1.235579	235.453784	0.007306	9.1
417	-1.240387	235.180952	0.009285	9.1
418	-0.926561	234.908962	0.010109	10.0
419	-1.293254	234.637809	0.014106	9.9
420	-0.273297	234.367488	0.006215	9.5
421	-0.074492	234.097997	0.001242	8.2
422	-0.007382	233.829331	0.000442	9.3
423	-1.304467	233.561485	0.007421	8.5
424	-0.000000	233.294456	0.000000	9.0
425	-0.000000	233.028239	0.000000	9.7
426	-1.301101	232.762831	0.012680	8.5
427	-0.130959	232.498228	0.004553	8.7
428	-0.023570	232.234425	0.000791	10.2
429	-0.000000	231.971419	0.000000	8.8
430	-1.130297	231.709205	0.009822	9.7
431	-1.307595	231.447781	0.010271	9.3
432	-1.019563	231.187141	0.010662	12.3
433	-0.047013	230.927283	0.002300	8.4
434	-0.000000	230.668202	0.000000	8.6
435	-0.380877	230.409895	0.004497	8.5
436	-0.005926	230.152358	0.000161	8.9
437	-0.000000	229.895587	0.000000	8.5
438	-0.187241	229.639578	0.001960	8.8
439	-1.363274	229.384329	0.011213	9.9
440	-0.049816	229.129834	0.002207	9.1
441	-1.176290	228.876091	0.008747	12.8
442	-0.953848	228.623096	0.006061	9.2
443	-0.333454	228.370846	0.003860	9.9
444	-0.000000	228.119336	0.000000	9.3
445	-0.000000	227.868563	0.000000	8.6
446	-0.000000	227.618525	0.000000	10.3
447	-0.000000	227.369216	0.000000	11.6
448	-1.297219	227.120635	0.008303	8.8
449	-0.825163	226.872777	0.007667	8.4
450	-1.026190	226.625638	0.004194	9.0
451	-0.578547	226.379217	0.004535	8.8
452	-0.957297	226.133509	0.010377	8.9
453	-0.250360	225.888510	0.002805	8.7
454	-1.074477	225.644218	0.007546	8.5
455	-0.015563	225.400630	0.002336	10.7
456	-0.683737	225.157741	0.007012	7.9
457	-0.270084	224.915549	0.005204	8.7
458	-0.000000	224.674051	0.000000	8.8
459	-0.000000	224.433242	0.000000	9.2
460	-0.000000	224.193121	0.000000	9.4
461	-0.000000	223.953684	0.000000	8.7
462	-0.833678	223.714927	0.009180	8.5
463	-0.000000	223.476848	0.000000	12.9
464	-0.217647	223.239444	0.003017	7.4
465	-0.604778	223.002710	0.005335	8.5
466	-0.002606	222.766645	0.000718	9.1
467	-0.000000	222.531245	0.000000	8.9
468	-0.000000	222.296508	0.000000	8.9
469	-0.248188	222.062429	0.003018	9.5
470	-0.000000	221.829007	0.000000	11.4
471	-0.000000	221.596238	0.000000	9.6
472	-1.360918	221.364119	0.009548	8.7
473	-0.675229	221.132647	0.004832	13.6
474	-0.181849	220.901820	0.003421	9.4
475	-1.055970	220.671634	0.013339	9.1
476	-0.948367	220.442086	0.008111	8.9
477	-1.004951	220.213174	0.009946	9.0
478	-0.000000	219.984895	0.000000	11.1
479	-0.000000	219.757246	0.000000	8.8
480	-1.069022	219.530224	0.006161	8.9
481	-0.108098	219.303826	0.001402	8.5
482	-0.007978	219.078050	0.000745	8.7
483	-0.016186	218.852893	0.000427	8.6
484	-0.031468	218.628352	0.002412	8.5
485	-0.436448	218.404424	0.002539	8.5
486	-0.293400	218.181106	0.004524	8.5
487	-1.155769	217.958397	0.011895	9.9
488	-0.047487	217.736292	0.001593	8.8
489	-0.000000	217.514790	0.000000	9.2
490	-0.000000	217.293888	0.000000	8.8
491	-0.000000	217.073584	0.000000	8.6
492	-0.000000	216.853873	0.000000	10.3
493	-0.961548	216.634755	0.012500	9.1
494	-0.056096	216.416227	0.002079	8.7
495	-1.274334	216.198285	0.009824	9.0
496	-0.000000	215.980927	0.000000	9.3
497	-0.151866	215.764151	0.002342	10.0
498	-1.159640	215.547955	0.008289	8.5
499	-0.837308	215.332335	0.005428	9.0
500	-0.053112	215.117289	0.001894	8.2
501	-0.063897	214.902815	0.001908	8.2
502	-0.904990	214.688911	0.012129	8.7
503	-1.129957	214.475573	0.010629	8.9
504	-1.009246	214.262800	0.008660	8.6
505	-0.991215	214.050588	0.007776	9.4
506	-0.004304	213.838936	0.000437	8.5
507	-0.000048	213.627842	0.000029	13.2
508	-0.337372	213.417302	0.002701	8.5
509	-0.000000	213.207314	0.000000	9.2
510	-0.240536	212.997877	0.005066	8.2
511	-0.928233	212.788987	0.005133	9.5
512	-0.471819	212.580642	0.003001	8.4
513	-0.000000	212.372841	0.000000	9.5
514	-0.776323	212.165581	0.009166	8.1
515	-0.000000	211.958859	0.000000	11.6
516	-0.000000	211.752673	0.000000	8.1
517	-1.247318	211.547021	0.009552	8.0
518	-1.342777	211.341902	0.013050	17.9
519	-0.002103	211.137311	0.000631	8.4
520	-0.269835	210.933248	0.005429	8.4
521	-0.000000	210.729710	0.000000	8.6
522	-1.223370	210.526695	0.009543	10.7
523	-0.394340	210.324200	0.003919	9.5
524	-0.000000	210.122224	0.000000	9.0
525	-0.023136	209.920765	0.000500	9.9
526	-0.000000	209.719820	0.000000	8.8
527	-0.000000	209.519387	0.000000	9.3
528	-0.000000	209.319463	0.000000	7.8
529	-1.367352	209.120048	0.014154	7.8
530	-0.031691	208.921139	0.002714	10.7
531	-0.546480	208.722733	0.006433	8.9
532	-0.391996	208.524829	0.004691	8.6
533	-0.818070	208.327425	0.005471	9.1
534	-0.000000	208.130518	0.000000	8.3
535	-1.252071	207.934107	0.006916	9.6
536	-0.007844	207.738189	0.001107	11.4
537	-1.337693	207.542762	0.006866	8.4
538	-1.407466	207.347825	0.008229	8.3
539	-0.000000	207.153376	0.000000	8.6
540	-0.000000	206.959412	0.000000	9.6
541	-0.000000	206.765932	0.000000	8.7
542	-1.351463	206.572933	0.012556	8.5
543	-0.445140	206.380414	0.004633	9.1
544	-0.961109	206.188373	0.009862	8.9
545	-0.182019	205.996807	0.004403	8.7
546	-0.937003	205.805716	0.005562	9.7
547	-1.272533	205.615096	0.007716	8.4
548	-1.050575	205.424946	0.006616	9.0
549	-0.000000	205.235265	0.000000	13.7
550	-0.000001	205.046050	0.000001	8.3
551	-0.000000	204.857299	0.000000	11.9
552	-0.000000	204.669011	0.000000	9.4
553	-0.683762	204.481184	0.005530	8.6
554	-0.388785	204.293816	0.001828	9.0
555	-0.951824	204.106905	0.008397	11.7
556	-0.074329	203.920449	0.000527	8.4
557	-0.549216	203.734447	0.006078	8.8
558	-1.278845	203.548896	0.008039	14.7
559	-1.288728	203.363795	0.008828	8.5
560	-0.000000	203.179143	0.000000	8.4
561	-0.834970	202.994937	0.006241	9.3
562	-1.320724	202.811176	0.010055	9.5
563	-0.000000	202.627857	0.000000	9.5
564	-0.012942	202.444980	0.001061	8.7
565	-0.931433	202.262543	0.006862	10.4
566	-0.000000	202.080543	0.000000	10.0
567	-1.356208	201.898979	0.007498	8.6
568	-0.020249	201.717849	0.000920	10.4
569	-0.771965	201.537153	0.005366	8.8
570	-1.333683	201.356887	0.009867	9.5
571	-0.094038	201.177050	0.002600	8.6
572	-0.247194	200.997642	0.005088	9.2
573	-0.091131	200.818659	0.001767	8.8
574	-1.085470	200.640100	0.011704	9.3
575	-0.000000	200.461965	0.000000	14.2
576	-0.972902	200.284250	0.006634	7.7
577	-1.358711	200.106955	0.014046	10.1
578	-0.813644	199.930078	0.008368	8.6
579	-0.000000	199.753617	0.000000	9.1
580	-0.954805	199.577571	0.009470	9.5
581	-0.917776	199.401938	0.007151	9.3
582	-0.989743	199.226717	0.010548	9.5
583	-0.877141	199.051905	0.010920	7.7
584	-0.831685	198.877502	0.006044	9.7
585	-0.797894	198.703506	0.004330	9.9
586	-0.307008	198.529916	0.003399	8.5
587	-0.001651	198.356729	0.000540	9.8
588	-1.364054	198.183944	0.011962	8.5
589	-0.005354	198.011560	0.000454	8.8
590	-0.000000	197.839576	0.000000	8.8
591	-1.213721	197.667989	0.009648	9.2
592	-0.759863	197.496798	0.004804	9.3
593	-0.003048	197.326002	0.000365	8.5
594	-0.211895	197.155600	0.002973	11.5
595	-0.939835	196.985589	0.009118	9.5
596	-1.183523	196.815969	0.007710	9.8
597	-0.444875	196.646738	0.008549	8.3
598	-0.000000	196.477894	0.000000	8.2
599	-1.095865	196.309436	0.011302	10.1
600	-0.000000	196.141363	0.000000	9.9
601	-0.100900	195.973673	0.001620	9.3
602	-0.000000	195.806365	0.000000	9.9
603	-0.049632	195.639437	0.001240	8.5
604	-0.163410	195.472888	0.003606	10.3
605	-0.172331	195.306717	0.001981	9.0
606	-0.000947	195.140922	0.000184	8.6
607	-0.010409	194.975501	0.001298	13.1
608	-0.000000	194.810454	0.000000	8.6
609	-1.119957	194.645779	0.009469	9.0
610	-0.131345	194.481475	0.002928	11.0
611	-0.485868	194.317540	0.004072	9.5
612	-0.967657	194.153973	0.003564	8.8
613	-0.008104	193.990773	0.001224	8.2
614	-0.083602	193.827938	0.001161	7.9
615	-0.000000	193.665467	0.000000	10.2
616	-1.001624	193.503358	0.011755	9.7
617	-1.026428	193.341611	0.008104	9.4
618	-0.067529	193.180224	0.003260	8.9
619	-0.132846	193.019196	0.001743	7.9
620	-0.000000	192.858525	0.000000	9.5
621	-0.015166	192.698210	0.000311	9.3
622	-0.010616	192.538251	0.000455	9.1
623	-1.364767	192.378644	0.006852	9.3
624	-0.818745	192.219391	0.005814	8.6
625	-1.130167	192.060488	0.006674	9.9
626	-1.209882	191.901935	0.012017	15.0
627	-1.093708	191.743730	0.007120	9.6
628	-0.903852	191.585873	0.008239	9.1
629	-0.216911	191.428362	0.003377	9.2
630	-0.643568	191.271196	0.004192	8.3
631	-1.321065	191.114374	0.011538	9.9
632	-0.836485	190.957893	0.004370	8.7
633	-1.311063	190.801755	0.007168	9.3
634	-1.197349	190.645956	0.008428	8.8
635	-0.319912	190.490495	0.006839	8.6
636	-1.252208	190.335373	0.012430	11.0
637	-0.009138	190.180587	0.000355	8.6
638	-0.829060	190.026136	0.006173	9.4
639	-0.832682	189.872019	0.007846	9.0
640	-1.218612	189.718235	0.010850	8.8
641	-1.027614	189.564782	0.007095	9.3
642	-0.806225	189.411661	0.007977	9.3
643	-1.296665	189.258868	0.010852	9.7
644	-0.107103	189.106404	0.003391	10.5
645	-1.206803	188.954267	0.010127	22.0
646	-0.587374	188.802456	0.005839	7.6
647	-1.325364	188.650969	0.006845	9.6
648	-0.485845	188.499807	0.004283	8.7
649	-1.223674	188.348967	0.010540	8.7
650	-1.018081	188.198448	0.011971	9.4
651	-0.000125	188.048250	0.000076	12.7
652	-0.689337	187.898371	0.003774	10.9
653	-0.000000	187.748810	0.000000	10.5
654	-1.098674	187.599566	0.007924	8.4
655	-0.000228	187.450638	0.000113	8.5
656	-1.282527	187.302025	0.008964	9.5
657	-1.171057	187.153725	0.016751	10.0
658	-0.798002	187.005739	0.004704	9.0
659	-0.370068	186.858064	0.002642	9.2
660	-0.054037	186.710699	0.003037	13.1
661	-0.000027	186.563645	0.000020	9.0
662	-0.006229	186.416898	0.000240	8.0
663	-0.009555	186.270459	0.000920	9.0
664	-1.023140	186.124326	0.008225	9.1
665	-0.000000	185.978499	0.000000	8.5
666	-0.010472	185.832976	0.000234	9.3
667	-0.000000	185.687756	0.000000	9.7
668	-1.285522	185.542838	0.014264	8.6
669	-0.000000	185.398222	0.000000	9.8
670	-0.871040	185.253906	0.003925	8.7
671	-0.000000	185.109889	0.000000	10.6
672	-0.116278	184.966170	0.001894	8.7
673	-1.205984	184.822748	0.009285	8.3
674	-0.000000	184.679623	0.000000	9.0
675	-0.487799	184.536792	0.004256	10.1
676	-0.995264	184.394256	0.006143	9.0
677	-0.244365	184.252013	0.004957	9.2
678	-0.000000	184.110062	0.000000	8.7
679	-0.000000	183.968403	0.000000	9.4
680	-0.000000	183.827034	0.000000	9.3
681	-1.253120	183.685954	0.008262	9.2
682	-0.000000	183.545163	0.000000	8.7
683	-0.820867	183.404658	0.006931	11.3
684	-0.255386	183.264441	0.003951	8.9
685	-0.173347	183.124509	0.002273	9.3
686	-0.989360	182.984861	0.010783	8.6
687	-0.058317	182.845497	0.001379	8.5
688	-0.872764	182.706416	0.012574	9.2
689	-0.070863	182.567616	0.002431	8.3
690	-0.000000	182.429098	0.000000	8.7
691	-0.000000	182.290859	0.000000	9.8
692	-0.000000	182.152899	0.000000	9.8
693	-1.096460	182.015217	0.005707	9.0
694	-1.283284	181.877813	0.008359	9.9
695	-0.000261	181.740684	0.000136	9.0
696	-1.171232	181.603832	0.007857	8.2
697	-0.626852	181.467253	0.004162	10.4
698	-1.127965	181.330948	0.014024	9.3
699	-1.032443	181.194916	0.009291	8.6
700	-0.000000	181.059155	0.000000	9.2
701	-0.000000	180.923666	0.000000	9.3
702	-1.242098	180.788446	0.010991	10.0
703	-0.323851	180.653496	0.004841	9.5
704	-1.252275	180.518814	0.006898	8.3
705	-0.025086	180.384399	0.001787	9.6
706	-0.307954	180.250251	0.006153	8.6
707	-0.200511	180.116369	0.002518	12.3
708	-0.005159	179.982752	0.000839	8.1
709	-1.265530	179.849398	0.009344	7.7
710	-0.000000	179.716308	0.000000	14.1
711	-0.000000	179.583480	0.000000	10.9
712	-0.001166	179.450913	0.000059	9.5
713	-0.889607	179.318607	0.007089	8.1
714	-0.000000	179.186561	0.000000	9.0
715	-0.000000	179.054774	0.000000	7.6
716	-1.246755	178.923245	0.006350	9.8
717	-1.218418	178.791973	0.009821	9.8
718	-0.005252	178.660958	0.000588	8.8
719	-0.677142	178.530199	0.005080	9.5
720	-1.157605	178.399694	0.007564	9.4
721	-1.046900	178.269444	0.009122	10.6
722	-0.000000	178.139447	0.000000	9.3
723	-0.000000	178.009702	0.000000	8.4
724	-0.345447	177.880209	0.006430	8.9
725	-1.105098	177.750967	0.012259	8.8
726	-0.039657	177.621975	0.002089	8.7
727	-0.032731	177.493232	0.001955	9.6
728	-1.170679	177.364738	0.010782	9.4
729	-1.135400	177.236492	0.007269	8.8
730	-1.219740	177.108492	0.009847	11.0
731	-1.250988	176.980739	0.009777	9.5
732	-1.295934	176.853231	0.005568	10.0
733	-0.000000	176.725968	0.000000	12.3
734	-0.000000	176.598949	0.000000	8.5
735	-0.336335	176.472173	0.003663	8.7
736	-0.667096	176.345639	0.004700	8.9
737	-0.114215	176.219348	0.002420	10.5
738	-1.012725	176.093296	0.006214	8.6
739	-0.971897	175.967486	0.014833	10.0
740	-1.209545	175.841914	0.007062	10.6
741	-0.477240	175.716581	0.008348	8.5
742	-0.613893	175.591486	0.006141	9.5
743	-0.990675	175.466629	0.010351	10.4
744	-0.000005	175.342008	0.000004	8.3
745	-0.430285	175.217622	0.002504	10.4
746	-0.740829	175.093472	0.002759	8.7
747	-0.000000	174.969556	0.000000	9.7
748	-0.579668	174.845873	0.003735	8.3
749	-1.017236	174.722423	0.014247	11.0
750	-1.329410	174.599206	0.010879	9.3
751	-0.000000	174.476220	0.000000	8.6
752	-0.765504	174.353464	0.004798	8.3
753	-0.976905	174.230939	0.007242	9.9
754	-1.378789	174.108643	0.010566	8.4
755	-0.000000	173.986576	0.000000	9.7
756	-0.296630	173.864737	0.004279	9.1
757	-0.066099	173.743124	0.001830	9.2
758	-1.187329	173.621739	0.012525	8.4
759	-0.685738	173.500579	0.004204	9.8
760	-1.314958	173.379645	0.012565	9.2
761	-0.000000	173.258935	0.000000	9.3
762	-0.471908	173.138449	0.003924	9.0
763	-0.085932	173.018186	0.001704	9.7
764	-0.171865	172.898146	0.003436	9.0
765	-0.201306	172.778327	0.003667	9.1
766	-0.373495	172.658730	0.002625	9.1
767	-0.718177	172.539353	0.006815	7.9
768	-1.176375	172.420196	0.007510	8.9
769	-0.000000	172.301258	0.000000	11.1
770	-0.000000	172.182539	0.000000	8.8
771	-0.000000	172.064037	0.000000	13.2
772	-0.447424	171.945753	0.003940	8.6
773	-0.000000	171.827686	0.000000	9.7
774	-0.962516	171.709834	0.010258	9.4
775	-0.587762	171.592198	0.003045	8.2
776	-0.011596	171.474776	0.000997	9.5
777	-1.208203	171.357568	0.011127	9.8
778	-0.054401	171.240574	0.000647	19.4
779	-0.139229	171.123793	0.001197	8.6
780	-0.653805	171.007223	0.006389	8.9
781	-0.000000	170.890865	0.000000	9.7
782	-1.357894	170.774718	0.010725	9.2
783	-0.000000	170.658782	0.000000	9.1
784	-0.000000	170.543055	0.000000	9.2
785	-0.715062	170.427537	0.004561	9.7
786	-0.000219	170.312227	0.000138	8.8
787	-0.002034	170.197125	0.000151	18.6
788	-0.630057	170.082231	0.005313	9.0
789	-0.000000	169.967543	0.000000	9.4
790	-0.958623	169.853061	0.006290	9.5
791	-0.409286	169.738784	0.003390	9.9
792	-0.566098	169.624713	0.003179	8.8
793	-0.404893	169.510845	0.002203	8.2
794	-0.848196	169.397181	0.012068	9.4
795	-0.264257	169.283720	0.004983	10.6
796	-0.336543	169.170462	0.006495	9.7
797	-1.006904	169.057405	0.012276	9.2
798	-0.246959	168.944549	0.001441	9.2
799	-0.216326	168.831895	0.004132	8.9
800	-0.823671	168.719440	0.005978	8.6
801	-0.361553	168.607185	0.004816	8.6
802	-1.218051	168.495129	0.009895	10.0
803	-0.936761	168.383271	0.005202	10.4
804	-1.244638	168.271611	0.007498	8.7
805	-0.090856	168.160148	0.001062	9.4
806	-0.127099	168.048882	0.003015	8.5
807	-0.000000	167.937812	0.000000	8.6
808	-0.689932	167.826938	0.005429	8.2
809	-0.580860	167.716258	0.005418	9.2
810	-0.103847	167.605773	0.001484	9.9
811	-0.250097	167.495482	0.003579	9.7
812	-0.453863	167.385384	0.004932	8.5
813	-0.000000	167.275479	0.000000	9.5
814	-0.171739	167.165766	0.003290	8.7
815	-1.215385	167.056245	0.006442	9.1
816	-0.029837	166.946915	0.001432	14.2
817	-0.524650	166.837776	0.003237	8.9
818	-0.266578	166.728826	0.001221	9.6
819	-0.036143	166.620067	0.001086	9.3
820	-0.001966	166.511496	0.000403	8.7
821	-0.000000	166.403113	0.000000	9.2
822	-0.000000	166.294919	0.000000	8.9
823	-0.595221	166.186912	0.005061	8.6
824	-1.169437	166.079091	0.009803	9.1
825	-0.912365	165.971458	0.007432	9.0
826	-0.289026	165.864009	0.002646	11.8
827	-0.009493	165.756747	0.000440	12.3
828	-1.207838	165.649669	0.007816	9.4
829	-0.000000	165.542775	0.000000	9.0
830	-0.000003	165.436065	0.000003	9.5
831	-0.483275	165.329538	0.003703	9.6
832	-0.009944	165.223194	0.000913	8.3
833	-0.000000	165.117032	0.000000	9.5
834	-1.250013	165.011052	0.007444	9.0
835	-1.258686	164.905253	0.008580	8.6
836	-1.039838	164.799635	0.010960	9.0
837	-0.335034	164.694197	0.003244	8.9
838	-0.262552	164.588939	0.003436	8.7
839	-0.909944	164.483859	0.007750	9.2
840	-0.035597	164.378959	0.000734	9.7
841	-0.299799	164.274237	0.004061	9.4
842	-0.919666	164.169692	0.011392	8.3
843	-0.967933	164.065325	0.006787	9.9
844	-1.343655	163.961135	0.016144	10.1
845	-0.128576	163.857120	0.001439	9.5
846	-0.014174	163.753282	0.003080	9.3
847	-0.426013	163.649619	0.003857	10.4
848	-0.294497	163.546130	0.003097	7.6
849	-0.039961	163.442816	0.001344	8.8
850	-0.000000	163.339676	0.000000	9.2
851	-1.247922	163.236709	0.010483	9.4
852	-0.205147	163.133915	0.002090	9.0
853	-0.000000	163.031294	0.000000	10.8
854	-0.034420	162.928844	0.000434	12.2
855	-0.314107	162.826566	0.003114	8.9
856	-1.072984	162.724459	0.011040	8.4
857	-0.000000	162.622523	0.000000	7.6
858	-0.176349	162.520757	0.002687	10.5
859	-0.449295	162.419160	0.003765	10.3
860	-0.192901	162.317733	0.003606	8.5
861	-0.599198	162.216474	0.005695	8.5
862	-0.091895	162.115383	0.002319	9.4
863	-0.114129	162.014461	0.001044	9.2
864	-0.000000	161.913705	0.000000	9.0
865	-0.786988	161.813117	0.008642	9.8
866	-0.000000	161.712695	0.000000	9.0
867	-1.360867	161.612439	0.010221	8.5
868	-1.147422	161.512349	0.005194	10.1
869	-0.440985	161.412424	0.005692	10.3
870	-0.899461	161.312663	0.005432	8.5
871	-0.000000	161.213067	0.000000	8.5
872	-0.000000	161.113635	0.000000	9.6
873	-0.000000	161.014366	0.000000	9.2
874	-0.261523	160.915260	0.002250	9.4
875	-0.131759	160.816316	0.005660	8.5
876	-1.130229	160.717535	0.011399	8.0
877	-1.337765	160.618915	0.008958	9.7
878	-0.139540	160.520456	0.002984	8.7
879	-0.209936	160.422158	0.002189	9.9
880	-0.000000	160.324021	0.000000	8.1
881	-0.000011	160.226043	0.000008	9.7
882	-0.000000	160.128225	0.000000	8.9
883	-0.714744	160.030566	0.006294	8.6
884	-0.019557	159.933066	0.000554	8.0
885	-0.609308	159.835723	0.004473	10.9
886	-0.344765	159.738539	0.005611	9.1
887	-0.343644	159.641512	0.002622	13.7
888	-1.363774	159.544642	0.010135	11.0
889	-0.093134	159.447929	0.001580	8.5
890	-1.267916	159.351372	0.010290	9.8
891	-0.000000	159.254971	0.000000	8.6
892	-0.096381	159.158725	0.001381	9.1
893	-0.000000	159.062634	0.000000	8.0
894	-1.236443	158.966697	0.007788	9.6
895	-0.000000	158.870915	0.000000	8.9
896	-1.164843	158.775286	0.009506	8.8
897	-1.224082	158.679811	0.015786	10.3
898	-1.282643	158.584489	0.006602	8.6
899	-0.392316	158.489319	0.004312	9.2
900	-0.000001	158.394302	0.000001	9.0
901	-1.241964	158.299436	0.008191	11.2
902	-0.826833	158.204721	0.009891	9.7
903	-0.040281	158.110158	0.000715	7.7
904	-0.000000	158.015745	0.000000	20.0
905	-0.005710	157.921482	0.000723	8.1
906	-0.000000	157.827369	0.000000	8.6
907	-0.000000	157.733406	0.000000	8.7
908	-0.000000	157.639591	0.000000	9.3
909	-0.884640	157.545925	0.008556	9.4
910	-0.010488	157.452408	0.000535	8.5
911	-0.970227	157.359038	0.007068	9.3
912	-0.856399	157.265816	0.008184	8.7
913	-0.778408	157.172741	0.007055	10.0
914	-0.738582	157.079813	0.005467	8.9
915	-0.506203	156.987031	0.007327	8.5
916	-0.000000	156.894395	0.000000	9.1
917	-0.754107	156.801904	0.003916	14.1
918	-1.290066	156.709559	0.006536	7.7
919	-0.005102	156.617359	0.000129	10.0
920	-1.255649	156.525304	0.009301	9.5
921	-1.258369	156.433392	0.011061	8.6
922	-1.285559	156.341624	0.010510	9.4
923	-1.313583	156.250000	0.008013	8.5
924	-0.531004	156.158519	0.003604	9.4
925	-0.076741	156.067180	0.001705	9.6
926	-0.638014	155.975984	0.004530	9.1
927	-0.160644	155.884930	0.002268	8.6
928	-0.121883	155.794017	0.001213	11.5
929	-0.854531	155.703246	0.007191	8.6
930	-0.000000	155.612615	0.000000	9.0
931	-0.000000	155.522125	0.000000	10.4
932	-0.108489	155.431775	0.002943	9.0
933	-1.160399	155.341565	0.009348	8.7
934	-0.015618	155.251495	0.001300	8.7
935	-0.030198	155.161563	0.001789	11.4
936	-0.220494	155.071771	0.002812	8.2
937	-0.296076	154.982117	0.002751	10.4
938	-0.757789	154.892601	0.006844	9.0
939	-1.046404	154.803222	0.009660	8.8
940	-0.000000	154.713981	0.000000	11.0
941	-1.295788	154.624878	0.008486	9.4
942	-1.101162	154.535910	0.014991	12.0
943	-1.331110	154.447080	0.012337	11.3
944	-1.070566	154.358385	0.009741	9.8
945	-0.000003	154.269826	0.000003	8.9
946	-0.000000	154.181402	0.000000	9.9
947	-1.056383	154.093114	0.012463	9.2
948	-0.352426	154.004960	0.005306	10.2
949	-1.345006	153.916940	0.009139	9.1
950	-0.417774	153.829054	0.003086	8.8
951	-0.619745	153.741303	0.005889	8.7
952	-1.290130	153.653684	0.010513	8.3
953	-1.190526	153.566198	0.009094	10.2
954	-0.000000	153.478846	0.000000	11.0
955	-0.000000	153.391625	0.000000	8.3
956	-1.344854	153.304537	0.008291	9.2
957	-0.574710	153.217580	0.008856	9.7
958	-1.393450	153.130755	0.011875	9.2
959	-0.385222	153.044061	0.002666	9.6
960	-0.487679	152.957498	0.003266	8.7
961	-0.084935	152.871065	0.003490	8.7
962	-0.138528	152.784762	0.002248	9.4
963	-1.306073	152.698589	0.007934	9.7
964	-0.548569	152.612545	0.005468	18.4
965	-0.219139	152.526631	0.002729	9.2
966	-0.864356	152.440845	0.008777	8.4
967	-1.289918	152.355188	0.010886	8.6
968	-0.928826	152.269660	0.005797	9.0
969	-1.204305	152.184259	0.013240	8.9
970	-0.707376	152.098986	0.004879	13.6
971	-1.343734	152.013840	0.012167	9.2
972	-0.308193	151.928821	0.003702	8.3
973	-0.120927	151.843928	0.003872	8.9
974	-0.002851	151.759163	0.000254	8.6
975	-0.726905	151.674523	0.007482	9.8
976	-0.532670	151.590009	0.005586	9.7
977	-0.213622	151.505620	0.002189	8.5
978	-0.158402	151.421357	0.003972	10.5
979	-0.000000	151.337218	0.000000	10.5
980	-1.147663	151.253204	0.010509	10.3
981	-0.032983	151.169314	0.003550	9.2
982	-0.828108	151.085549	0.007334	8.6
983	-1.315188	151.001907	0.007596	8.5
984	-0.092138	150.918388	0.002445	8.7
985	-1.181802	150.834992	0.009813	8.1
986	-0.778031	150.751719	0.005940	8.5
987	-1.373596	150.668569	0.008615	9.0
988	-0.714703	150.585541	0.006933	9.6
989	-1.130287	150.502634	0.005819	9.0
990	-1.146906	150.419849	0.012813	10.2
991	-0.618837	150.337186	0.004722	10.4
992	-0.948255	150.254644	0.005085	8.6
993	-0.004885	150.172222	0.000275	9.2
994	-1.336939	150.089921	0.008776	9.6
995	-0.000000	150.007740	0.000000	8.4
996	-1.382507	149.925679	0.014265	9.4
997	-0.000000	149.843737	0.000000	10.2
998	-1.379359	149.761915	0.013021	8.9
999	-1.105317	149.680212	0.008507	8.1
1000	-0.295825	149.598627	0.003482	15.4
1001	-0.000108	149.517161	0.000068	13.6
1002	-1.101547	149.435814	0.015076	8.9
1003	-0.267491	149.354584	0.002042	8.5
1004	-0.034639	149.273472	0.003368	9.5
1005	-1.382285	149.192477	0.013615	8.7
1006	-0.895698	149.111599	0.008084	8.6
1007	-0.037207	149.030838	0.001512	9.9
1008	-0.042897	148.950194	0.000316	8.7
1009	-0.435964	148.869666	0.004862	15.0
1010	-1.099446	148.789253	0.010495	8.8
1011	-0.581949	148.708957	0.005182	7.8
1012	-0.561170	148.628776	0.005295	9.5
1013	-1.322793	148.548710	0.006460	9.7
1014	-0.000000	148.468759	0.000000	8.3
1015	-0.000000	148.388923	0.000000	9.2
1016	-0.650015	148.309201	0.005960	8.4
1017	-1.141650	148.229594	0.008954	9.5
1018	-1.058074	148.150100	0.009598	9.0
1019	-0.019674	148.070719	0.002059	8.3
1020	-0.000000	147.991452	0.000000	9.9
1021	-1.141405	147.912298	0.006200	9.0
1022	-0.089664	147.833257	0.001793	9.0
1023	-0.000000	147.754329	0.000000	9.6
1024	-0.091922	147.675512	0.002953	8.7
1025	-0.170644	147.596808	0.005501	9.5
1026	-0.149306	147.518216	0.003794	8.6
1027	-0.179536	147.439735	0.002686	9.6
1028	-0.000000	147.361365	0.000000	8.9
1029	-0.443853	147.283106	0.004655	7.8
1030	-0.715710	147.204958	0.006932	10.3
1031	-0.923693	147.126920	0.010828	16.4
1032	-0.491503	147.048993	0.005549	8.7
1033	-1.377894	146.971175	0.014973	8.7
1034	-0.736127	146.893468	0.007413	8.8
1035	-1.150718	146.815869	0.007578	8.5
1036	-0.623593	146.738380	0.005035	10.5
1037	-1.321164	146.661000	0.009301	9.0
1038	-1.326103	146.583729	0.008201	9.8
1039	-0.042056	146.506566	0.000613	8.7
1040	-0.000000	146.429511	0.000000	8.5
1041	-0.538472	146.352565	0.004624	10.2
1042	-0.040627	146.275726	0.000955	9.4
1043	-0.138036	146.198994	0.001652	8.7
1044	-0.000000	146.122370	0.000000	8.0
1045	-0.000000	146.045853	0.000000	14.0
1046	-0.000000	145.969442	0.000000	8.4
1047	-0.224655	145.893139	0.002244	15.0
1048	-0.000000	145.816941	0.000000	9.5
1049	-1.252561	145.740849	0.011763	8.8
1050	-0.099868	145.664863	0.002134	9.5
1051	-0.194256	145.588983	0.004440	8.5
1052	-0.114141	145.513208	0.003863	9.2
1053	-1.289853	145.437538	0.008936	10.1
1054	-0.768202	145.361973	0.007281	8.4
1055	-0.084831	145.286513	0.001007	10.3
1056	-0.000000	145.211157	0.000000	8.9
1057	-0.000000	145.135905	0.000000	10.5
1058	-0.051106	145.060757	0.001287	11.2
1059	-0.000000	144.985712	0.000000	8.9
1060	-0.000000	144.910771	0.000000	8.5
1061	-1.261133	144.835934	0.005201	9.6
1062	-0.000000	144.761199	0.000000	9.1
1063	-0.000000	144.686567	0.000000	9.2
1064	-0.000000	144.612037	0.000000	8.6
1065	-0.000000	144.537610	0.000000	9.9
1066	-1.245989	144.463285	0.009081	8.0
1067	-0.558260	144.389062	0.004676	8.6
1068	-0.560070	144.314940	0.003997	9.1
1069	-0.000000	144.240920	0.000000	7.9
1070	-1.356837	144.167001	0.012406	9.7
1071	-0.039879	144.093182	0.003243	9.1
1072	-1.225564	144.019465	0.010282	8.5
1073	-1.458444	143.945848	0.007469	8.7
1074	-0.754988	143.872331	0.009184	8.1
1075	-0.983882	143.798914	0.004938	9.3
1076	-0.401184	143.725597	0.002488	9.3
1077	-1.031414	143.652380	0.007923	10.0
1078	-0.851185	143.579262	0.005873	9.3
1079	-1.147537	143.506243	0.007445	9.3
1080	-0.140458	143.433323	0.003102	8.9
1081	-0.576573	143.360502	0.005584	8.9
1082	-1.353539	143.287780	0.009258	9.6
1083	-0.000000	143.215155	0.000000	8.8
1084	-0.000000	143.142629	0.000000	9.6
1085	-1.217899	143.070201	0.007541	9.2
1086	-0.000000	142.997870	0.000000	8.3
1087	-0.937325	142.925637	0.015602	9.3
1088	-1.389690	142.853501	0.008371	8.6
1089	-1.081699	142.781462	0.006544	8.2
1090	-0.384497	142.709519	0.003705	11.3
1091	-1.017253	142.637674	0.009339	9.6
1092	-1.096514	142.565924	0.006547	9.3
1093	-0.970201	142.494271	0.010922	13.6
1094	-0.000000	142.422714	0.000000	9.3
1095	-0.000000	142.351252	0.000000	8.7
1096	-1.392085	142.279886	0.013235	8.7
1097	-1.086464	142.208616	0.009440	14.7
1098	-0.000000	142.137440	0.000000	8.5
1099	-0.310256	142.066360	0.002837	9.3
1100	-0.793024	141.995374	0.008835	9.7
1101	-0.000000	141.924483	0.000000	9.0
1102	-1.316703	141.853685	0.009981	10.0
1103	-0.007799	141.782983	0.000376	8.6
1104	-0.000000	141.712373	0.000000	9.3
1105	-0.805067	141.641858	0.004739	8.1
1106	-0.694474	141.571436	0.005084	14.1
1107	-1.298166	141.501108	0.008638	8.5
1108	-1.189213	141.430872	0.008020	17.7
1109	-1.260075	141.360730	0.010328	9.7
1110	-0.000000	141.290680	0.000000	8.9
1111	-0.012272	141.220722	0.002617	9.8
1112	-0.767547	141.150857	0.004316	9.1
1113	-0.389600	141.081084	0.005800	8.6
1114	-0.531626	141.011403	0.003106	8.5
1115	-0.058512	140.941813	0.001048	12.8
1116	-0.000038	140.872315	0.000032	11.8
1117	-0.014621	140.802909	0.001043	12.2
1118	-0.584519	140.733593	0.003570	8.3
1119	-0.135928	140.664369	0.003222	8.8
1120	-0.000000	140.595235	0.000000	7.9
1121	-0.000000	140.526192	0.000000	8.8
1122	-0.416806	140.457239	0.002803	9.9
1123	-0.530912	140.388376	0.004230	9.4
1124	-0.000000	140.319603	0.000000	8.0
1125	-0.879401	140.250920	0.007162	7.8
1126	-1.139715	140.182326	0.006056	8.7
1127	-0.275947	140.113822	0.002743	19.4
1128	-0.023994	140.045407	0.001350	8.4
1129	-0.697745	139.977081	0.004688	9.7
1130	-0.000000	139.908844	0.000000	8.6
1131	-1.021084	139.840696	0.007444	10.5
1132	-0.097105	139.772635	0.002425	8.6
1133	-0.667188	139.704664	0.003994	9.1
1134	-1.142113	139.636780	0.006913	9.1
1135	-0.014078	139.568984	0.001086	8.9
1136	-0.000308	139.501276	0.000072	10.1
1137	-0.000000	139.433655	0.000000	8.8
1138	-0.000000	139.366122	0.000000	8.9
1139	-0.159423	139.298676	0.003796	10.1
1140	-1.244531	139.231317	0.010769	9.0
1141	-0.000000	139.164045	0.000000	9.3
1142	-0.850522	139.096859	0.009548	8.6
1143	-0.942277	139.029760	0.008920	14.2
1144	-0.002777	138.962747	0.000922	8.7
1145	-1.377497	138.895820	0.007888	8.9
1146	-0.008827	138.828978	0.001058	8.4
1147	-1.185830	138.762223	0.010394	9.7
1148	-0.496724	138.695553	0.004669	8.6
1149	-0.031054	138.628969	0.000505	10.4
1150	-0.241394	138.562469	0.003998	9.5
1151	-0.003077	138.496055	0.000365	8.6
1152	-0.324952	138.429725	0.003125	16.6
1153	-1.288354	138.363481	0.006911	8.8
1154	-0.024141	138.297320	0.001510	8.3
1155	-0.000000	138.231244	0.000000	9.4
1156	-0.937461	138.165252	0.011246	8.7
1157	-0.793844	138.099344	0.005728	9.2
1158	-0.482726	138.033520	0.002965	8.7
1159	-1.339910	137.967779	0.010723	8.5
1160	-0.000000	137.902122	0.000000	9.9
1161	-1.316623	137.836548	0.012040	10.8
1162	-0.748143	137.771057	0.004480	9.4
1163	-0.000000	137.705649	0.000000	10.5
1164	-0.234804	137.640324	0.003908	16.0
1165	-0.000055	137.575081	0.000033	9.1
1166	-1.339975	137.509921	0.008048	9.0
1167	-0.000000	137.444842	0.000000	11.0
1168	-0.729566	137.379846	0.004373	8.8
1169	-0.000000	137.314932	0.000000	8.8
1170	-0.000000	137.250100	0.000000	9.5
1171	-0.640406	137.185349	0.004311	9.0
1172	-0.279011	137.120680	0.004286	11.0
1173	-0.000000	137.056092	0.000000	11.0
1174	-1.346920	136.991585	0.006348	9.0
1175	-1.182667	136.927158	0.011251	10.0
1176	-0.538943	136.862813	0.005156	7.7
1177	-0.000000	136.798548	0.000000	9.0
1178	-0.465994	136.734363	0.004119	8.6
1179	-0.994233	136.670259	0.007067	11.0
1180	-1.306339	136.606235	0.008868	8.4
1181	-0.001357	136.542291	0.000415	9.1
1182	-1.312275	136.478426	0.009948	8.0
1183	-0.248461	136.414641	0.003252	9.4
1184	-1.142650	136.350936	0.006433	10.0
1185	-0.887340	136.287310	0.006979	10.5
1186	-0.000000	136.223763	0.000000	8.9
1187	-0.000000	136.160295	0.000000	11.4
1188	-0.679752	136.096905	0.003330	8.9
1189	-0.204376	136.033594	0.002981	9.0
1190	-0.000000	135.970362	0.000000	9.6
1191	-0.152203	135.907208	0.003068	12.1
1192	-1.203696	135.844133	0.007995	9.2
1193	-0.597195	135.781135	0.005402	9.3
1194	-0.000000	135.718215	0.000000	8.7
1195	-0.000000	135.655373	0.000000	8.0
1196	-1.456385	135.592608	0.014302	9.4
1197	-0.000000	135.529921	0.000000	9.5
1198	-0.811319	135.467311	0.005389	9.2
1199	-1.392007	135.404778	0.010307	10.0
1200	-0.490937	135.342322	0.007675	8.5
1201	-0.506422	135.279942	0.003595	10.1
1202	-0.000000	135.217640	0.000000	16.7
1203	-0.078326	135.155413	0.001664	8.6
1204	-0.453140	135.093263	0.004721	9.2
1205	-0.006012	135.031190	0.000477	8.8
1206	-1.059625	134.969192	0.011289	9.1
1207	-0.572703	134.907270	0.004811	10.6
1208	-0.009454	134.845424	0.000671	8.9
1209	-0.055111	134.783653	0.001340	24.1
1210	-0.001420	134.721958	0.000318	10.8
1211	-0.000000	134.660338	0.000000	8.2
1212	-1.185836	134.598793	0.008516	10.0
1213	-0.668768	134.537323	0.004852	8.9
1214	-0.194033	134.475927	0.001803	8.6
1215	-0.907720	134.414607	0.006585	8.9
1216	-0.000000	134.353361	0.000000	7.9
1217	-0.211618	134.292189	0.003395	12.9
1218	-0.337057	134.231092	0.002680	8.2
1219	-0.860479	134.170068	0.010362	9.3
1220	-0.000000	134.109119	0.000000	9.2
1221	-1.123612	134.048243	0.009150	8.6
1222	-0.000366	133.987441	0.000165	10.2
1223	-0.943122	133.926713	0.007863	9.6
1224	-0.926606	133.866057	0.004210	8.5
1225	-0.537850	133.805475	0.002536	9.7
1226	-0.588852	133.744966	0.004418	8.4
1227	-0.000000	133.684530	0.000000	9.5
1228	-0.513768	133.624167	0.006144	9.8
1229	-0.952004	133.563877	0.008515	8.4
1230	-0.255761	133.503658	0.004937	11.8
1231	-0.222300	133.443513	0.002372	8.8
1232	-0.000001	133.383439	0.000001	9.4
1233	-1.278900	133.323437	0.009721	9.3
1234	-0.656116	133.263508	0.004170	8.5
1235	-0.851551	133.203650	0.005015	9.8
1236	-1.127699	133.143864	0.011093	9.3
1237	-0.698044	133.084149	0.003126	11.4
1238	-0.290220	133.024506	0.004026	10.2
1239	-0.598413	132.964934	0.006839	8.9
1240	-1.161473	132.905433	0.008060	9.8
1241	-0.406898	132.846003	0.003497	9.4
1242	-0.001589	132.786643	0.000594	9.0
1243	-0.256393	132.727355	0.002406	9.4
1244	-0.142087	132.668137	0.001679	8.8
1245	-1.322592	132.608989	0.012986	10.2
1246	-0.000000	132.549912	0.000000	8.8
1247	-0.860195	132.490904	0.009646	8.6
1248	-0.146917	132.431967	0.001527	9.7
1249	-0.990993	132.373100	0.009463	17.0
1250	-0.000000	132.314302	0.000000	8.8
1251	-0.938428	132.255574	0.006243	9.4
1252	-0.111597	132.196916	0.001743	9.5
1253	-0.473072	132.138326	0.002995	10.6
1254	-0.397135	132.079806	0.002405	11.5
1255	-0.000000	132.021355	0.000000	9.1
1256	-0.065083	131.962973	0.001447	8.4
1257	-1.049097	131.904660	0.008485	8.7
1258	-0.000000	131.846415	0.000000	9.1
1259	-0.091810	131.788239	0.002017	8.5
1260	-0.720575	131.730131	0.004547	9.4
1261	-0.215547	131.672092	0.001240	8.5
1262	-0.114570	131.614121	0.002318	8.7
1263	-0.978798	131.556217	0.006049	8.4
1264	-0.931373	131.498382	0.009469	9.7
1265	-1.069464	131.440614	0.007427	10.2
1266	-0.643223	131.382914	0.002857	7.9
1267	-0.062199	131.325282	0.000826	7.9
1268	-0.029898	131.267717	0.001556	8.9
1269	-0.597583	131.210219	0.003086	9.3
1270	-0.776209	131.152788	0.008128	10.0
1271	-1.315173	131.095424	0.010896	9.0
1272	-0.946388	131.038127	0.008086	9.5
1273	-0.270354	130.980897	0.003688	8.5
1274	-0.038630	130.923733	0.000864	8.5
1275	-1.240765	130.866636	0.011186	8.5
1276	-1.021692	130.809605	0.006446	10.3
1277	-1.330245	130.752641	0.011270	9.8
1278	-0.415480	130.695742	0.001800	8.4
1279	-0.000000	130.638910	0.000000	8.9
1280	-0.516032	130.582143	0.003244	8.1
1281	-0.000000	130.525442	0.000000	8.3
1282	-0.013182	130.468807	0.000124	9.9
1283	-0.000000	130.412237	0.000000	10.8
1284	-0.756935	130.355733	0.006403	9.2
1285	-0.641750	130.299294	0.004994	9.4
1286	-0.000000	130.242920	0.000000	10.4
1287	-0.558085	130.186611	0.005049	8.3
1288	-0.828740	130.130366	0.005483	7.7
1289	-1.234386	130.074187	0.009728	8.7
1290	-1.142152	130.018072	0.008032	9.5
1291	-1.210383	129.962022	0.008771	8.8
1292	-0.000000	129.906036	0.000000	8.4
1293	-0.000000	129.850114	0.000000	8.6
1294	-0.000000	129.794257	0.000000	9.9
1295	-1.009276	129.738463	0.005478	9.4
1296	-0.000000	129.682734	0.000000	8.5
1297	-0.812382	129.627068	0.005201	9.7
1298	-0.448135	129.571466	0.003573	7.6
1299	-1.089458	129.515927	0.006128	8.4
1300	-0.221421	129.460452	0.003073	9.5
1301	-0.000008	129.405040	0.000005	8.1
1302	-1.305071	129.349692	0.007174	8.4
1303	-0.000000	129.294406	0.000000	8.6
1304	-0.972908	129.239183	0.003144	8.4
1305	-1.198220	129.184024	0.006936	9.5
1306	-1.185941	129.128927	0.013534	10.8
1307	-0.908673	129.073892	0.008098	8.9
1308	-0.098703	129.018921	0.001667	11.5
1309	-0.000000	128.964011	0.000000	8.5
1310	-0.000000	128.909164	0.000000	8.8
1311	-0.000031	128.854379	0.000016	8.6
1312	-0.236228	128.799656	0.002828	8.9
1313	-0.000000	128.744995	0.000000	9.4
1314	-1.301599	128.690396	0.009511	8.7
1315	-1.356197	128.635858	0.008492	8.6
1316	-1.314315	128.581382	0.005369	10.9
1317	-1.379457	128.526968	0.011969	9.4
1318	-0.106302	128.472615	0.001868	8.6
1319	-0.008067	128.418323	0.000519	8.9
1320	-0.536401	128.364092	0.005100	9.4
1321	-0.192517	128.309922	0.001728	9.2
1322	-1.048559	128.255814	0.008082	8.2
1323	-0.393189	128.201766	0.002804	8.8
1324	-1.107492	128.147778	0.010535	9.2
1325	-0.542671	128.093852	0.003354	11.0
1326	-0.000000	128.039985	0.000000	9.0
1327	-1.316939	127.986180	0.007633	8.3
1328	-0.848818	127.932434	0.005597	8.8
1329	-0.710583	127.878749	0.004661	8.3
1330	-0.000000	127.825123	0.000000	8.1
1331	-0.000000	127.771558	0.000000	9.3
1332	-0.000000	127.718052	0.000000	12.5
1333	-0.635537	127.664606	0.005869	8.1
1334	-0.805926	127.611220	0.005142	9.0
1335	-1.148558	127.557893	0.010054	8.5
1336	-0.113352	127.504625	0.002134	9.3
1337	-1.004816	127.451417	0.012695	9.1
1338	-0.000000	127.398268	0.000000	9.4
1339	-0.000000	127.345178	0.000000	9.0
1340	-0.000000	127.292147	0.000000	8.4
1341	-1.276532	127.239175	0.008955	9.0
1342	-0.905316	127.186261	0.004550	8.7
1343	-0.324458	127.133407	0.003061	8.8
1344	-1.251404	127.080610	0.005986	8.6
1345	-0.122227	127.027872	0.002890	8.9
1346	-0.678685	126.975193	0.003974	8.2
1347	-1.153249	126.922572	0.010054	9.3
1348	-0.948130	126.870008	0.010349	11.4
1349	-0.000000	126.817503	0.000000	9.6
1350	-1.313890	126.765056	0.008541	8.4
1351	-0.847303	126.712667	0.010550	8.7
1352	-1.082155	126.660335	0.008192	8.8
1353	-0.000000	126.608061	0.000000	7.9
1354	-0.000000	126.555844	0.000000	7.9
1355	-0.444268	126.503685	0.002836	9.0
1356	-0.000000	126.451583	0.000000	8.2
1357	-0.946922	126.399538	0.006923	9.4
1358	-1.229302	126.347550	0.007521	8.3
1359	-0.000000	126.295619	0.000000	8.4
1360	-0.000000	126.243745	0.000000	7.9
1361	-0.000000	126.191928	0.000000	9.0
1362	-1.018727	126.140168	0.007257	9.1
1363	-0.228113	126.088464	0.001483	7.8
1364	-0.048122	126.036817	0.001175	9.8
1365	-0.000000	125.985226	0.000000	9.2
1366	-0.812242	125.933691	0.004834	8.6
1367	-0.087964	125.882212	0.000877	8.9
1368	-0.884508	125.830790	0.005239	8.2
1369	-0.024061	125.779423	0.002823	8.6
1370	-0.715448	125.728113	0.004780	8.7
1371	-0.431322	125.676858	0.005619	8.9
1372	-1.303441	125.625659	0.009043	9.0
1373	-0.617999	125.574515	0.005759	9.2
1374	-0.000000	125.523427	0.000000	9.8
1375	-0.471085	125.472394	0.002642	8.1
1376	-0.400897	125.421417	0.004505	9.2
1377	-0.025318	125.370495	0.000986	8.1
1378	-0.003699	125.319628	0.000424	9.7
1379	-1.308103	125.268815	0.006755	8.8
1380	-1.294736	125.218058	0.008482	8.2
1381	-1.382779	125.167356	0.006597	10.8
1382	-0.000263	125.116708	0.000129	8.4
1383	-0.923870	125.066115	0.008634	8.4
1384	-0.494474	125.015576	0.004811	9.5
1385	-0.024286	124.965092	0.001146	8.1
1386	-0.000000	124.914662	0.000000	9.1
1387	-0.000000	124.864287	0.000000	8.4
1388	-0.000654	124.813965	0.000312	8.8
1389	-0.888308	124.763698	0.005515	9.0
1390	-0.740089	124.713485	0.008530	8.5
1391	-1.170200	124.663325	0.009942	9.2
1392	-0.315626	124.613219	0.004263	8.0
1393	-0.324375	124.563167	0.004032	8.9
1394	-0.000000	124.513168	0.000000	8.4
1395	-0.762020	124.463223	0.012389	7.7
1396	-0.000000	124.413332	0.000000	9.4
1397	-1.205702	124.363493	0.006374	7.9
1398	-1.347812	124.313708	0.017835	9.1
1399	-0.000000	124.263976	0.000000	8.2
1400	-1.341823	124.214297	0.010629	8.9
1401	-0.000139	124.164671	0.000084	9.5
1402	-0.383479	124.115097	0.002986	8.4
1403	-1.102396	124.065577	0.010601	9.1
1404	-0.079263	124.016109	0.001394	8.0
1405	-1.153007	123.966693	0.011209	9.3
1406	-0.157147	123.917330	0.004091	10.5
1407	-0.930281	123.868020	0.006570	8.1
1408	-0.000000	123.818762	0.000000	8.6
1409	-0.951055	123.769556	0.006529	10.9
1410	-1.248416	123.720402	0.008398	7.9
1411	-1.379543	123.671300	0.012314	8.3
1412	-0.955655	123.622250	0.011731	9.1
1413	-0.000000	123.573252	0.000000	9.1
1414	-0.586590	123.524305	0.005444	9.3
1415	-1.205167	123.475411	0.010000	8.9
1416	-0.716656	123.426568	0.005827	8.6
1417	-0.024183	123.377776	0.001241	9.0
1418	-0.375323	123.329036	0.003342	8.4
1419	-0.095709	123.280347	0.001255	8.9
1420	-0.000000	123.231709	0.000000	8.2
1421	-0.000000	123.183122	0.000000	9.0
1422	-0.210361	123.134587	0.002749	8.8
1423	-1.296513	123.086102	0.010684	8.5
1424	-0.401001	123.037669	0.003663	8.7
1425	-0.578904	122.989286	0.006773	7.9
1426	-0.004715	122.940954	0.000309	8.9
1427	-0.231394	122.892672	0.002845	8.8
1428	-1.231924	122.844441	0.008512	8.8
1429	-0.519714	122.796261	0.004643	8.4
1430	-0.000000	122.748130	0.000000	8.8
1431	-1.109231	122.700050	0.005696	8.5
1432	-1.262661	122.652021	0.011040	8.4
1433	-1.020057	122.604041	0.011904	9.4
1434	-1.120622	122.556111	0.008515	9.7
1435	-0.000000	122.508232	0.000000	10.1
1436	-0.204796	122.460402	0.003931	9.4
1437	-0.236232	122.412622	0.002976	9.5
1438	-1.360993	122.364891	0.010196	9.3
1439	-0.170865	122.317210	0.003287	9.0
1440	-0.505951	122.269579	0.003720	8.5
1441	-0.026938	122.221997	0.001462	8.4
1442	-0.000000	122.174465	0.000000	8.8
1443	-0.000000	122.126981	0.000000	8.8
1444	-0.000000	122.079547	0.000000	8.6
1445	-0.035116	122.032162	0.001281	12.0
1446	-0.006622	121.984826	0.000352	8.6
1447	-0.608214	121.937539	0.004675	8.4
1448	-1.254024	121.890301	0.007537	8.1
1449	-0.275301	121.843112	0.002537	9.4
1450	-0.820443	121.795971	0.005052	8.2
1451	-1.133529	121.748879	0.005357	8.4
1452	-1.372255	121.701835	0.013430	8.4
1453	-0.000000	121.654840	0.000000	8.2
1454	-0.000000	121.607893	0.000000	9.1
1455	-1.243167	121.560994	0.006743	8.6
1456	-0.185574	121.514144	0.003387	8.8
1457	-1.307518	121.467342	0.008785	8.1
1458	-0.061145	121.420588	0.001734	8.2
1459	-1.045794	121.373882	0.004499	8.1
1460	-0.162701	121.327223	0.002549	8.5
1461	-0.917166	121.280613	0.005257	9.6
1462	-0.000000	121.234050	0.000000	8.3
1463	-0.000000	121.187535	0.000000	9.0
1464	-1.001407	121.141067	0.009993	8.4
1465	-1.240302	121.094647	0.007178	8.5
1466	-1.044929	121.048274	0.007805	9.4
1467	-1.180061	121.001949	0.008376	8.5
1468	-0.092740	120.955671	0.001678	9.6
1469	-0.933095	120.909440	0.010126	10.5
1470	-0.000000	120.863256	0.000000	8.0
1471	-0.149685	120.817119	0.001704	9.1
1472	-0.009357	120.771029	0.001247	8.9
1473	-1.017579	120.724986	0.008460	9.2
1474	-0.000000	120.678990	0.000000	8.1
1475	-1.182252	120.633040	0.006847	11.6
1476	-0.691602	120.587137	0.004164	8.7
1477	-0.000000	120.541281	0.000000	8.5
1478	-0.310189	120.495471	0.004589	9.0
1479	-0.163531	120.449707	0.002366	8.6
1480	-0.697473	120.403990	0.010697	8.3
1481	-0.000000	120.358319	0.000000	9.2
1482	-1.101585	120.312694	0.007694	9.0
1483	-0.000000	120.267115	0.000000	8.5
1484	-0.000000	120.221582	0.000000	8.5
1485	-1.250231	120.176096	0.012440	8.3
1486	-1.423634	120.130655	0.014600	9.7
1487	-0.709427	120.085260	0.004376	8.4
1488	-0.619281	120.039910	0.003766	9.0
1489	-0.592072	119.994606	0.003614	8.7
1490	-0.000000	119.949348	0.000000	8.6
1491	-0.793982	119.904135	0.008787	8.8
1492	-0.000002	119.858968	0.000001	8.4
1493	-1.047833	119.813846	0.011685	9.0
1494	-1.286299	119.768769	0.008336	9.5
1495	-0.000000	119.723738	0.000000	8.4
1496	-0.765398	119.678752	0.007049	9.5
1497	-0.921326	119.633810	0.007789	8.1
1498	-0.056002	119.588914	0.001961	8.4
1499	-1.045453	119.544062	0.009038	8.8
1500	-1.160556	119.499256	0.009860	9.5
1501	-1.366719	119.454494	0.010412	9.4
1502	-0.000000	119.409777	0.000000	8.0
1503	-0.122522	119.365104	0.002325	8.7
1504	-0.821411	119.320476	0.007310	9.0
1505	-0.174316	119.275893	0.002725	9.0
1506	-0.109790	119.231353	0.001963	8.8
1507	-0.304825	119.186859	0.002870	8.2
1508	-1.286084	119.142408	0.006987	9.7
1509	-0.560506	119.098002	0.003931	8.8
1510	-1.226182	119.053639	0.007016	9.5
1511	-0.700518	119.009321	0.002385	9.4
1512	-0.982454	118.965047	0.007435	8.4
1513	-0.000000	118.920816	0.000000	9.0
1514	-0.000000	118.876630	0.000000	8.6
1515	-0.145017	118.832487	0.001516	8.1
1516	-1.399384	118.788388	0.009456	8.5
1517	-0.800437	118.744332	0.004922	9.2
1518	-0.092627	118.700320	0.001975	8.5
1519	-0.004217	118.656352	0.000225	9.4
1520	-1.325436	118.612427	0.014313	8.2
1521	-0.942164	118.568545	0.009513	9.5
1522	-1.182940	118.524706	0.010651	9.2
1523	-0.061187	118.480911	0.000545	8.8
1524	-0.000000	118.437159	0.000000	8.7
1525	-0.500898	118.393450	0.004705	9.0
1526	-0.269983	118.349784	0.003667	8.3
1527	-1.320974	118.306160	0.012930	7.7
1528	-0.000000	118.262580	0.000000	9.2
1529	-0.524324	118.219042	0.004807	10.7
1530	-1.377004	118.175548	0.008416	8.2
1531	-1.313297	118.132095	0.010720	9.9
1532	-0.124599	118.088686	0.002093	8.0
1533	-1.002149	118.045319	0.007771	9.0
1534	-0.257461	118.001994	0.004026	8.9
1535	-0.000000	117.958712	0.000000	20.9
1536	-0.001927	117.915472	0.000553	9.3
1537	-0.253807	117.872274	0.002699	9.0
1538	-1.332902	117.829118	0.008725	10.4
1539	-0.000000	117.786005	0.000000	9.5
1540	-0.000000	117.742933	0.000000	8.3
1541	-0.975103	117.699904	0.005794	8.1
1542	-0.000000	117.656916	0.000000	8.6
1543	-0.095441	117.613971	0.002496	8.2
1544	-0.176844	117.571067	0.003481	8.2
1545	-0.964549	117.528205	0.005321	12.1
1546	-1.089685	117.485384	0.005273	9.5
1547	-0.000000	117.442605	0.000000	9.2
1548	-0.992099	117.399867	0.004204	9.2
1549	-0.512075	117.357171	0.005797	8.3
1550	-0.611660	117.314517	0.005078	8.9
1551	-0.260174	117.271903	0.003993	8.8
1552	-0.000000	117.229331	0.000000	8.4
1553	-0.000000	117.186800	0.000000	8.8
1554	-1.008205	117.144311	0.010954	10.5
1555	-0.169443	117.101862	0.002551	9.2
1556	-0.006229	117.059454	0.000728	10.4
1557	-0.959616	117.017087	0.004825	8.6
1558	-0.000000	116.974762	0.000000	9.3
1559	-0.964633	116.932476	0.007496	9.0
1560	-0.304930	116.890232	0.002038	8.4
1561	-0.144493	116.848028	0.002564	9.9
1562	-1.266267	116.805865	0.010876	8.7
1563	-0.000000	116.763743	0.000000	9.0
1564	-0.306515	116.721661	0.003644	8.7
1565	-0.895475	116.679619	0.006383	8.9
1566	-0.549411	116.637618	0.003851	22.3
1567	-1.368780	116.595657	0.007087	8.9
1568	-0.586708	116.553736	0.007080	8.5
1569	-0.000000	116.511855	0.000000	8.0
1570	-1.175812	116.470015	0.011338	9.5
1571	-1.071462	116.428214	0.007168	8.9
1572	-1.389305	116.386454	0.011308	9.3
1573	-1.353412	116.344733	0.011368	10.6
1574	-1.429665	116.303052	0.006797	8.6
1575	-0.946140	116.261412	0.005571	8.3
1576	-0.000000	116.219810	0.000000	9.3
1577	-1.247041	116.178249	0.007689	8.9
1578	-0.000000	116.136727	0.000000	9.4
1579	-1.148331	116.095245	0.011395	9.7
1580	-0.541537	116.053802	0.003869	8.9
1581	-1.179086	116.012398	0.009488	8.7
1582	-0.423017	115.971034	0.004103	8.6
1583	-0.467289	115.929710	0.004669	9.5
1584	-1.295364	115.888424	0.007779	7.9
1585	-0.114489	115.847178	0.003547	8.5
1586	-0.000000	115.805970	0.000000	8.7
1587	-0.007526	115.764802	0.000841	13.8
1588	-0.658004	115.723673	0.003895	7.8
1589	-0.741635	115.682583	0.003118	8.4
1590	-1.415273	115.641532	0.007582	10.6
1591	-0.000000	115.600519	0.000000	8.8
1592	-0.000000	115.559546	0.000000	8.0
1593	-0.701127	115.518610	0.004571	9.2
1594	-1.063706	115.477714	0.005365	8.2
1595	-1.249079	115.436856	0.006663	8.1
1596	-0.245765	115.396037	0.003621	9.3
1597	-0.364770	115.355256	0.007395	8.0
1598	-0.916847	115.314514	0.006087	8.9
1599	-0.611926	115.273810	0.003858	10.3
1600	-1.295636	115.233144	0.007481	8.4
1601	-0.000000	115.192517	0.000000	8.2
1602	-0.000000	115.151927	0.000000	9.6
1603	-1.205364	115.111376	0.011842	8.5
1604	-0.097082	115.070863	0.001763	11.3
1605	-0.038233	115.030388	0.000535	12.6
1606	-1.011965	114.989951	0.011155	8.4
1607	-0.997747	114.949551	0.009548	8.1
1608	-1.226159	114.909190	0.012933	8.3
1609	-0.602577	114.868866	0.007123	9.7
1610	-1.295512	114.828580	0.010767	8.8
1611	-0.206320	114.788332	0.001825	9.3
1612	-1.311333	114.748121	0.005895	9.9
1613	-0.509944	114.707948	0.003739	8.9
1614	-0.140671	114.667812	0.003366	8.8
1615	-0.895751	114.627714	0.005879	9.3
1616	-0.937815	114.587653	0.012313	8.6
1617	-0.767096	114.547629	0.011338	9.0
1618	-1.369504	114.507643	0.013042	8.6
1619	-1.061373	114.467693	0.005020	9.0
1620	-0.000000	114.427781	0.000000	9.2
1621	-0.358345	114.387907	0.005228	8.3
1622	-0.170740	114.348069	0.001617	9.7
1623	-0.359330	114.308268	0.002063	8.6
1624	-1.412926	114.268504	0.008528	8.8
1625	-0.981448	114.228777	0.009854	9.2
1626	-0.000000	114.189086	0.000000	8.1
1627	-1.260145	114.149433	0.006238	9.1
1628	-1.223499	114.109816	0.008095	8.6
1629	-0.000000	114.070235	0.000000	8.6
1630	-0.000000	114.030692	0.000000	9.7
1631	-0.754349	113.991185	0.007457	10.4
1632	-0.090731	113.951714	0.001894	9.2
1633	-0.000000	113.912280	0.000000	8.6
1634	-0.248291	113.872882	0.003790	9.2
1635	-1.398692	113.833521	0.010457	9.3
1636	-1.131114	113.794195	0.009442	8.7
1637	-0.940031	113.754906	0.008924	8.4
1638	-0.000000	113.715653	0.000000	8.2
1639	-0.498686	113.676437	0.009666	8.8
1640	-0.000000	113.637256	0.000000	8.5
1641	-0.459559	113.598111	0.003765	8.2
1642	-0.000000	113.559002	0.000000	9.6
1643	-0.085121	113.519929	0.002320	9.5
1644	-1.235268	113.480892	0.012087	9.5
1645	-1.467686	113.441891	0.010173	9.2
1646	-1.384264	113.402925	0.012405	9.9
1647	-1.290426	113.363995	0.005630	8.6
1648	-1.396741	113.325101	0.010379	9.5
1649	-1.106317	113.286242	0.007633	9.1
1650	-0.000000	113.247419	0.000000	8.7
1651	-0.302408	113.208631	0.005543	10.8
1652	-0.363295	113.169879	0.003890	8.2
1653	-0.065980	113.131162	0.001960	10.4
1654	-0.000002	113.092480	0.000001	9.8
1655	-1.362978	113.053833	0.007315	8.2
1656	-0.109698	113.015222	0.003408	9.5
1657	-0.000000	112.976646	0.000000	8.4
1658	-0.000002	112.938105	0.000002	9.1
1659	-1.388394	112.899599	0.007508	8.9
1660	-0.679719	112.861128	0.003524	9.1
1661	-0.201971	112.822692	0.002616	8.4
1662	-0.048163	112.784291	0.001468	21.4
1663	-0.079094	112.745924	0.001037	8.2
1664	-0.000000	112.707593	0.000000	8.4
1665	-0.001673	112.669296	0.000318	8.7
1666	-0.378562	112.631034	0.004042	8.8
1667	-0.003318	112.592806	0.000145	11.0
1668	-1.006034	112.554613	0.009643	11.5
1669	-0.007724	112.516455	0.000753	8.7
1670	-0.055857	112.478331	0.002457	8.3
1671	-1.268242	112.440241	0.006410	9.1
1672	-1.421589	112.402186	0.008475	9.1
1673	-0.000000	112.364165	0.000000	9.3
1674	-0.777127	112.326179	0.006335	9.2
1675	-1.310083	112.288227	0.007382	9.4
1676	-0.000000	112.250309	0.000000	8.9
1677	-1.118467	112.212425	0.009687	8.7
1678	-1.382088	112.174575	0.006674	9.7
1679	-0.517454	112.136759	0.006192	8.4
1680	-1.121180	112.098977	0.008184	8.4
1681	-0.000000	112.061229	0.000000	8.3
1682	-0.206084	112.023515	0.004206	9.3
1683	-0.415472	111.985834	0.002772	8.6
1684	-1.294685	111.948188	0.006911	9.8
1685	-0.617359	111.910575	0.003912	8.6
1686	-1.322473	111.872996	0.010455	8.7
1687	-0.750378	111.835450	0.003997	9.1
1688	-0.202303	111.797939	0.002427	8.7
1689	-0.873002	111.760460	0.002741	12.6
1690	-1.086338	111.723015	0.011117	8.9
1691	-0.442766	111.685604	0.003025	8.6
1692	-0.000000	111.648226	0.000000	9.4
1693	-0.827730	111.610881	0.004726	8.5
1694	-1.149792	111.573570	0.005112	10.1
1695	-1.123096	111.536292	0.007470	8.8
1696	-0.820029	111.499047	0.004871	8.7
1697	-1.416747	111.461835	0.007108	8.6
1698	-0.008012	111.424656	0.000262	8.8
1699	-1.126596	111.387510	0.005705	9.6
1700	-0.000000	111.350398	0.000000	13.6
1701	-0.099744	111.313318	0.002307	7.5
1702	-0.000003	111.276271	0.000004	9.8
1703	-0.828427	111.239257	0.004929	11.9
1704	-0.602232	111.202276	0.005382	8.6
1705	-1.252873	111.165328	0.006478	10.7
1706	-0.977879	111.128412	0.006944	8.7
1707	-0.000000	111.091529	0.000000	11.1
1708	-1.275997	111.054679	0.011630	9.0
1709	-0.894423	111.017861	0.011101	8.4
1710	-1.017386	110.981076	0.009760	9.0
1711	-0.000000	110.944323	0.000000	8.7
1712	-0.118151	110.907603	0.003636	8.4
1713	-0.000000	110.870915	0.000000	10.1
1714	-0.000000	110.834259	0.000000	7.7
1715	-0.792297	110.797636	0.004021	8.9
1716	-1.127834	110.761045	0.010879	8.3
1717	-0.972019	110.724486	0.006028	8.6
1718	-0.021299	110.687959	0.000547	12.0
1719	-0.000000	110.651465	0.000000	8.6
1720	-0.199639	110.615002	0.004430	8.9
1721	-0.000000	110.578572	0.000000	8.9
1722	-1.035584	110.542173	0.010463	9.6
1723	-0.733146	110.505807	0.004490	10.3
1724	-0.038726	110.469472	0.001215	8.5
1725	-0.000000	110.433169	0.000000	8.6
1726	-0.798616	110.396898	0.007015	9.9
1727	-0.023477	110.360659	0.000639	8.5
1728	-1.325989	110.324451	0.007421	10.6
1729	-1.224484	110.288276	0.008065	8.3
1730	-0.815715	110.252131	0.012053	9.3
1731	-0.000000	110.216019	0.000000	8.5
1732	-1.287921	110.179937	0.007533	8.7
1733	-1.196690	110.143888	0.006297	9.6
1734	-0.000000	110.107869	0.000000	8.1
1735	-0.016246	110.071882	0.001033	8.5
1736	-0.595139	110.035927	0.005729	8.9
1737	-1.106179	110.000003	0.008912	8.8
1738	-1.224139	109.964110	0.006627	9.3
1739	-0.899283	109.928248	0.011147	8.5
1740	-0.000000	109.892417	0.000000	9.8
1741	-0.374332	109.856618	0.003456	9.4
1742	-0.958541	109.820850	0.007930	9.1
1743	-1.090701	109.785112	0.008269	10.2
1744	-0.575398	109.749406	0.003997	8.8
1745	-0.509119	109.713730	0.003739	9.3
1746	-0.171544	109.678086	0.002294	9.4
1747	-0.959224	109.642472	0.007309	8.6
1748	-0.000000	109.606890	0.000000	8.6
1749	-1.183882	109.571337	0.005342	9.4
1750	-1.305703	109.535816	0.009060	8.7
1751	-0.000000	109.500326	0.000000	8.8
1752	-0.004361	109.464866	0.000071	12.1
1753	-0.825411	109.429436	0.003873	8.9
1754	-0.000065	109.394038	0.000045	8.4
1755	-1.394918	109.358669	0.005706	7.3
1756	-0.660483	109.323331	0.007253	9.0
1757	-0.145245	109.288024	0.002903	9.5
1758	-0.000000	109.252747	0.000000	8.9
1759	-0.000000	109.217501	0.000000	14.0
1760	-1.145253	109.182284	0.004725	9.0
1761	-0.000000	109.147098	0.000000	8.4
1762	-0.365449	109.111942	0.003645	9.6
1763	-0.010387	109.076817	0.000958	8.2
1764	-0.719397	109.041721	0.004938	8.6
1765	-0.415731	109.006656	0.003985	8.4
1766	-0.304268	108.971620	0.003140	8.1
1767	-0.096361	108.936615	0.001462	9.6
1768	-0.959930	108.901640	0.008186	11.8
1769	-1.035521	108.866694	0.005270	8.3
1770	-0.043052	108.831779	0.000716	8.8
1771	-1.373484	108.796893	0.010194	9.4
1772	-0.959020	108.762037	0.010424	11.3
1773	-0.786620	108.727211	0.003772	10.2
1774	-0.522595	108.692415	0.002835	10.4
1775	-1.283014	108.657648	0.011753	21.1
1776	-0.000000	108.622911	0.000000	8.7
1777	-1.105036	108.588203	0.005782	9.1
1778	-1.105636	108.553525	0.006569	9.7
1779	-1.069102	108.518877	0.009382	8.7
1780	-0.035414	108.484258	0.000814	8.3
1781	-0.163996	108.449668	0.002915	9.4
1782	-0.193274	108.415108	0.002849	8.7
1783	-1.346672	108.380578	0.009120	9.1
1784	-0.001613	108.346076	0.000198	8.8
1785	-1.303722	108.311604	0.008581	8.2
1786	-0.000000	108.277161	0.000000	7.7
1787	-1.399043	108.242747	0.010629	9.7
1788	-0.002931	108.208363	0.000345	9.3
1789	-0.109104	108.174007	0.001322	8.6
1790	-0.520515	108.139681	0.007661	10.6
1791	-0.000000	108.105383	0.000000	8.9
1792	-0.234913	108.071115	0.004858	8.5
1793	-1.187061	108.036875	0.010466	8.7
1794	-1.304577	108.002665	0.008587	8.4
1795	-1.299343	107.968483	0.008021	9.3
1796	-0.733853	107.934330	0.004496	13.2
1797	-0.736078	107.900206	0.008742	8.4
1798	-0.770813	107.866111	0.013163	8.2
1799	-0.529032	107.832044	0.007726	8.5
1800	-0.999057	107.798007	0.011336	9.0
1801	-0.131891	107.763997	0.002240	9.3
1802	-1.387263	107.730017	0.007031	8.6
1803	-0.951359	107.696065	0.004977	9.9
1804	-1.372215	107.662141	0.008344	7.9
1805	-0.000000	107.628246	0.000000	9.1
1806	-0.800628	107.594379	0.008005	11.0
1807	-1.323150	107.560541	0.011068	8.6
1808	-0.000000	107.526731	0.000000	10.1
1809	-0.000000	107.492949	0.000000	9.6
1810	-1.214085	107.459196	0.006039	8.4
1811	-0.042504	107.425471	0.001930	9.5
1812	-1.282923	107.391774	0.014478	8.9
1813	-0.055592	107.358106	0.001658	9.3
1814	-0.178288	107.324465	0.003333	8.1
1815	-1.021156	107.290853	0.011052	8.1
1816	-1.307234	107.257268	0.009044	13.5
1817	-0.000000	107.223712	0.000000	10.0
1818	-1.273194	107.190184	0.006318	8.0
1819	-0.016232	107.156683	0.002019	7.8
1820	-0.446830	107.123211	0.005149	9.2
1821	-0.000000	107.089766	0.000000	9.0
1822	-0.000000	107.056349	0.000000	13.4
1823	-0.722889	107.022960	0.004743	9.6
1824	-0.000000	106.989599	0.000000	10.2
1825	-0.234972	106.956265	0.002767	9.1
1826	-0.019453	106.922960	0.001136	9.0
1827	-0.027219	106.889681	0.000782	8.8
1828	-0.000000	106.856431	0.000000	8.9
1829	-0.002387	106.823208	0.000212	8.7
1830	-1.034766	106.790012	0.007734	9.0
1831	-0.000000	106.756844	0.000000	9.9
1832	-1.186592	106.723703	0.006729	9.5
1833	-0.000000	106.690590	0.000000	7.7
1834	-0.853472	106.657505	0.005633	8.8
1835	-0.125340	106.624446	0.002253	8.8
1836	-1.142547	106.591415	0.007224	9.5
1837	-0.047743	106.558411	0.001660	8.8
1838	-1.040262	106.525435	0.007340	9.0
1839	-1.040869	106.492485	0.008126	8.5
1840	-1.195066	106.459563	0.006406	8.3
1841	-0.234714	106.426668	0.002833	9.3
1842	-0.035893	106.393800	0.001045	8.9
1843	-1.050393	106.360959	0.008052	9.7
1844	-1.334293	106.328145	0.009599	8.0
1845	-1.218319	106.295358	0.008926	8.3
1846	-1.063263	106.262598	0.006709	8.4
1847	-1.259380	106.229865	0.009236	9.1
1848	-1.203284	106.197158	0.009447	9.4
1849	-0.266515	106.164479	0.003375	7.6
1850	-0.000000	106.131826	0.000000	8.6
1851	-0.411009	106.099201	0.003621	9.3
1852	-0.483396	106.066602	0.004334	10.1
1853	-0.000000	106.034029	0.000000	10.0
1854	-0.516751	106.001483	0.005572	9.5
1855	-1.269303	105.968964	0.012406	9.0
1856	-1.058318	105.936472	0.009156	8.5
1857	-1.185641	105.904006	0.006450	8.5
1858	-0.082333	105.871566	0.002997	8.4
1859	-0.894422	105.839153	0.010926	8.6
1860	-0.166817	105.806767	0.003793	8.6
1861	-0.000000	105.774407	0.000000	8.4
1862	-0.000000	105.742073	0.000000	8.8
1863	-1.136099	105.709766	0.007261	8.6
1864	-1.138452	105.677485	0.005873	14.2
1865	-1.023370	105.645230	0.008586	9.1
1866	-0.000000	105.613001	0.000000	9.3
1867	-0.000000	105.580799	0.000000	10.4
1868	-0.376242	105.548623	0.005117	9.8
1869	-0.000000	105.516473	0.000000	9.0
1870	-0.000000	105.484349	0.000000	11.6
1871	-0.000000	105.452251	0.000000	8.8
1872	-0.000000	105.420179	0.000000	8.7
1873	-1.172510	105.388133	0.012147	8.7
1874	-0.000000	105.356113	0.000000	8.0
1875	-0.817036	105.324119	0.005093	8.8
1876	-0.000000	105.292151	0.000000	8.9
1877	-1.342599	105.260209	0.006031	8.7
1878	-0.000000	105.228293	0.000000	9.7
1879	-0.111827	105.196402	0.004171	9.3
1880	-0.022119	105.164537	0.001016	8.8
1881	-0.311378	105.132698	0.003547	10.1
1882	-1.103581	105.100885	0.009421	8.6
1883	-0.068173	105.069097	0.004813	9.1
1884	-0.000000	105.037335	0.000000	9.6
1885	-1.316582	105.005598	0.008197	9.1
1886	-0.000000	104.973887	0.000000	8.7
1887	-1.149618	104.942202	0.010031	8.8
1888	-1.154704	104.910542	0.007992	9.8
1889	-0.287674	104.878907	0.003159	10.6
1890	-1.197729	104.847298	0.009566	8.8
1891	-0.100350	104.815715	0.001186	8.8
1892	-0.048546	104.784156	0.002005	8.2
1893	-0.000000	104.752623	0.000000	7.7
1894	-0.757266	104.721116	0.010393	9.7
1895	-1.276846	104.689633	0.009844	8.7
1896	-0.000000	104.658176	0.000000	9.4
1897	-0.000000	104.626744	0.000000	8.9
1898	-0.000227	104.595337	0.000160	7.9
1899	-1.433460	104.563955	0.006811	9.4
1900	-0.046320	104.532599	0.001432	8.2
1901	-1.230106	104.501267	0.007254	9.8
1902	-0.394572	104.469960	0.004196	10.0
1903	-1.228407	104.438679	0.008125	7.8
1904	-1.400513	104.407422	0.008953	8.2
1905	-0.555577	104.376191	0.003784	10.6
1906	-0.000000	104.344984	0.000000	8.5
1907	-0.940577	104.313802	0.004898	10.0
1908	-1.015190	104.282645	0.012092	9.2
1909	-0.345509	104.251513	0.001859	9.1
1910	-1.269310	104.220405	0.005918	8.3
1911	-0.376893	104.189323	0.004054	8.6
1912	-1.002041	104.158265	0.004592	12.2
1913	-0.000000	104.127231	0.000000	8.4
1914	-0.041048	104.096222	0.000827	8.9
1915	-0.000000	104.065238	0.000000	9.8
1916	-0.000000	104.034279	0.000000	8.9
1917	-0.876125	104.003344	0.003781	8.6
1918	-0.193925	103.972433	0.001908	8.4
1919	-1.098733	103.941547	0.004143	9.1
1920	-0.000000	103.910686	0.000000	9.5
1921	-0.539061	103.879849	0.003804	8.2
1922	-0.000000	103.849036	0.000000	8.6
1923	-1.068508	103.818248	0.013157	8.9
1924	-0.000000	103.787484	0.000000	8.9
1925	-0.681259	103.756744	0.005833	9.3
1926	-1.047578	103.726029	0.006627	8.5
1927	-1.054421	103.695338	0.013620	9.7
1928	-0.009867	103.664671	0.000291	14.7
1929	-0.000008	103.634028	0.000007	6.9
1930	-1.302046	103.603409	0.007340	8.8
1931	-0.536220	103.572814	0.005601	13.1
1932	-0.086416	103.542244	0.002731	8.8
1933	-0.026356	103.511698	0.001147	9.1
1934	-1.263650	103.481175	0.006234	9.5
1935	-0.830069	103.450677	0.006081	10.4
1936	-1.017976	103.420202	0.008022	9.5
1937	-1.156789	103.389752	0.004613	9.6
1938	-0.004161	103.359325	0.000997	12.1
1939	-0.111055	103.328922	0.002595	8.5
1940	-0.000003	103.298543	0.000003	9.1
1941	-0.780004	103.268188	0.007743	9.0
1942	-0.098314	103.237857	0.002721	9.0
1943	-0.516411	103.207549	0.003030	8.5
1944	-0.030607	103.177265	0.001089	9.1
1945	-0.000000	103.147005	0.000000	7.8
1946	-0.000000	103.116768	0.000000	7.9
1947	-0.000000	103.086556	0.000000	10.6
1948	-1.347592	103.056366	0.007293	8.9
1949	-0.124406	103.026200	0.002888	8.5
1950	-0.943636	102.996058	0.007389	15.6
1951	-0.000000	102.965939	0.000000	8.8
1952	-0.103882	102.935844	0.001531	9.1
1953	-0.746977	102.905772	0.006042	9.9
1954	-0.000032	102.875724	0.000025	8.5
1955	-0.000000	102.845699	0.000000	8.5
1956	-0.000000	102.815697	0.000000	8.9
1957	-0.031490	102.785719	0.001210	8.7
1958	-0.003866	102.755764	0.001123	9.2
1959	-1.264648	102.725832	0.008390	15.9
1960	-0.580238	102.695924	0.005546	8.7
1961	-0.080579	102.666038	0.001826	8.7
1962	-0.084260	102.636176	0.000574	8.8
1963	-0.025598	102.606337	0.000348	11.2
1964	-0.249457	102.576521	0.002278	8.7
1965	-0.013128	102.546728	0.001379	8.4
1966	-0.032479	102.516959	0.001602	8.5
1967	-1.143084	102.487212	0.008039	9.7
1968	-0.724005	102.457488	0.006388	10.5
1969	-0.984683	102.427788	0.011452	8.5
1970	-0.000002	102.398110	0.000001	8.8
1971	-0.063586	102.368455	0.001021	34.0
1972	-1.315521	102.338823	0.009241	8.7
1973	-0.000000	102.309214	0.000000	8.4
1974	-1.116217	102.279628	0.005487	8.9
1975	-0.000000	102.250064	0.000000	8.6
1976	-0.005873	102.220524	0.000305	18.7
1977	-0.000000	102.191006	0.000000	8.6
1978	-0.041257	102.161511	0.001764	10.9
1979	-1.280398	102.132038	0.008958	7.8
1980	-0.681375	102.102588	0.005943	9.1
1981	-0.010158	102.073161	0.001331	8.3
1982	-0.070243	102.043757	0.002647	9.0
1983	-0.182839	102.014375	0.002312	9.2
1984	-0.320850	101.985015	0.003125	7.8
1985	-0.033910	101.955678	0.002501	8.7
1986	-1.075272	101.926364	0.010089	8.8
1987	-0.657621	101.897072	0.004363	8.5
1988	-1.392174	101.867802	0.012877	9.2
1989	-0.441074	101.838555	0.004325	10.1
1990	-0.000000	101.809330	0.000000	9.0
1991	-0.000000	101.780128	0.000000	8.6
1992	-0.000000	101.750948	0.000000	8.6
1993	-0.144266	101.721790	0.001678	10.7
1994	-0.594525	101.692654	0.006159	8.3
1995	-1.010256	101.663541	0.008748	9.2
1996	-0.000000	101.634450	0.000000	8.6
1997	-0.044208	101.605381	0.001248	8.6
1998	-1.063751	101.576335	0.007316	8.3
1999	-0.655862	101.547310	0.005611	8.4
