1:ItNr	2:Metric	3:StepSize	4:||Gradient||	Time[ms]
0	-0.023145	627.201626	0.001660	631.2
1	-0.477112	623.504937	0.009927	10.3
2	-0.076363	619.865785	0.003748	10.9
3	-0.000359	616.282728	0.000072	8.3
4	-0.282951	612.754375	0.003472	9.3
5	-0.584539	609.279381	0.006549	9.3
6	-1.377041	605.856447	0.014220	11.4
7	-0.004115	602.484317	0.000567	13.6
8	-0.732153	599.161779	0.009496	9.9
9	-0.000000	595.887656	0.000000	8.7
10	-0.610210	592.660813	0.003051	12.5
11	-0.557618	589.480151	0.006631	9.6
12	-0.718117	586.344606	0.006580	9.1
13	-1.455684	583.253145	0.024435	10.7
14	-0.649837	580.204771	0.001337	10.1
15	-1.546357	577.198517	0.027630	8.9
16	-1.694557	574.233444	0.033508	10.9
17	-0.393682	571.308645	0.004497	13.1
18	-0.520697	568.423237	0.013283	11.3
19	-0.041812	565.576365	0.000584	17.5
20	-0.815819	562.767201	0.011898	8.4
21	-1.764761	559.994938	0.033285	18.6
22	-1.078561	557.258797	0.011399	14.5
23	-0.002932	554.558018	0.000171	14.4
24	-0.331132	551.891865	0.002407	9.6
25	-0.031342	549.259621	0.002136	10.4
26	-1.449178	546.660592	0.009407	11.9
27	-1.599734	544.094102	0.012288	9.5
28	0.000000	541.559494	0.000000	10.2
29	0.000000	539.056129	0.000000	10.8
30	-1.784548	536.583387	0.014936	11.9
31	-1.684578	534.140663	0.012572	15.3
32	-1.320110	531.727370	0.026184	12.1
33	-0.009456	529.342935	0.001230	10.6
34	-0.000079	526.986802	0.000018	8.6
35	-1.174685	524.658430	0.015544	8.8
36	-0.017575	522.357290	0.001290	15.6
37	-1.126337	520.082868	0.009502	11.8
38	-1.296492	517.834665	0.012737	9.0
39	-0.049241	515.612193	0.001884	10.9
40	-1.107151	513.414976	0.021403	8.4
41	-0.020310	511.242551	0.001467	9.9
42	-1.209102	509.094468	0.016879	11.8
43	-0.127401	506.970285	0.004352	8.9
44	-0.251343	504.869574	0.006395	11.6
45	-0.002817	502.791916	0.000449	14.0
46	-0.933922	500.736903	0.010325	8.6
47	-0.057005	498.704137	0.001109	8.4
48	-0.000000	496.693228	0.000000	9.1
49	-1.227461	494.703798	0.043051	13.6
50	-0.937093	492.735476	0.014907	9.9
51	-0.000000	490.787900	0.000000	9.4
52	-1.030925	488.860718	0.021661	9.9
53	-0.612476	486.953585	0.007625	11.4
54	-1.255981	485.066164	0.020526	12.0
55	-0.462391	483.198126	0.011388	10.5
56	-1.899314	481.349149	0.021360	9.4
57	-0.388437	479.518920	0.004904	11.3
58	-0.763094	477.707132	0.007707	11.7
59	-0.258077	475.913485	0.005475	9.3
60	-0.000000	474.137684	0.000000	9.5
61	-0.437153	472.379445	0.007873	9.4
62	-0.233220	470.638485	0.007133	11.3
63	-1.973665	468.914531	0.026465	9.7
64	-1.775736	467.207315	0.020100	10.7
65	-0.000000	465.516573	0.000000	13.3
66	-0.566272	463.842050	0.006346	12.8
67	-1.094928	462.183494	0.004639	11.6
68	-1.685491	460.540658	0.012485	11.0
69	-1.527112	458.913303	0.020276	11.6
70	-1.230007	457.301192	0.014926	10.4
71	-1.411522	455.704096	0.018811	13.2
72	-1.209536	454.121787	0.017505	9.7
73	-1.396657	452.554045	0.011515	8.3
74	-0.000143	451.000653	0.000028	8.5
75	-1.028860	449.461399	0.012891	11.9
76	-0.085432	447.936075	0.003031	8.5
77	-0.903101	446.424477	0.011215	8.8
78	-0.000413	444.926406	0.000081	13.3
79	-1.100745	443.441666	0.011733	7.4
80	-0.000008	441.970065	0.000002	11.0
81	-0.000000	440.511415	0.000000	11.4
82	-1.626859	439.065533	0.007510	13.4
83	-1.566244	437.632238	0.019985	13.7
84	-0.426393	436.211351	0.005750	12.9
85	-0.076321	434.802701	0.002634	12.9
86	-0.199477	433.406117	0.002473	14.9
87	-0.000011	432.021430	0.000003	12.3
88	-1.724867	430.648479	0.010855	9.1
89	-0.000000	429.287101	0.000000	11.2
90	-0.939647	427.937140	0.019093	10.3
91	-0.000000	426.598440	0.000000	9.4
92	-1.699758	425.270849	0.019634	13.6
93	-0.502448	423.954220	0.007175	14.6
94	-0.885495	422.648404	0.013244	10.1
95	-1.458362	421.353259	0.031421	9.7
96	-0.507742	420.068643	0.005052	9.6
97	-1.622360	418.794419	0.020181	14.5
98	-1.369983	417.530451	0.014765	17.5
99	-0.000000	416.276604	0.000000	9.3
100	-1.686402	415.032748	0.012083	14.5
101	-0.000000	413.798754	0.000000	18.5
102	-1.792062	412.574495	0.029649	19.9
103	-0.118246	411.359849	0.003634	16.6
104	-0.566844	410.154691	0.004674	16.2
105	-2.087725	408.958904	0.023264	9.2
106	-1.068547	407.772368	0.007629	9.7
107	-1.520375	406.594968	0.019965	10.9
108	-1.612627	405.426590	0.014894	12.8
109	-0.652425	404.267122	0.007687	14.4
110	-1.689128	403.116456	0.025307	14.8
111	-0.014252	401.974481	0.001519	10.9
112	-1.174980	400.841093	0.009081	15.1
113	-1.001056	399.716187	0.008445	15.6
114	-1.456938	398.599660	0.020824	14.3
115	-0.000059	397.491411	0.000014	16.3
116	-0.000000	396.391342	0.000000	16.9
117	-1.724711	395.299353	0.015064	14.6
118	-0.161774	394.215350	0.002702	11.4
119	-0.000000	393.139238	0.000000	16.7
120	-0.040456	392.070924	0.001976	16.8
121	-1.007544	391.010316	0.005075	11.8
122	-1.827354	389.957325	0.027401	13.4
123	-0.161889	388.911862	0.001423	11.4
124	-0.000000	387.873839	0.000000	13.5
125	-1.829783	386.843173	0.028148	12.9
126	-1.564916	385.819777	0.028799	9.8
127	-0.000000	384.803569	0.000000	19.8
128	-1.643058	383.794468	0.022357	19.4
129	-0.000000	382.792393	0.000000	15.6
130	-0.387032	381.797264	0.006372	9.6
131	-0.018688	380.809005	0.000411	13.2
132	-0.019261	379.827537	0.000754	12.9
133	-1.656576	378.852786	0.027277	8.5
134	-0.640643	377.884678	0.006492	10.0
135	-0.179243	376.923138	0.003860	13.5
136	-1.471354	375.968095	0.030964	10.8
137	-0.048231	375.019479	0.002439	14.2
138	-1.934138	374.077218	0.027977	13.2
139	-1.855989	373.141244	0.017088	11.6
140	-0.045784	372.211489	0.001564	9.1
141	-0.026255	371.287887	0.001498	10.6
142	-0.321476	370.370370	0.002614	8.7
143	-0.528338	369.458876	0.005457	17.6
144	-1.471471	368.553338	0.032899	11.5
145	-0.000000	367.653696	0.000000	9.5
146	-1.393970	366.759885	0.006629	11.0
147	-0.217629	365.871846	0.003879	14.7
148	-0.086660	364.989518	0.002513	21.9
149	-0.000271	364.112841	0.000059	13.7
150	-0.053517	363.241757	0.003765	15.6
151	-1.769673	362.376208	0.005809	13.4
152	-1.353661	361.516137	0.008641	11.3
153	-0.000000	360.661488	0.000000	22.8
154	-1.088348	359.812206	0.037073	14.7
155	-0.549730	358.968236	0.005003	11.2
156	-1.979794	358.129524	0.017577	19.8
157	-1.579955	357.296018	0.016624	16.3
158	-0.041382	356.467665	0.001533	10.9
159	-1.218648	355.644414	0.034376	10.3
160	-1.680598	354.826213	0.018173	13.8
161	-1.095883	354.013012	0.019793	8.6
162	-0.000000	353.204763	0.000000	12.4
163	-0.000000	352.401415	0.000000	15.4
164	-0.970026	351.602922	0.013425	10.6
165	-0.762371	350.809235	0.007686	14.9
166	-0.514472	350.020308	0.003853	11.6
167	-0.204452	349.236095	0.002964	11.0
168	-0.012592	348.456550	0.000688	13.1
169	-0.240972	347.681627	0.010437	8.8
170	-1.874923	346.911283	0.022274	9.6
171	-0.083949	346.145474	0.003476	14.0
172	-0.000525	345.384157	0.000103	15.3
173	-1.545517	344.627288	0.014242	25.9
174	-1.694087	343.874826	0.047976	29.0
175	-0.119334	343.126729	0.002185	13.4
176	-0.000000	342.382957	0.000000	25.2
177	-1.283998	341.643469	0.019950	15.7
178	-0.567575	340.908224	0.005573	17.1
179	-1.172739	340.177184	0.014771	13.6
180	-0.697176	339.450309	0.030910	19.5
181	-1.421286	338.727561	0.030665	13.8
182	-0.000747	338.008902	0.000111	11.0
183	-0.000004	337.294295	0.000001	19.1
184	-0.617076	336.583703	0.014188	12.1
185	-0.416684	335.877089	0.009227	8.1
186	-0.056524	335.174416	0.004604	8.7
187	-1.533152	334.475651	0.025259	9.4
188	-0.000000	333.780756	0.000000	10.6
189	-0.210495	333.089698	0.006516	10.1
190	-1.389147	332.402443	0.019504	9.6
191	-0.331269	331.718955	0.003305	17.7
192	-0.288808	331.039203	0.007408	14.4
193	-1.538388	330.363153	0.025505	11.5
194	-0.482182	329.690771	0.009613	11.0
195	-1.407600	329.022027	0.016077	11.8
196	-0.052981	328.356888	0.001342	15.2
197	-0.001376	327.695322	0.000217	9.1
198	-0.000000	327.037299	0.000000	12.4
199	-0.457059	326.382787	0.008329	15.6
200	-0.144254	325.731758	0.003706	13.9
201	-0.421011	325.084179	0.007038	16.5
202	-1.470456	324.440023	0.017865	14.1
203	-0.000065	323.799258	0.000014	14.8
204	-1.850584	323.161858	0.011788	11.8
205	-1.938419	322.527792	0.024394	11.1
206	-0.000000	321.897034	0.000000	15.2
207	-0.000001	321.269554	0.000000	8.7
208	-0.000000	320.645325	0.000000	10.5
209	-0.008559	320.024320	0.000799	11.0
210	-0.198711	319.406512	0.006412	10.4
211	-1.960798	318.791875	0.010082	12.1
212	-0.174152	318.180381	0.005419	12.1
213	-0.039804	317.572005	0.001596	9.2
214	-0.033128	316.966721	0.002550	13.7
215	-1.979936	316.364504	0.015164	9.9
216	-0.941173	315.765329	0.011662	9.7
217	-0.000001	315.169170	0.000000	11.7
218	-0.004263	314.576003	0.000342	11.8
219	-1.623246	313.985804	0.018421	11.0
220	-1.795367	313.398548	0.003529	14.0
221	-0.630005	312.814213	0.008544	13.5
222	-0.855507	312.232773	0.012458	8.9
223	-0.143734	311.654207	0.003735	16.9
224	-0.223999	311.078491	0.003735	10.4
225	-0.000000	310.505602	0.000000	12.9
226	-0.136481	309.935518	0.003202	10.7
227	-1.378227	309.368217	0.023000	14.8
228	-0.837130	308.803676	0.039534	10.3
229	-1.784030	308.241874	0.039668	13.4
230	-1.480013	307.682789	0.009873	13.7
231	-1.936214	307.126400	0.035227	11.5
232	-1.410448	306.572687	0.010710	14.1
233	-1.960861	306.021627	0.013218	14.1
234	-0.203317	305.473201	0.008665	14.7
235	-1.227860	304.927388	0.009217	12.4
236	-1.051445	304.384168	0.010256	13.6
237	-0.000008	303.843521	0.000002	10.9
238	-0.055222	303.305427	0.003242	8.4
239	-0.030080	302.769867	0.002266	9.6
240	-1.579454	302.236821	0.009393	13.2
241	-0.700537	301.706270	0.006368	13.2
242	-0.411326	301.178196	0.004479	12.2
243	-1.534282	300.652580	0.015484	14.1
244	-1.694181	300.129402	0.016393	16.2
245	-0.763326	299.608645	0.012833	12.3
246	-0.000441	299.090291	0.000083	10.5
247	-0.937984	298.574321	0.013446	8.7
248	-1.173189	298.060718	0.020567	10.3
249	-1.770951	297.549465	0.017747	13.5
250	-0.715180	297.040543	0.009608	14.0
251	-0.151514	296.533936	0.003136	11.3
252	-0.491413	296.029626	0.006338	14.5
253	-0.701000	295.527597	0.006299	11.2
254	-0.000000	295.027832	0.000000	13.6
255	-0.404636	294.530315	0.005542	11.6
256	-0.786044	294.035028	0.007563	14.6
257	-0.257028	293.541956	0.005418	10.5
258	-0.448630	293.051083	0.005510	13.6
259	-1.450878	292.562393	0.013662	11.3
260	-0.000000	292.075870	0.000000	14.3
261	-0.477978	291.591498	0.008519	13.9
262	-1.811856	291.109263	0.018135	10.5
263	-1.266072	290.629149	0.009958	14.1
264	-1.115443	290.151140	0.010609	10.1
265	-1.807145	289.675222	0.024616	11.1
266	-1.088219	289.201380	0.009603	13.4
267	-0.666062	288.729600	0.007273	11.6
268	-0.000000	288.259866	0.000000	10.2
269	-1.012359	287.792165	0.006955	13.0
270	-1.698151	287.326481	0.010631	14.2
271	-0.732322	286.862802	0.030057	11.1
272	-0.000000	286.401113	0.000000	10.5
273	-1.057372	285.941400	0.020946	11.7
274	-1.417457	285.483649	0.007170	10.3
275	-0.000000	285.027847	0.000000	11.8
276	-0.000292	284.573981	0.000061	14.5
277	-0.440898	284.122037	0.007369	8.9
278	-1.259958	283.672002	0.017489	14.2
279	-0.047626	283.223863	0.001315	11.0
280	-1.889747	282.777607	0.018823	9.5
281	-0.072241	282.333221	0.001635	13.8
282	-0.000000	281.890692	0.000000	9.0
283	-1.913911	281.450008	0.019366	11.9
284	-1.568908	281.011157	0.018741	11.2
285	-0.582808	280.574125	0.004329	13.9
286	-1.075077	280.138901	0.046345	13.7
287	-0.000006	279.705473	0.000002	13.2
288	-1.307406	279.273829	0.017765	13.2
289	-1.240216	278.843956	0.015329	14.0
290	-0.000006	278.415844	0.000002	12.8
291	-1.572137	277.989479	0.014482	9.5
292	-1.388558	277.564851	0.007592	11.4
293	-1.404577	277.141949	0.017744	9.0
294	-0.428539	276.720761	0.008369	9.3
295	-0.489537	276.301275	0.008004	8.7
296	-1.745345	275.883480	0.024149	11.0
297	-0.489650	275.467366	0.004999	8.4
298	-1.441823	275.052922	0.024450	13.9
299	-1.187862	274.640136	0.006451	15.0
300	-1.529912	274.228998	0.015387	12.2
301	-0.158878	273.819497	0.002128	17.8
302	-0.397570	273.411623	0.005757	13.1
303	-0.964927	273.005365	0.011167	11.6
304	-0.015391	272.600712	0.000805	16.0
305	-1.852655	272.197655	0.022444	8.4
306	-0.481525	271.796184	0.006622	10.5
307	-1.034906	271.396287	0.008942	12.6
308	-0.048096	270.997956	0.000835	15.9
309	-0.085456	270.601180	0.001914	10.5
310	-0.000000	270.205949	0.000000	9.1
311	-0.874416	269.812254	0.008612	12.3
312	-1.639004	269.420085	0.014656	14.4
313	-0.031923	269.029432	0.000875	10.0
314	-1.165095	268.640287	0.014422	11.7
315	-1.428412	268.252638	0.018312	9.9
316	-1.304515	267.866478	0.044660	14.9
317	-2.043335	267.481796	0.011358	15.5
318	-1.651731	267.098584	0.006712	17.3
319	-2.021064	266.716833	0.010690	27.7
320	-0.205765	266.336533	0.003864	16.5
321	-0.612579	265.957676	0.008332	11.8
322	-0.000026	265.580253	0.000006	13.3
323	-0.105790	265.204254	0.002416	14.4
324	-0.015304	264.829672	0.000836	17.9
325	-0.717813	264.456497	0.009417	17.5
326	-0.357696	264.084721	0.003214	15.0
327	-1.357543	263.714335	0.006849	14.1
328	-0.056664	263.345332	0.001961	18.3
329	-1.642921	262.977702	0.014984	14.0
330	-0.601762	262.611438	0.005559	13.2
331	-0.039194	262.246531	0.002152	14.4
332	-1.837552	261.882973	0.021833	14.1
333	-0.021429	261.520756	0.001346	9.3
334	-0.000000	261.159871	0.000000	11.9
335	-1.088392	260.800312	0.013321	12.0
336	-1.193080	260.442070	0.017065	18.6
337	-0.869765	260.085137	0.017225	21.0
338	-1.496018	259.729505	0.035916	19.6
339	-1.725763	259.375167	0.021905	14.2
340	-0.019493	259.022116	0.001918	18.7
341	-1.978859	258.670343	0.017331	10.3
342	-0.000000	258.319841	0.000000	10.2
343	-1.911823	257.970602	0.013969	14.4
344	-0.000044	257.622620	0.000011	13.9
345	-1.708053	257.275887	0.029391	14.1
346	-1.798871	256.930396	0.013356	15.8
347	-1.716462	256.586139	0.007403	8.0
348	-0.019923	256.243109	0.001000	15.0
349	-1.543580	255.901300	0.010893	13.7
350	-1.986935	255.560703	0.017474	14.5
351	-0.906299	255.221313	0.039011	9.0
352	-0.072421	254.883122	0.000943	14.2
353	-0.129999	254.546124	0.004220	16.2
354	-1.135603	254.210311	0.005861	14.5
355	-0.000000	253.875677	0.000000	11.7
356	-0.013038	253.542215	0.000249	13.6
357	-1.400319	253.209918	0.027809	11.7
358	-0.681244	252.878781	0.026187	11.4
359	-0.000000	252.548795	0.000000	15.2
360	-1.280478	252.219956	0.009140	9.2
361	-1.283242	251.892255	0.016847	15.9
362	-0.000000	251.565688	0.000000	12.0
363	-0.970880	251.240247	0.007677	10.0
364	-0.007239	250.915926	0.001016	8.4
365	-0.000000	250.592720	0.000000	12.7
366	-0.000000	250.270621	0.000000	13.5
367	-1.222718	249.949624	0.012963	11.3
368	-0.000000	249.629723	0.000000	15.1
369	-1.438217	249.310911	0.016228	12.8
370	-0.292874	248.993182	0.005637	10.7
371	-0.910015	248.676531	0.020893	15.5
372	-0.073807	248.360952	0.001506	16.2
373	-0.000360	248.046438	0.000079	13.0
374	-1.638851	247.732984	0.011487	9.5
375	-1.668896	247.420584	0.030659	11.8
376	-0.797295	247.109233	0.009434	14.4
377	-0.000013	246.798924	0.000003	9.5
378	-1.904387	246.489652	0.024309	8.7
379	-0.142962	246.181412	0.002199	9.3
380	-1.040371	245.874197	0.020894	8.7
381	-1.842884	245.568002	0.041599	9.5
382	-1.606612	245.262822	0.019842	10.1
383	-0.573883	244.958652	0.008761	15.4
384	-1.707850	244.655485	0.009244	12.5
385	-0.703401	244.353317	0.008962	14.3
386	-0.026963	244.052142	0.001706	12.1
387	-0.002791	243.751955	0.000238	13.3
388	-0.650838	243.452750	0.007628	14.9
389	-0.009480	243.154523	0.000605	14.2
390	-0.702838	242.857268	0.008883	13.7
391	-1.084774	242.560980	0.005299	11.9
392	-1.882682	242.265654	0.021246	14.4
393	-0.000000	241.971285	0.000000	11.8
394	-1.736003	241.677868	0.016638	13.2
395	-0.299536	241.385397	0.003998	13.5
396	-1.177495	241.093869	0.005673	8.7
397	-0.009696	240.803278	0.000707	12.9
398	-1.661091	240.513619	0.042949	10.8
399	-0.003949	240.224887	0.000553	12.8
400	-0.895736	239.937077	0.010235	11.6
401	-0.765631	239.650186	0.007817	11.2
402	-0.051580	239.364207	0.001869	7.9
403	-0.121654	239.079136	0.002363	15.7
404	-1.161615	238.794969	0.016583	11.4
405	-0.995346	238.511701	0.014425	11.2
406	-0.691194	238.229327	0.017975	8.5
407	-0.000000	237.947843	0.000000	11.1
408	-0.002724	237.667244	0.000341	13.3
409	-1.703695	237.387526	0.014171	13.9
410	-1.885006	237.108684	0.010866	11.0
411	-0.000000	236.830714	0.000000	10.9
412	-0.548937	236.553610	0.006328	13.6
413	-1.229513	236.277370	0.011031	12.0
414	-1.349121	236.001989	0.018378	10.9
415	-0.604951	235.727461	0.004744	8.7
416	-0.739193	235.453784	0.008158	11.0
417	-0.723965	235.180952	0.008162	10.3
418	-0.801272	234.908962	0.014169	10.6
419	-1.520577	234.637809	0.017468	10.8
420	-1.644889	234.367488	0.016692	14.1
421	-0.965575	234.097997	0.015168	13.4
422	-0.846694	233.829331	0.006670	11.3
423	-0.483597	233.561485	0.004432	11.8
424	-0.000000	233.294456	0.000000	13.0
425	-1.270198	233.028239	0.014308	8.9
426	-1.180404	232.762831	0.048653	9.4
427	-0.000000	232.498228	0.000000	10.4
428	-1.323664	232.234425	0.019352	12.2
429	-1.479551	231.971419	0.013785	17.7
430	-0.606467	231.709205	0.007581	11.0
431	-1.382976	231.447781	0.022936	8.2
432	-1.785900	231.187141	0.031792	9.7
433	-0.624199	230.927283	0.006576	13.3
434	-0.253190	230.668202	0.006947	13.7
435	-0.000000	230.409895	0.000000	9.7
436	-0.520073	230.152358	0.006802	8.9
437	-1.649751	229.895587	0.033669	9.8
438	-1.817196	229.639578	0.015649	7.8
439	-0.010660	229.384329	0.000754	9.6
440	-0.034623	229.129834	0.001039	17.1
441	-1.778182	228.876091	0.032568	8.6
442	-0.000611	228.623096	0.000116	8.6
443	-1.646424	228.370846	0.018365	9.0
444	-0.206559	228.119336	0.007053	8.5
445	-0.000000	227.868563	0.000000	10.1
446	-1.584204	227.618525	0.012233	13.0
447	-0.101887	227.369216	0.003465	14.9
448	-1.362495	227.120635	0.007114	9.7
449	-1.224655	226.872777	0.015648	10.6
450	-0.010897	226.625638	0.000891	9.3
451	-1.399337	226.379217	0.015652	14.1
452	-1.677960	226.133509	0.010418	16.6
453	-0.000000	225.888510	0.000000	8.6
454	-0.424933	225.644218	0.005473	8.7
455	-0.000002	225.400630	0.000001	9.4
456	-0.986343	225.157741	0.007794	8.1
457	-1.595619	224.915549	0.008539	10.5
458	-0.056481	224.674051	0.001972	8.5
459	-1.496267	224.433242	0.018579	10.4
460	-0.405489	224.193121	0.007981	9.5
461	-0.000000	223.953684	0.000000	8.2
462	-0.343074	223.714927	0.004868	9.5
463	-0.672309	223.476848	0.020578	14.1
464	-0.709523	223.239444	0.010346	85.8
465	-0.790519	223.002710	0.035351	161.0
466	-1.753898	222.766645	0.008482	94.2
467	-1.265424	222.531245	0.015253	63.8
468	-0.842066	222.296508	0.014146	35.7
469	-0.660399	222.062429	0.007275	21.9
470	-1.297147	221.829007	0.012441	10.1
471	-1.682342	221.596238	0.040165	13.0
472	-0.344660	221.364119	0.006973	16.3
473	-1.112230	221.132647	0.016257	13.8
474	-1.675613	220.901820	0.030392	9.8
475	-0.000000	220.671634	0.000000	11.5
476	-1.955058	220.442086	0.010636	13.3
477	-0.634622	220.213174	0.011436	69.6
478	-0.774999	219.984895	0.013676	13.3
479	-1.243201	219.757246	0.019163	11.7
480	-1.133449	219.530224	0.037682	9.6
481	-1.179272	219.303826	0.019519	9.5
482	-0.185994	219.078050	0.003511	15.1
483	-0.260453	218.852893	0.003602	9.0
484	-1.636329	218.628352	0.020981	8.6
485	-0.904624	218.404424	0.007373	13.8
486	-0.094666	218.181106	0.001683	14.3
487	-0.204475	217.958397	0.003239	8.6
488	-0.387766	217.736292	0.006751	8.5
489	-1.555288	217.514790	0.018114	15.8
490	-1.516670	217.293888	0.009163	8.9
491	-0.893063	217.073584	0.012900	9.3
492	-0.620098	216.853873	0.006424	8.5
493	-0.092088	216.634755	0.002212	8.4
494	-1.664931	216.416227	0.031220	9.3
495	-1.452422	216.198285	0.009097	12.6
496	-0.018748	215.980927	0.000894	14.7
497	-0.005481	215.764151	0.000324	12.1
498	-0.017541	215.547955	0.000865	10.1
499	-0.562903	215.332335	0.007312	9.3
500	-1.111574	215.117289	0.011086	15.4
501	-0.026384	214.902815	0.001111	12.1
502	-0.099734	214.688911	0.001430	9.5
503	-0.101609	214.475573	0.003457	10.9
504	-0.970251	214.262800	0.011428	13.0
505	-1.839760	214.050588	0.007169	8.7
506	-1.453911	213.838936	0.018030	9.0
507	-0.767346	213.627842	0.006512	8.8
508	-0.000000	213.417302	0.000000	12.1
509	-0.351326	213.207314	0.004588	13.3
510	-1.651701	212.997877	0.044549	8.7
511	-1.407131	212.788987	0.043611	8.5
512	-0.000000	212.580642	0.000000	12.4
513	-1.298535	212.372841	0.011908	17.1
514	-0.008415	212.165581	0.000363	17.0
515	-0.072021	211.958859	0.002340	11.2
516	-1.485569	211.752673	0.008806	10.3
517	-1.969171	211.547021	0.028134	15.0
518	-0.001585	211.341902	0.000283	17.0
519	-0.455863	211.137311	0.006481	9.6
520	-0.317942	210.933248	0.007969	14.8
521	-0.797511	210.729710	0.010624	14.6
522	-0.000000	210.526695	0.000000	13.7
523	-1.446397	210.324200	0.020568	11.1
524	-1.465625	210.122224	0.026352	17.0
525	-2.079720	209.920765	0.013488	10.9
526	-1.813080	209.719820	0.032844	10.8
527	-0.468473	209.519387	0.005989	9.2
528	-0.000000	209.319463	0.000000	8.8
529	-1.688897	209.120048	0.030240	9.4
530	-1.248336	208.921139	0.026210	16.0
531	-0.543351	208.722733	0.006179	13.2
532	-0.165623	208.524829	0.002812	9.6
533	-0.364517	208.327425	0.004238	13.7
534	-1.373142	208.130518	0.018916	13.9
535	-0.104622	207.934107	0.004577	8.4
536	-0.299069	207.738189	0.004944	12.6
537	-0.000000	207.542762	0.000000	11.9
538	-1.099443	207.347825	0.013495	17.8
539	-0.003670	207.153376	0.000674	9.6
540	-0.207882	206.959412	0.004384	8.9
541	-0.944133	206.765932	0.016146	12.3
542	-0.454818	206.572933	0.004466	13.0
543	-0.187073	206.380414	0.004579	9.7
544	-0.000000	206.188373	0.000000	9.0
545	-1.660418	205.996807	0.007938	10.8
546	-0.174173	205.805716	0.003213	15.0
547	-0.000000	205.615096	0.000000	12.3
548	-1.569150	205.424946	0.034136	13.4
549	-1.392255	205.235265	0.036863	10.0
550	-0.952652	205.046050	0.013341	13.7
551	-1.895388	204.857299	0.028413	12.6
552	-0.938782	204.669011	0.012781	9.1
553	-1.868589	204.481184	0.029148	11.0
554	-1.980731	204.293816	0.020992	9.5
555	-0.391587	204.106905	0.006858	14.3
556	-0.184033	203.920449	0.003587	15.3
557	-0.916257	203.734447	0.015132	16.5
558	-0.000000	203.548896	0.000000	12.4
559	-0.007415	203.363795	0.000338	13.8
560	-0.276740	203.179143	0.006362	18.0
561	-0.770377	202.994937	0.007431	9.6
562	-1.810884	202.811176	0.017821	8.7
563	-1.713994	202.627857	0.018484	13.4
564	-1.497148	202.444980	0.022732	11.1
565	-1.588394	202.262543	0.030220	15.8
566	-0.000031	202.080543	0.000008	12.8
567	-1.614399	201.898979	0.020550	12.7
568	-0.995030	201.717849	0.012861	14.4
569	-1.721207	201.537153	0.011742	13.2
570	-1.480001	201.356887	0.011644	18.6
571	-0.000093	201.177050	0.000019	13.2
572	-0.291388	200.997642	0.005032	9.1
573	-0.186187	200.818659	0.004103	9.5
574	-0.000023	200.640100	0.000005	15.4
575	-0.000006	200.461965	0.000001	18.1
576	-0.069834	200.284250	0.003289	14.4
577	-1.433457	200.106955	0.014563	13.3
578	-0.683701	199.930078	0.005408	16.3
579	-0.330025	199.753617	0.005725	18.0
580	-0.962985	199.577571	0.008682	13.3
581	-0.000000	199.401938	0.000000	9.9
582	-1.334616	199.226717	0.018115	9.5
583	-0.359957	199.051905	0.005749	9.1
584	-0.066092	198.877502	0.003115	8.9
585	-0.414890	198.703506	0.007087	14.3
586	-0.084731	198.529916	0.001415	11.1
587	-1.664576	198.356729	0.031669	10.4
588	-0.012065	198.183944	0.000457	18.1
589	-0.382352	198.011560	0.002916	17.2
590	-0.657150	197.839576	0.005115	13.7
591	-1.858948	197.667989	0.021336	17.4
592	-0.056001	197.496798	0.002557	17.2
593	-0.291387	197.326002	0.005227	8.4
594	-0.014310	197.155600	0.000748	10.1
595	-0.396392	196.985589	0.003376	10.0
596	-0.000000	196.815969	0.000000	8.8
597	-1.121072	196.646738	0.008434	16.3
598	-1.102194	196.477894	0.032557	8.9
599	-0.873349	196.309436	0.012672	8.4
600	-0.313454	196.141363	0.004524	8.7
601	-1.427276	195.973673	0.008625	9.9
602	-0.000020	195.806365	0.000005	9.3
603	-1.634344	195.639437	0.015651	9.6
604	-1.908385	195.472888	0.035702	8.8
605	-1.036758	195.306717	0.007467	8.4
606	-1.487424	195.140922	0.042807	9.0
607	-0.000000	194.975501	0.000000	9.9
608	-1.803664	194.810454	0.015157	9.7
609	-1.006717	194.645779	0.011750	9.1
610	-0.239104	194.481475	0.006720	8.2
611	-1.373010	194.317540	0.010632	11.1
612	-0.000000	194.153973	0.000000	9.3
613	-0.021354	193.990773	0.000944	8.9
614	-0.650617	193.827938	0.006053	8.1
615	-1.166691	193.665467	0.016448	9.8
616	-1.257755	193.503358	0.014616	9.2
617	-0.011906	193.341611	0.001122	8.1
618	-0.265540	193.180224	0.005139	10.2
619	-0.237239	193.019196	0.004782	9.5
620	-0.014097	192.858525	0.001003	9.6
621	-1.476645	192.698210	0.012470	9.2
622	-1.907509	192.538251	0.019480	8.6
623	-1.910922	192.378644	0.017725	11.6
624	-0.016834	192.219391	0.000632	9.0
625	-0.386462	192.060488	0.007694	9.1
626	-1.747030	191.901935	0.011869	8.7
627	-0.204354	191.743730	0.004155	9.1
628	-2.014195	191.585873	0.017632	10.6
629	-1.035796	191.428362	0.012422	8.9
630	-1.677399	191.271196	0.004006	8.5
631	-1.892574	191.114374	0.015305	9.2
632	-2.022291	190.957893	0.019145	9.5
633	-0.119459	190.801755	0.003614	9.0
634	-1.992761	190.645956	0.014882	9.9
635	-0.259788	190.490495	0.005624	8.8
636	-1.159251	190.335373	0.009878	8.1
637	-1.717702	190.180587	0.022472	10.2
638	-0.001788	190.026136	0.000334	8.9
639	-1.819654	189.872019	0.008707	9.2
640	-0.174349	189.718235	0.006266	9.2
641	-1.794161	189.564782	0.019658	10.2
642	-0.000750	189.411661	0.000134	9.2
643	-1.995147	189.258868	0.016871	7.8
644	-0.012107	189.106404	0.000303	13.7
645	-1.649360	188.954267	0.012399	8.5
646	-0.209749	188.802456	0.005063	8.4
647	-0.332074	188.650969	0.003868	9.6
648	-0.974182	188.499807	0.009198	8.4
649	-0.000000	188.348967	0.000000	8.8
650	-1.470428	188.198448	0.031635	8.9
651	-1.532834	188.048250	0.020906	8.6
652	-0.503119	187.898371	0.007625	8.9
653	-0.000827	187.748810	0.000150	14.8
654	-1.328443	187.599566	0.018830	8.8
655	-1.616205	187.450638	0.021969	8.8
656	-0.620121	187.302025	0.017624	10.8
657	-1.771721	187.153725	0.026271	9.3
658	-0.766370	187.005739	0.006944	9.2
659	-0.727378	186.858064	0.017414	9.3
660	-1.954757	186.710699	0.017671	10.5
661	-0.000000	186.563645	0.000000	9.4
662	-0.001245	186.416898	0.000190	8.4
663	-1.835481	186.270459	0.013698	9.0
664	-1.385130	186.124326	0.017416	9.0
665	-0.608481	185.978499	0.006345	9.9
666	-0.753284	185.832976	0.014914	9.0
667	-1.151648	185.687756	0.013551	8.8
668	-1.524851	185.542838	0.008907	9.5
669	-0.059066	185.398222	0.001599	11.1
670	-0.537087	185.253906	0.008367	9.1
671	-0.000000	185.109889	0.000000	8.7
672	-0.403111	184.966170	0.004328	8.6
673	-0.119994	184.822748	0.001761	10.3
674	-0.642980	184.679623	0.007993	8.8
675	-0.000054	184.536792	0.000012	9.3
676	-0.000001	184.394256	0.000000	9.0
677	-1.553656	184.252013	0.023941	13.7
678	-0.000335	184.110062	0.000064	13.6
679	-0.579051	183.968403	0.005794	9.1
680	-0.082503	183.827034	0.002705	9.3
681	-0.420418	183.685954	0.004887	9.3
682	-1.809050	183.545163	0.016119	8.1
683	-0.910130	183.404658	0.007414	14.5
684	-1.417516	183.264441	0.008916	8.9
685	-0.666893	183.124509	0.008164	8.4
686	-0.288705	182.984861	0.002882	9.6
687	-0.002098	182.845497	0.000288	9.7
688	-1.065010	182.706416	0.029062	7.9
689	-0.000001	182.567616	0.000000	9.8
690	-0.611688	182.429098	0.012141	8.5
691	-0.056275	182.290859	0.001444	8.5
692	-0.000021	182.152899	0.000005	8.6
693	-0.065405	182.015217	0.004502	9.2
694	-0.000000	181.877813	0.000000	8.8
695	-0.002372	181.740684	0.000390	9.6
696	-0.862871	181.603832	0.006030	9.4
697	-1.372688	181.467253	0.044956	8.4
698	-0.143712	181.330948	0.003461	9.5
699	-0.600067	181.194916	0.006057	9.4
700	-0.060806	181.059155	0.002757	8.4
701	-0.013967	180.923666	0.000795	11.3
702	-0.326631	180.788446	0.004222	7.8
703	-1.161993	180.653496	0.010680	9.4
704	-0.684651	180.518814	0.007531	8.9
705	-1.701378	180.384399	0.036126	9.0
706	-1.851451	180.250251	0.004519	9.3
707	-0.001773	180.116369	0.000171	8.4
708	-1.354687	179.982752	0.042343	9.3
709	-1.617295	179.849398	0.039331	8.2
710	-1.857878	179.716308	0.032196	8.6
711	-0.860438	179.583480	0.014083	9.2
712	-0.481701	179.450913	0.003520	12.0
713	-1.282398	179.318607	0.017129	9.0
714	-0.001719	179.186561	0.000225	10.8
715	-1.089860	179.054774	0.027715	9.7
716	-0.000000	178.923245	0.000000	8.7
717	-0.000521	178.791973	0.000090	8.3
718	-0.414052	178.660958	0.006683	8.4
719	-1.485646	178.530199	0.007181	9.7
720	-0.084224	178.399694	0.002524	8.7
721	-1.552820	178.269444	0.012427	9.5
722	-0.000309	178.139447	0.000061	9.2
723	-0.878801	178.009702	0.008776	9.6
724	-1.499219	177.880209	0.006319	8.3
725	-1.959020	177.750967	0.021225	9.8
726	-0.025116	177.621975	0.001360	8.0
727	-0.000000	177.493232	0.000000	8.2
728	-0.000125	177.364738	0.000022	10.3
729	-1.335354	177.236492	0.012157	8.8
730	-0.231801	177.108492	0.004583	9.7
731	-0.143348	176.980739	0.003622	10.1
732	-1.807843	176.853231	0.013685	9.9
733	-0.855175	176.725968	0.006657	9.9
734	-1.935716	176.598949	0.025908	9.0
735	-0.000000	176.472173	0.000000	7.6
736	-0.184951	176.345639	0.002739	9.9
737	-0.834394	176.219348	0.016285	7.5
738	-1.514173	176.093296	0.007383	9.2
739	-1.486989	175.967486	0.015064	12.5
740	-1.512481	175.841914	0.007363	8.7
741	-1.774049	175.716581	0.019904	10.8
742	-0.518183	175.591486	0.007225	10.1
743	-0.637548	175.466629	0.006244	9.6
744	-0.294686	175.342008	0.004012	8.1
745	-0.394330	175.217622	0.004018	9.2
746	-1.899642	175.093472	0.029101	8.3
747	-1.439593	174.969556	0.036561	9.2
748	-0.201285	174.845873	0.003643	9.1
749	-1.611105	174.722423	0.023958	9.5
750	-1.765235	174.599206	0.011795	8.7
751	-1.285686	174.476220	0.008540	16.9
752	-1.006478	174.353464	0.013181	9.0
753	-0.243788	174.230939	0.004848	9.0
754	-0.000000	174.108643	0.000000	8.7
755	-1.648040	173.986576	0.026812	10.1
756	-0.031573	173.864737	0.001345	8.7
757	-0.773752	173.743124	0.008296	10.1
758	-1.766356	173.621739	0.016275	8.8
759	-0.000180	173.500579	0.000037	9.2
760	-1.822663	173.379645	0.018742	9.3
761	-0.159738	173.258935	0.003874	10.3
762	-0.000021	173.138449	0.000006	9.9
763	-0.174910	173.018186	0.004902	9.3
764	-0.616285	172.898146	0.007123	8.7
765	-1.967635	172.778327	0.015816	10.2
766	-0.158184	172.658730	0.004720	9.5
767	-1.055458	172.539353	0.006484	9.0
768	-0.000000	172.420196	0.000000	9.7
769	-0.716427	172.301258	0.034519	8.2
770	-1.656746	172.182539	0.014388	14.5
771	-0.000326	172.064037	0.000067	9.7
772	-0.164618	171.945753	0.002058	11.2
773	-1.616298	171.827686	0.025631	8.8
774	-0.369600	171.709834	0.005849	13.4
775	-0.000006	171.592198	0.000002	8.2
776	-1.931387	171.474776	0.019311	8.7
777	-0.039754	171.357568	0.003491	10.3
778	-0.626690	171.240574	0.007439	8.4
779	-0.000000	171.123793	0.000000	8.6
780	-1.131657	171.007223	0.014256	9.0
781	-0.867065	170.890865	0.007404	8.9
782	-0.138775	170.774718	0.002725	35.3
783	-0.405853	170.658782	0.005304	9.5
784	-0.000000	170.543055	0.000000	8.6
785	-1.146064	170.427537	0.011882	9.7
786	-1.327382	170.312227	0.010801	9.6
787	-0.122891	170.197125	0.003945	9.4
788	-0.693424	170.082231	0.025188	9.4
789	-1.633094	169.967543	0.013097	8.6
790	-1.862252	169.853061	0.014848	8.9
791	-1.772044	169.738784	0.009649	9.0
792	-1.940705	169.624713	0.010786	9.8
793	-0.706700	169.510845	0.008648	9.5
794	-0.017508	169.397181	0.001157	10.2
795	-2.094636	169.283720	0.009344	8.7
796	-0.743702	169.170462	0.009306	9.4
797	-0.000697	169.057405	0.000107	8.4
798	-1.861427	168.944549	0.021195	9.3
799	-0.362968	168.831895	0.004376	9.1
800	-1.677535	168.719440	0.028307	9.0
801	-0.548706	168.607185	0.006697	8.8
802	-0.225190	168.495129	0.003575	9.3
803	-1.586816	168.383271	0.008583	8.1
804	-0.879615	168.271611	0.013048	7.8
805	-0.486252	168.160148	0.006676	8.6
806	-0.129287	168.048882	0.004223	21.9
807	-0.000075	167.937812	0.000018	8.4
808	-1.651552	167.826938	0.049474	8.6
809	-1.860617	167.716258	0.017632	8.1
810	-0.113094	167.605773	0.003314	9.7
811	-0.647565	167.495482	0.007624	10.0
812	-0.892468	167.385384	0.009142	8.6
813	-0.000000	167.275479	0.000000	9.1
814	-0.001484	167.165766	0.000235	8.4
815	-1.216585	167.056245	0.015736	16.8
816	-2.037550	166.946915	0.021218	8.4
817	-1.508007	166.837776	0.011317	8.8
818	-0.017007	166.728826	0.001117	8.9
819	-0.052935	166.620067	0.002500	8.9
820	-0.080809	166.511496	0.002618	10.2
821	-0.089937	166.403113	0.003137	10.2
822	-0.064027	166.294919	0.002412	8.9
823	-0.644441	166.186912	0.007201	9.4
824	-1.658785	166.079091	0.007044	8.9
825	-0.208474	165.971458	0.004162	8.7
826	-1.295557	165.864009	0.014830	9.7
827	-0.000000	165.756747	0.000000	12.6
828	-0.000000	165.649669	0.000000	8.3
829	-1.265731	165.542775	0.008785	9.6
830	-0.004393	165.436065	0.000582	9.5
831	-1.583748	165.329538	0.036672	9.4
832	-1.128792	165.223194	0.018072	9.2
833	-0.200005	165.117032	0.006317	9.5
834	-1.677909	165.011052	0.019028	18.1
835	-0.698974	164.905253	0.009545	8.6
836	-1.244166	164.799635	0.009464	10.1
837	-1.696010	164.694197	0.015782	8.5
838	-1.792259	164.588939	0.032662	10.3
839	-1.323549	164.483859	0.005284	9.2
840	-0.000000	164.378959	0.000000	9.7
841	-0.811379	164.274237	0.010836	9.0
842	-0.698590	164.169692	0.008654	7.6
843	-0.369536	164.065325	0.006765	8.6
844	-0.654623	163.961135	0.005755	9.8
845	-0.045391	163.857120	0.000878	10.7
846	-0.000000	163.753282	0.000000	9.4
847	-1.722501	163.649619	0.021727	11.2
848	-1.961949	163.546130	0.018632	9.1
849	-0.078401	163.442816	0.002351	9.5
850	-0.000378	163.339676	0.000077	8.5
851	-0.604477	163.236709	0.007117	8.9
852	-0.060261	163.133915	0.002013	8.8
853	-0.000000	163.031294	0.000000	8.2
854	-1.487527	162.928844	0.005591	8.6
855	-0.000002	162.826566	0.000001	8.1
856	-0.222927	162.724459	0.003484	10.5
857	-0.203467	162.622523	0.004339	8.0
858	0.000000	162.520757	0.000000	8.7
859	-0.000001	162.419160	0.000000	9.0
860	-0.247865	162.317733	0.004891	8.9
861	-1.568875	162.216474	0.017134	9.8
862	-1.893822	162.115383	0.020738	9.0
863	-0.153005	162.014461	0.003672	9.2
864	-1.883186	161.913705	0.011247	9.4
865	-0.000000	161.813117	0.000000	10.8
866	-1.285025	161.712695	0.012934	9.4
867	-0.000000	161.612439	0.000000	10.5
868	-0.000000	161.512349	0.000000	13.7
869	-0.416143	161.412424	0.005442	8.2
870	-0.166214	161.312663	0.003365	8.9
871	-0.000000	161.213067	0.000000	9.1
872	-1.718988	161.113635	0.008889	9.7
873	-0.985643	161.014366	0.010841	8.3
874	-1.459257	160.915260	0.015910	9.3
875	-1.723001	160.816316	0.017263	9.4
876	-1.427862	160.717535	0.012878	8.8
877	-0.007870	160.618915	0.000627	8.9
878	-0.603565	160.520456	0.008295	9.0
879	-0.000000	160.422158	0.000000	9.9
880	-1.962135	160.324021	0.018607	10.6
881	-0.887464	160.226043	0.008713	8.6
882	-1.612974	160.128225	0.010637	9.7
883	-0.374069	160.030566	0.005842	9.3
884	-0.156709	159.933066	0.004637	8.7
885	-1.829861	159.835723	0.016734	8.9
886	-0.628563	159.738539	0.004791	11.3
887	-1.517178	159.641512	0.008602	9.3
888	-0.048052	159.544642	0.001005	9.4
889	-1.983406	159.447929	0.021364	9.8
890	-0.000000	159.351372	0.000000	9.3
891	-0.137424	159.254971	0.003563	8.3
892	-0.425262	159.158725	0.006298	13.1
893	-0.500140	159.062634	0.006652	12.1
894	-0.002978	158.966697	0.000301	9.4
895	-1.025689	158.870915	0.045013	8.3
896	-1.673288	158.775286	0.012031	8.7
897	-0.586518	158.679811	0.005403	7.9
898	-1.778819	158.584489	0.030327	9.0
899	-1.494309	158.489319	0.022570	8.5
900	-1.311765	158.394302	0.013873	10.0
901	-0.036710	158.299436	0.001560	8.1
902	-0.047811	158.204721	0.003003	8.7
903	-1.728383	158.110158	0.014502	7.7
904	-0.000069	158.015745	0.000015	8.6
905	-0.267119	157.921482	0.005658	9.1
906	-0.339638	157.827369	0.005642	8.4
907	-0.257489	157.733406	0.003398	8.9
908	-0.999001	157.639591	0.013542	9.0
909	-1.633335	157.545925	0.042352	9.4
910	-0.000000	157.452408	0.000000	8.8
911	-1.393766	157.359038	0.015102	8.5
912	-0.000000	157.265816	0.000000	8.8
913	-1.854976	157.172741	0.024176	8.1
914	-0.613528	157.079813	0.007921	9.4
915	-0.000000	156.987031	0.000000	10.1
916	-0.170368	156.894395	0.004919	10.8
917	-0.674574	156.801904	0.005283	10.2
918	-1.896753	156.709559	0.028694	9.7
919	-0.463400	156.617359	0.005586	9.8
920	-0.354274	156.525304	0.005319	10.0
921	-1.726221	156.433392	0.014484	9.0
922	-1.628510	156.341624	0.019873	8.5
923	-0.000000	156.250000	0.000000	9.1
924	-1.852576	156.158519	0.030856	8.8
925	-1.757258	156.067180	0.024845	9.2
926	-0.004619	155.975984	0.000289	8.8
927	-1.332279	155.884930	0.040715	8.8
928	-0.199301	155.794017	0.002763	8.6
929	-1.471569	155.703246	0.006661	8.7
930	-1.590207	155.612615	0.016857	8.9
931	-0.000002	155.522125	0.000001	9.0
932	-1.213684	155.431775	0.008972	9.7
933	-0.000442	155.341565	0.000092	8.3
934	-1.448869	155.251495	0.016154	8.8
935	-0.893371	155.161563	0.034920	9.3
936	-1.885873	155.071771	0.011442	8.4
937	-1.023849	154.982117	0.013926	8.7
938	-0.006859	154.892601	0.000495	9.0
939	-1.255748	154.803222	0.028006	9.2
940	-0.000001	154.713981	0.000000	9.3
941	-1.940131	154.624878	0.033265	10.9
942	-0.492597	154.535910	0.006377	9.0
943	-0.203679	154.447080	0.004273	8.5
944	-1.671282	154.358385	0.011659	8.4
945	-1.010851	154.269826	0.022126	8.8
946	-0.042363	154.181402	0.002409	11.2
947	-1.115345	154.093114	0.014549	9.9
948	-0.000000	154.004960	0.000000	9.2
949	-0.000000	153.916940	0.000000	11.5
950	-1.848545	153.829054	0.044420	11.3
951	-0.000016	153.741303	0.000004	9.2
952	-0.620048	153.653684	0.006455	13.6
953	-0.840107	153.566198	0.008989	8.2
954	-0.493931	153.478846	0.006936	8.7
955	-2.047857	153.391625	0.031321	8.9
956	-1.844533	153.304537	0.013246	8.6
957	-1.245463	153.217580	0.020481	8.7
958	-1.332015	153.130755	0.006516	10.1
959	-0.000001	153.044061	0.000000	9.4
960	-1.608176	152.957498	0.012111	9.0
961	-0.364759	152.871065	0.007626	8.9
962	-0.835856	152.784762	0.010158	9.1
963	-0.051740	152.698589	0.001499	9.3
964	-1.861903	152.612545	0.025219	9.2
965	-2.038241	152.526631	0.024193	8.7
966	-1.836229	152.440845	0.012558	13.6
967	-1.695546	152.355188	0.015356	9.0
968	-1.802098	152.269660	0.012188	9.0
969	-0.783246	152.184259	0.007969	12.0
970	-1.504975	152.098986	0.015441	8.9
971	-0.447239	152.013840	0.008052	8.7
972	-0.088629	151.928821	0.001695	8.5
973	-0.000153	151.843928	0.000036	8.6
974	-0.000001	151.759163	0.000000	9.2
975	-1.612334	151.674523	0.039567	10.0
976	-1.905761	151.590009	0.021894	8.3
977	-0.213605	151.505620	0.004948	8.3
978	-0.000000	151.421357	0.000000	9.5
979	-0.967404	151.337218	0.006150	9.7
980	-0.000015	151.253204	0.000004	8.1
981	-1.420479	151.169314	0.027552	9.7
982	-1.663643	151.085549	0.012729	9.9
983	-0.902884	151.001907	0.020734	8.6
984	-1.183657	150.918388	0.026166	8.7
985	-1.019807	150.834992	0.011616	8.1
986	-0.000000	150.751719	0.000000	9.5
987	-0.798936	150.668569	0.010836	8.4
988	-0.342125	150.585541	0.005383	8.8
989	-1.942108	150.502634	0.008512	9.0
990	-1.474372	150.419849	0.017873	8.9
991	-1.232166	150.337186	0.008434	9.8
992	-1.693520	150.254644	0.012543	8.7
993	-0.000003	150.172222	0.000001	9.5
994	-1.930040	150.089921	0.016550	8.8
995	-1.459269	150.007740	0.014818	9.2
996	-0.437759	149.925679	0.005623	10.1
997	-0.005030	149.843737	0.000610	8.7
998	-0.847892	149.761915	0.009932	8.9
999	-1.665341	149.680212	0.016480	9.6
1000	-0.000000	149.598627	0.000000	8.5
1001	-1.358533	149.517161	0.012921	8.5
1002	-0.004221	149.435814	0.000439	9.0
1003	-0.000152	149.354584	0.000033	11.4
1004	-1.570170	149.273472	0.013509	10.4
1005	-0.163659	149.192477	0.004925	10.6
1006	-0.273780	149.111599	0.005589	11.9
1007	-1.403644	149.030838	0.012387	14.5
1008	-0.000000	148.950194	0.000000	12.1
1009	-1.422997	148.869666	0.013390	8.3
1010	-0.285988	148.789253	0.004882	12.5
1011	-0.000000	148.708957	0.000000	11.7
1012	-1.535647	148.628776	0.014745	17.9
1013	-0.240611	148.548710	0.003461	18.2
1014	-0.942415	148.468759	0.010939	17.2
1015	-0.027608	148.388923	0.000889	17.9
1016	-1.692599	148.309201	0.016501	18.9
1017	-0.000015	148.229594	0.000003	13.4
1018	-1.496002	148.150100	0.010512	10.6
1019	-1.581682	148.070719	0.045705	11.4
1020	-0.000014	147.991452	0.000003	12.4
1021	-1.900175	147.912298	0.018111	9.9
1022	-1.487164	147.833257	0.012301	8.6
1023	-1.070744	147.754329	0.008810	13.9
1024	-1.390494	147.675512	0.017544	10.6
1025	-0.536581	147.596808	0.003290	9.9
1026	-1.519038	147.518216	0.012800	9.7
1027	-1.144016	147.439735	0.030985	10.5
1028	-0.647132	147.361365	0.007304	9.3
1029	-0.979889	147.283106	0.010253	10.0
1030	-0.089722	147.204958	0.003444	10.8
1031	-0.000000	147.126920	0.000000	9.6
1032	-1.870495	147.048993	0.034440	9.6
1033	-0.218416	146.971175	0.003961	9.3
1034	-0.471893	146.893468	0.005574	9.7
1035	-1.639716	146.815869	0.013922	10.2
1036	-0.157816	146.738380	0.003116	12.8
1037	-1.067696	146.661000	0.034617	8.7
1038	-1.793676	146.583729	0.005860	9.6
1039	-1.460339	146.506566	0.015424	10.0
1040	-1.213781	146.429511	0.010143	8.7
1041	-0.000000	146.352565	0.000000	8.5
1042	-0.018758	146.275726	0.000594	8.8
1043	-0.543689	146.198994	0.008434	8.5
1044	-1.322153	146.122370	0.013761	10.0
1045	-1.249123	146.045853	0.024163	9.4
1046	-0.029646	145.969442	0.001125	8.1
1047	-1.746127	145.893139	0.021315	8.8
1048	-0.715550	145.816941	0.005880	10.6
1049	-0.000011	145.740849	0.000003	10.2
1050	-0.859814	145.664863	0.007194	10.6
1051	-1.955307	145.588983	0.013590	12.4
1052	-0.550099	145.513208	0.007918	8.9
1053	-1.451309	145.437538	0.016887	8.6
1054	-0.055283	145.361973	0.001495	9.5
1055	-1.345226	145.286513	0.006673	12.2
1056	-0.000000	145.211157	0.000000	9.4
1057	-0.040066	145.135905	0.001198	9.5
1058	-0.000004	145.060757	0.000001	9.3
1059	-0.450335	144.985712	0.004050	9.4
1060	-0.420455	144.910771	0.006023	8.5
1061	-0.180012	144.835934	0.003388	9.2
1062	-0.064990	144.761199	0.001684	9.6
1063	-0.922008	144.686567	0.010237	9.1
1064	-1.625495	144.612037	0.013485	8.7
1065	-0.010908	144.537610	0.000650	8.8
1066	-0.000000	144.463285	0.000000	9.5
1067	-0.032008	144.389062	0.001001	9.3
1068	-1.637763	144.314940	0.036539	8.7
1069	-1.271600	144.240920	0.013362	9.6
1070	-0.472790	144.167001	0.006678	9.8
1071	-1.709085	144.093182	0.039679	9.9
1072	-1.659085	144.019465	0.014871	8.2
1073	-1.299144	143.945848	0.011392	9.6
1074	-0.989438	143.872331	0.008485	9.0
1075	-0.003153	143.798914	0.000280	8.8
1076	-0.000001	143.725597	0.000000	9.1
1077	-1.709378	143.652380	0.014291	8.4
1078	-0.311609	143.579262	0.003596	9.5
1079	-1.310418	143.506243	0.021821	9.6
1080	-1.888659	143.433323	0.010427	12.1
1081	-1.713079	143.360502	0.011678	9.1
1082	-1.869907	143.287780	0.021687	8.0
1083	-1.917247	143.215155	0.021621	9.8
1084	-0.486369	143.142629	0.004874	9.8
1085	-1.246319	143.070201	0.010923	8.9
1086	-0.000601	142.997870	0.000094	9.4
1087	-0.004775	142.925637	0.000545	8.3
1088	-0.151831	142.853501	0.003567	9.4
1089	-0.455783	142.781462	0.006634	9.4
1090	-0.488551	142.709519	0.005670	8.4
1091	-0.978919	142.637674	0.007661	8.6
1092	-1.974201	142.565924	0.008756	8.6
1093	-1.285853	142.494271	0.005962	9.5
1094	-0.469389	142.422714	0.005640	10.8
1095	-1.478636	142.351252	0.019606	9.1
1096	-1.371900	142.279886	0.016603	9.3
1097	-0.000088	142.208616	0.000018	8.3
1098	-1.625574	142.137440	0.011922	8.2
1099	-1.610045	142.066360	0.011458	9.6
1100	-0.000000	141.995374	0.000000	12.8
1101	-1.721219	141.924483	0.019225	9.5
1102	-0.262276	141.853685	0.003649	9.0
1103	-1.582535	141.782983	0.006645	9.4
1104	-1.088567	141.712373	0.015756	13.0
1105	-1.168252	141.641858	0.007223	9.0
1106	-0.358962	141.571436	0.003972	9.4
1107	-1.922444	141.501108	0.024810	12.7
1108	-1.070624	141.430872	0.015398	8.0
1109	-0.707731	141.360730	0.004364	9.9
1110	-0.727419	141.290680	0.006189	10.0
1111	-1.802762	141.220722	0.024943	10.2
1112	-0.000000	141.150857	0.000000	9.1
1113	-0.309773	141.081084	0.004483	14.3
1114	-1.958594	141.011403	0.022894	9.4
1115	-0.214036	140.941813	0.004623	8.9
1116	-0.897415	140.872315	0.007406	10.9
1117	-1.986548	140.802909	0.023270	8.8
1118	-0.421873	140.733593	0.005077	8.4
1119	-1.758819	140.664369	0.008539	8.3
1120	-0.444958	140.595235	0.005376	8.5
1121	-1.570186	140.526192	0.006140	9.6
1122	-0.006677	140.457239	0.000684	7.7
1123	-0.605332	140.388376	0.006004	8.8
1124	-0.026827	140.319603	0.000935	9.4
1125	-0.914312	140.250920	0.006618	9.4
1126	-0.404596	140.182326	0.004966	10.1
1127	-1.672377	140.113822	0.018109	8.7
1128	-0.359629	140.045407	0.003731	9.4
1129	-0.038421	139.977081	0.001518	10.2
1130	-0.325408	139.908844	0.004487	8.7
1131	-1.981350	139.840696	0.009320	10.2
1132	-0.665619	139.772635	0.008493	9.7
1133	-0.086464	139.704664	0.001258	8.8
1134	-0.229916	139.636780	0.002840	9.3
1135	-0.000274	139.568984	0.000055	9.2
1136	-0.559178	139.501276	0.005445	9.2
1137	-1.859274	139.433655	0.010432	9.1
1138	-0.629547	139.366122	0.008548	15.9
1139	-0.221538	139.298676	0.004238	8.6
1140	-0.939567	139.231317	0.003172	10.2
1141	-0.000000	139.164045	0.000000	9.0
1142	-1.784773	139.096859	0.012646	8.3
1143	-0.958814	139.029760	0.019301	9.0
1144	-0.000000	138.962747	0.000000	8.8
1145	-0.555214	138.895820	0.009661	8.5
1146	-1.602783	138.828978	0.014708	9.0
1147	-1.201296	138.762223	0.005444	8.4
1148	-0.534459	138.695553	0.005196	15.4
1149	-1.884890	138.628969	0.030794	9.1
1150	-1.812609	138.562469	0.026155	8.7
1151	-1.669127	138.496055	0.014788	11.4
1152	-1.750325	138.429725	0.008408	8.8
1153	-0.160055	138.363481	0.002674	9.0
1154	-0.189707	138.297320	0.003856	9.3
1155	-0.000002	138.231244	0.000001	9.3
1156	-0.000290	138.165252	0.000048	10.3
1157	-0.749867	138.099344	0.007090	8.3
1158	-0.959601	138.033520	0.007373	8.4
1159	-0.289183	137.967779	0.004152	8.2
1160	-1.550898	137.902122	0.008068	10.6
1161	-0.431905	137.836548	0.007139	9.2
1162	-1.578948	137.771057	0.049430	8.7
1163	-1.699327	137.705649	0.028244	9.3
1164	-1.430775	137.640324	0.025515	13.7
1165	-1.837208	137.575081	0.011596	8.5
1166	-1.625287	137.509921	0.007438	8.6
1167	-0.002043	137.444842	0.000252	9.4
1168	-0.000418	137.379846	0.000083	11.0
1169	-0.634495	137.314932	0.004780	9.0
1170	-0.000000	137.250100	0.000000	8.4
1171	-1.745356	137.185349	0.018071	11.9
1172	-0.040450	137.120680	0.002626	9.3
1173	-0.225940	137.056092	0.003496	9.1
1174	-1.390449	136.991585	0.034503	9.9
1175	-0.454642	136.927158	0.004516	8.7
1176	-1.240166	136.862813	0.004616	9.7
1177	-1.873325	136.798548	0.014997	9.2
1178	-0.138268	136.734363	0.003513	9.0
1179	-0.520280	136.670259	0.008160	13.3
1180	-0.043369	136.606235	0.002100	9.3
1181	-0.001033	136.542291	0.000134	8.2
1182	-0.815622	136.478426	0.007393	8.4
1183	-0.065484	136.414641	0.002116	8.1
1184	-1.843094	136.350936	0.015699	9.7
1185	-0.132459	136.287310	0.002519	8.7
1186	-0.184417	136.223763	0.004318	21.4
1187	-0.086465	136.160295	0.003335	9.0
1188	-1.873760	136.096905	0.009609	9.3
1189	-0.031254	136.033594	0.000661	10.3
1190	-1.594777	135.970362	0.011658	10.2
1191	-1.501205	135.907208	0.004910	11.0
1192	-0.000065	135.844133	0.000016	11.3
1193	-0.451738	135.781135	0.005466	9.7
1194	-1.706989	135.718215	0.024631	8.6
1195	-0.565685	135.655373	0.005987	9.3
1196	-0.859664	135.592608	0.008334	8.8
1197	-0.009381	135.529921	0.000637	8.4
1198	-0.000000	135.467311	0.000000	8.8
1199	-0.000000	135.404778	0.000000	10.7
1200	-0.000000	135.342322	0.000000	11.2
1201	-0.782313	135.279942	0.008269	8.9
1202	-0.614121	135.217640	0.005689	10.3
1203	-1.750714	135.155413	0.019891	8.4
1204	-0.000000	135.093263	0.000000	8.3
1205	-0.749527	135.031190	0.007913	9.5
1206	-0.934033	134.969192	0.008025	9.1
1207	-0.557677	134.907270	0.004309	9.5
1208	-1.024366	134.845424	0.027867	10.2
1209	-0.853408	134.783653	0.008203	7.9
1210	-0.272834	134.721958	0.003820	10.0
1211	-1.789121	134.660338	0.014582	9.1
1212	-0.240047	134.598793	0.004647	8.7
1213	-0.208481	134.537323	0.003420	8.7
1214	-0.203600	134.475927	0.002925	10.4
1215	-1.065482	134.414607	0.010958	9.5
1216	-1.633969	134.353361	0.003963	8.8
1217	-0.410507	134.292189	0.003886	9.6
1218	-0.725270	134.231092	0.009918	8.8
1219	-0.090153	134.170068	0.001507	7.8
1220	-0.620976	134.109119	0.007703	9.4
1221	-0.751475	134.048243	0.009416	9.0
1222	-0.055578	133.987441	0.002215	10.5
1223	-0.000815	133.926713	0.000112	9.0
1224	-1.945870	133.866057	0.011019	11.4
1225	-1.552237	133.805475	0.008900	8.9
1226	-0.809881	133.744966	0.006077	8.2
1227	-1.526145	133.684530	0.013885	8.8
1228	-0.833037	133.624167	0.005551	9.3
1229	-1.623098	133.563877	0.013265	11.6
1230	-1.559077	133.503658	0.022923	8.1
1231	-0.941821	133.443513	0.027330	9.5
1232	-0.000000	133.383439	0.000000	7.4
1233	-1.301035	133.323437	0.050381	9.1
1234	-1.191810	133.263508	0.005924	8.8
1235	-0.284651	133.203650	0.003769	9.1
1236	-1.477057	133.143864	0.008685	8.2
1237	-0.074834	133.084149	0.001039	8.8
1238	-0.110236	133.024506	0.004949	8.9
1239	-0.180144	132.964934	0.005354	9.2
1240	-1.137521	132.905433	0.009249	9.6
1241	-0.745990	132.846003	0.009463	7.8
1242	-1.651194	132.786643	0.020370	10.3
1243	-0.000000	132.727355	0.000000	9.2
1244	-0.000000	132.668137	0.000000	8.2
1245	-0.278827	132.608989	0.006545	9.5
1246	-1.764123	132.549912	0.016471	8.6
1247	-0.000000	132.490904	0.000000	8.9
1248	-0.082046	132.431967	0.002134	8.8
1249	-1.126678	132.373100	0.009777	9.5
1250	-1.187578	132.314302	0.033635	8.9
1251	-0.130587	132.255574	0.003299	8.8
1252	-0.462575	132.196916	0.007476	8.9
1253	-0.000000	132.138326	0.000000	8.8
1254	-1.653814	132.079806	0.015325	8.6
1255	-0.779303	132.021355	0.011405	10.4
1256	-1.040599	131.962973	0.010758	9.4
1257	-1.507804	131.904660	0.009796	9.0
1258	-0.555400	131.846415	0.005139	8.2
1259	-0.318526	131.788239	0.003897	9.4
1260	-0.173119	131.730131	0.002143	8.8
1261	-0.101953	131.672092	0.001664	9.6
1262	-0.004117	131.614121	0.000215	9.5
1263	-0.212017	131.556217	0.003316	7.7
1264	-1.136093	131.498382	0.044936	9.2
1265	-1.640401	131.440614	0.009857	8.6
1266	-0.118129	131.382914	0.002964	9.4
1267	-2.037059	131.325282	0.023225	8.6
1268	-0.683606	131.267717	0.005966	9.0
1269	-1.308303	131.210219	0.023122	9.1
1270	-0.272442	131.152788	0.005384	8.1
1271	-0.000240	131.095424	0.000051	10.0
1272	-1.967697	131.038127	0.014507	9.3
1273	-2.101978	130.980897	0.013695	9.0
1274	-0.196255	130.923733	0.003212	9.7
1275	-0.000000	130.866636	0.000000	11.4
1276	-0.131094	130.809605	0.003210	8.7
1277	-0.331065	130.752641	0.005615	9.0
1278	-0.886388	130.695742	0.006728	8.5
1279	-1.726708	130.638910	0.020807	8.4
1280	-0.421108	130.582143	0.003695	8.5
1281	-0.846394	130.525442	0.007957	9.3
1282	-1.981899	130.468807	0.039411	8.5
1283	-1.959673	130.412237	0.019136	8.0
1284	-0.102332	130.355733	0.001893	8.5
1285	-0.447516	130.299294	0.004827	8.9
1286	-0.221590	130.242920	0.003104	9.2
1287	-0.911373	130.186611	0.045351	8.2
1288	-0.368055	130.130366	0.006156	9.3
1289	-1.095768	130.074187	0.013218	9.3
1290	-0.000000	130.018072	0.000000	9.0
1291	-0.103866	129.962022	0.003732	10.2
1292	-0.442726	129.906036	0.004658	9.5
1293	-1.384249	129.850114	0.016727	8.3
1294	-0.556005	129.794257	0.005373	10.6
1295	-1.572469	129.738463	0.015448	10.4
1296	-0.264589	129.682734	0.003699	8.4
1297	-1.589791	129.627068	0.013677	8.6
1298	-1.354868	129.571466	0.025315	9.1
1299	-0.517407	129.515927	0.005777	15.1
1300	-0.907131	129.460452	0.005733	9.3
1301	-1.226364	129.405040	0.015744	8.9
1302	-0.491803	129.349692	0.006691	9.9
1303	-0.035031	129.294406	0.002045	9.1
1304	-0.578866	129.239183	0.004286	9.7
1305	-1.731523	129.184024	0.007445	8.6
1306	-0.000142	129.128927	0.000031	7.8
1307	-0.006141	129.073892	0.000705	9.8
1308	-1.028153	129.018921	0.033796	8.5
1309	-0.848241	128.964011	0.014941	9.3
1310	-1.570746	128.909164	0.018439	9.5
1311	-1.277991	128.854379	0.014564	9.1
1312	-0.019982	128.799656	0.001505	9.5
1313	-1.708812	128.744995	0.010567	10.0
1314	-1.312341	128.690396	0.010133	14.4
1315	-1.227749	128.635858	0.006473	8.9
1316	-0.000000	128.581382	0.000000	8.7
1317	-1.619147	128.526968	0.004398	9.2
1318	-1.198445	128.472615	0.011297	9.1
1319	-0.073859	128.418323	0.001764	8.4
1320	-0.000000	128.364092	0.000000	9.5
1321	0.000000	128.309922	0.000000	9.8
1322	-1.470886	128.255814	0.030554	8.7
1323	-0.105853	128.201766	0.002726	9.2
1324	-1.665923	128.147778	0.007769	8.8
1325	-0.594625	128.093852	0.006954	10.8
1326	-1.765264	128.039985	0.046679	9.6
1327	-1.859314	127.986180	0.012757	9.2
1328	-1.189986	127.932434	0.015140	9.0
1329	-1.618033	127.878749	0.011983	8.9
1330	-1.729913	127.825123	0.010961	10.1
1331	-0.021816	127.771558	0.000676	9.6
1332	-0.000000	127.718052	0.000000	9.1
1333	-1.745222	127.664606	0.014876	8.3
1334	-0.800656	127.611220	0.006958	9.7
1335	-1.702295	127.557893	0.004847	9.5
1336	-1.777449	127.504625	0.020989	8.9
1337	-1.700653	127.451417	0.014715	8.5
1338	-1.097947	127.398268	0.010109	9.8
1339	-1.852564	127.345178	0.016080	9.4
1340	-0.000007	127.292147	0.000002	9.6
1341	-1.339513	127.239175	0.013141	10.7
1342	-0.449766	127.186261	0.005133	8.8
1343	-1.226875	127.133407	0.022667	14.9
1344	-0.943753	127.080610	0.024551	8.7
1345	-0.000000	127.027872	0.000000	8.5
1346	-0.016785	126.975193	0.001710	9.6
1347	-1.933579	126.922572	0.045147	12.2
1348	-0.214141	126.870008	0.003120	11.1
1349	-0.843464	126.817503	0.015266	9.1
1350	-0.078465	126.765056	0.002161	9.5
1351	-0.000000	126.712667	0.000000	8.3
1352	-0.566543	126.660335	0.008822	8.5
1353	-0.000014	126.608061	0.000003	9.3
1354	-0.007643	126.555844	0.000490	8.1
1355	-0.740183	126.503685	0.014070	9.2
1356	-1.611176	126.451583	0.014822	8.3
1357	-0.836023	126.399538	0.006930	9.6
1358	-0.472596	126.347550	0.005784	8.0
1359	-0.140348	126.295619	0.003062	10.9
1360	-0.778718	126.243745	0.011765	9.4
1361	-0.000000	126.191928	0.000000	8.8
1362	-0.000000	126.140168	0.000000	10.0
1363	-2.036145	126.088464	0.022699	8.2
1364	-0.331195	126.036817	0.003589	9.7
1365	-1.633052	125.985226	0.028892	8.4
1366	-2.077489	125.933691	0.006243	8.4
1367	-1.313640	125.882212	0.025685	9.7
1368	-1.427263	125.830790	0.010424	8.7
1369	-0.184514	125.779423	0.005603	9.2
1370	-1.036667	125.728113	0.010289	9.5
1371	-1.507608	125.676858	0.017586	9.2
1372	-0.000833	125.625659	0.000132	9.2
1373	-0.006006	125.574515	0.000614	10.8
1374	-0.000001	125.523427	0.000000	9.0
1375	-0.000000	125.472394	0.000000	8.3
1376	-0.371753	125.421417	0.005680	9.0
1377	-1.718998	125.370495	0.015093	10.4
1378	-1.004587	125.319628	0.010526	8.9
1379	-1.643838	125.268815	0.022013	7.6
1380	-0.398835	125.218058	0.007776	9.9
1381	-1.342030	125.167356	0.014934	8.5
1382	-1.256175	125.116708	0.022702	9.6
1383	-0.976580	125.066115	0.009293	8.3
1384	-0.000000	125.015576	0.000000	9.5
1385	-1.024654	124.965092	0.009364	8.7
1386	-1.617650	124.914662	0.034165	8.4
1387	-0.274744	124.864287	0.007143	9.2
1388	-0.000689	124.813965	0.000129	9.2
1389	-0.000000	124.763698	0.000000	9.7
1390	-0.000000	124.713485	0.000000	9.2
1391	-0.445514	124.663325	0.007746	8.7
1392	-1.496191	124.613219	0.014492	9.6
1393	-0.026005	124.563167	0.001607	13.5
1394	-1.735280	124.513168	0.015916	9.1
1395	-0.313179	124.463223	0.004020	8.9
1396	-2.039935	124.413332	0.019560	9.3
1397	-1.642596	124.363493	0.023244	9.6
1398	-1.136985	124.313708	0.013681	12.4
1399	-1.204414	124.263976	0.015500	8.6
1400	-0.090583	124.214297	0.002220	8.9
1401	-1.744885	124.164671	0.024344	8.7
1402	-2.016435	124.115097	0.016229	9.4
1403	-0.009551	124.065577	0.000946	8.0
1404	-0.000000	124.016109	0.000000	8.5
1405	-0.262628	123.966693	0.006234	10.4
1406	-0.401882	123.917330	0.005293	8.4
1407	-0.467187	123.868020	0.008264	8.7
1408	-1.698975	123.818762	0.019952	12.3
1409	-0.472520	123.769556	0.010798	9.0
1410	-0.001527	123.720402	0.000209	8.6
1411	-0.000000	123.671300	0.000000	8.0
1412	-0.000000	123.622250	0.000000	9.0
1413	-1.086874	123.573252	0.020461	8.9
1414	-0.429778	123.524305	0.009443	8.5
1415	-1.568166	123.475411	0.006801	10.8
1416	-0.272884	123.426568	0.003343	9.0
1417	-0.012240	123.377776	0.001223	8.8
1418	-1.418551	123.329036	0.008647	8.3
1419	-0.000000	123.280347	0.000000	8.2
1420	-0.123549	123.231709	0.002387	10.2
1421	-1.044602	123.183122	0.009603	10.0
1422	-0.339460	123.134587	0.007835	7.7
1423	-0.556496	123.086102	0.009177	9.1
1424	-0.228977	123.037669	0.005133	8.4
1425	-1.666140	122.989286	0.025266	9.3
1426	-1.254112	122.940954	0.010870	8.6
1427	-0.465013	122.892672	0.005700	9.1
1428	-0.534190	122.844441	0.005557	8.6
1429	-1.600496	122.796261	0.012693	9.2
1430	-0.000000	122.748130	0.000000	9.2
1431	-0.001381	122.700050	0.000260	9.2
1432	-0.345655	122.652021	0.006134	9.1
1433	-1.735945	122.604041	0.010216	12.0
1434	0.000000	122.556111	0.000000	8.2
1435	-1.845076	122.508232	0.012487	9.7
1436	-1.160462	122.460402	0.015423	10.3
1437	-0.000000	122.412622	0.000000	8.7
1438	-0.052845	122.364891	0.001542	9.9
1439	-1.560461	122.317210	0.010125	8.4
1440	-0.015261	122.269579	0.000681	8.7
1441	-0.985007	122.221997	0.007013	8.2
1442	-0.121730	122.174465	0.002501	13.5
1443	-0.000000	122.126981	0.000000	9.6
1444	-1.547158	122.079547	0.009082	8.5
1445	-1.472758	122.032162	0.020653	8.3
1446	-1.354580	121.984826	0.030010	13.2
1447	-0.070248	121.937539	0.002946	9.6
1448	-0.363555	121.890301	0.005933	8.8
1449	-0.613880	121.843112	0.005103	8.6
1450	-0.052240	121.795971	0.001579	9.2
1451	-0.434524	121.748879	0.006863	9.6
1452	-0.000274	121.701835	0.000056	8.5
1453	-0.039945	121.654840	0.001161	8.9
1454	-1.187100	121.607893	0.007276	9.3
1455	-0.817150	121.560994	0.011036	9.3
1456	-1.524216	121.514144	0.016061	9.7
1457	-0.017418	121.467342	0.000719	9.9
1458	-1.974995	121.420588	0.015921	9.8
1459	-0.261084	121.373882	0.003674	12.5
1460	-1.623574	121.327223	0.008227	8.3
1461	-0.000000	121.280613	0.000000	15.7
1462	-1.847462	121.234050	0.014423	8.3
1463	-1.846693	121.187535	0.026309	9.3
1464	-0.017497	121.141067	0.001551	9.7
1465	-1.519584	121.094647	0.013726	10.2
1466	-0.020803	121.048274	0.001698	9.1
1467	-0.000675	121.001949	0.000123	10.8
1468	-1.297665	120.955671	0.015742	10.2
1469	-1.704607	120.909440	0.027551	9.8
1470	-0.048476	120.863256	0.001234	11.0
1471	-0.000006	120.817119	0.000001	8.7
1472	-0.177937	120.771029	0.003680	8.9
1473	-0.668876	120.724986	0.010550	8.3
1474	-0.008893	120.678990	0.000498	8.8
1475	-0.000473	120.633040	0.000086	8.1
1476	-1.027751	120.587137	0.028303	8.7
1477	-1.311470	120.541281	0.013093	9.2
1478	-1.006587	120.495471	0.010658	9.5
1479	-1.115326	120.449707	0.016792	9.1
1480	-0.233403	120.403990	0.004146	22.2
1481	-1.238158	120.358319	0.021944	8.7
1482	-0.000000	120.312694	0.000000	9.3
1483	-1.670555	120.267115	0.012290	9.8
1484	-0.000000	120.221582	0.000000	8.7
1485	-0.374381	120.176096	0.005355	10.2
1486	-1.455310	120.130655	0.008076	8.9
1487	-0.967717	120.085260	0.010208	8.6
1488	-0.257212	120.039910	0.004275	8.4
1489	-1.843687	119.994606	0.026907	9.2
1490	-1.254700	119.949348	0.024354	9.2
1491	-0.303903	119.904135	0.005652	8.7
1492	-0.215668	119.858968	0.005002	9.3
1493	-0.005577	119.813846	0.000524	8.9
1494	-1.179878	119.768769	0.008308	8.2
1495	-1.778521	119.723738	0.020966	8.9
1496	-1.442770	119.678752	0.004840	8.8
1497	-0.385448	119.633810	0.004462	18.4
1498	-0.004577	119.588914	0.000562	9.2
1499	-1.159646	119.544062	0.013029	8.3
1500	-0.734609	119.499256	0.006223	8.2
1501	-0.000000	119.454494	0.000000	9.8
1502	-0.180851	119.409777	0.004794	8.7
1503	-1.572576	119.365104	0.020450	10.3
1504	-0.844425	119.320476	0.007417	8.4
1505	-0.791291	119.275893	0.014775	8.9
1506	-0.000004	119.231353	0.000001	8.2
1507	-0.519598	119.186859	0.006185	9.0
1508	-0.052108	119.142408	0.001252	9.4
1509	-0.000104	119.098002	0.000023	8.6
1510	-0.336670	119.053639	0.005892	9.2
1511	-0.830160	119.009321	0.010459	8.7
1512	-0.950561	118.965047	0.008464	9.3
1513	-1.531154	118.920816	0.026876	14.4
1514	-0.085999	118.876630	0.001690	8.7
1515	-0.334260	118.832487	0.003927	8.3
1516	-0.267811	118.788388	0.005421	8.7
1517	-1.623353	118.744332	0.021040	8.7
1518	-0.455623	118.700320	0.006425	9.3
1519	-1.224260	118.656352	0.016020	8.4
1520	-1.984990	118.612427	0.015313	9.1
1521	-1.645654	118.568545	0.029812	9.9
1522	-0.016704	118.524706	0.000769	8.8
1523	-1.841178	118.480911	0.041021	9.8
1524	-0.930321	118.437159	0.008213	9.0
1525	-1.495293	118.393450	0.012014	10.5
1526	-0.066690	118.349784	0.002252	8.9
1527	-1.496841	118.306160	0.003748	9.1
1528	-1.110173	118.262580	0.011153	9.6
1529	-1.932359	118.219042	0.019080	10.5
1530	-0.689372	118.175548	0.010104	8.0
1531	-1.970236	118.132095	0.021969	9.2
1532	-1.588462	118.088686	0.010890	8.4
1533	-1.898564	118.045319	0.015250	9.2
1534	-2.009921	118.001994	0.012928	9.6
1535	-0.255534	117.958712	0.005154	10.4
1536	-0.180871	117.915472	0.003515	8.9
1537	-0.116643	117.872274	0.001841	8.4
1538	-0.712818	117.829118	0.010025	10.3
1539	-1.292723	117.786005	0.007269	9.5
1540	-2.029477	117.742933	0.023474	9.5
1541	-1.891290	117.699904	0.021277	9.0
1542	-1.825646	117.656916	0.012044	15.8
1543	-0.719178	117.613971	0.006737	9.2
1544	-0.336440	117.571067	0.005851	8.9
1545	-1.429011	117.528205	0.019568	10.1
1546	-1.584132	117.485384	0.005418	9.4
1547	-1.632946	117.442605	0.011924	9.6
1548	-0.000000	117.399867	0.000000	8.8
1549	-1.143848	117.357171	0.017918	9.1
1550	-1.626338	117.314517	0.013445	10.0
1551	-1.323549	117.271903	0.042142	7.8
1552	-0.254022	117.229331	0.003652	12.6
1553	-0.109587	117.186800	0.003114	13.7
1554	-1.563568	117.144311	0.011852	9.0
1555	-0.109561	117.101862	0.002736	8.9
1556	-1.130384	117.059454	0.024819	8.8
1557	-0.266692	117.017087	0.006555	17.9
1558	-0.000000	116.974762	0.000000	8.7
1559	-0.037463	116.932476	0.001536	8.9
1560	-0.798134	116.890232	0.008562	8.8
1561	-1.805011	116.848028	0.023861	8.1
1562	-0.363756	116.805865	0.006717	9.3
1563	-0.003826	116.763743	0.000248	8.3
1564	-0.000015	116.721661	0.000003	9.3
1565	-0.000095	116.679619	0.000020	8.7
1566	-0.062623	116.637618	0.002005	12.9
1567	-0.955800	116.595657	0.019779	8.5
1568	-0.696755	116.553736	0.006223	8.9
1569	-0.001606	116.511855	0.000253	8.6
1570	-0.794313	116.470015	0.009640	8.8
1571	-0.000000	116.428214	0.000000	8.4
1572	-1.898536	116.386454	0.010240	8.6
1573	-0.026222	116.344733	0.001505	9.7
1574	-0.000000	116.303052	0.000000	9.5
1575	-0.202123	116.261412	0.004999	8.6
1576	-0.000001	116.219810	0.000000	10.5
1577	-1.679807	116.178249	0.022187	9.3
1578	-0.389720	116.136727	0.004823	8.4
1579	-0.015108	116.095245	0.000689	8.1
1580	-0.000000	116.053802	0.000000	10.0
1581	-1.576839	116.012398	0.010649	8.6
1582	-1.503717	115.971034	0.040191	9.8
1583	-0.295885	115.929710	0.004132	12.1
1584	-0.735453	115.888424	0.006038	9.3
1585	-1.551492	115.847178	0.023191	9.6
1586	-1.085273	115.805970	0.013099	7.7
1587	-0.000000	115.764802	0.000000	9.4
1588	-0.121757	115.723673	0.002185	8.9
1589	-0.795567	115.682583	0.006548	8.7
1590	-0.731357	115.641532	0.007137	9.4
1591	-0.015301	115.600519	0.000878	11.0
1592	-1.308254	115.559546	0.016261	10.3
1593	-0.000000	115.518610	0.000000	9.1
1594	-1.072007	115.477714	0.024850	8.9
1595	-1.608502	115.436856	0.021338	9.9
1596	-0.107480	115.396037	0.002486	8.6
1597	-0.000000	115.355256	0.000000	9.2
1598	-0.695711	115.314514	0.006624	10.3
1599	-0.925344	115.273810	0.011500	8.3
1600	-0.000000	115.233144	0.000000	8.8
1601	-0.025574	115.192517	0.000990	9.0
1602	-1.306315	115.151927	0.017038	9.3
1603	-0.000000	115.111376	0.000000	10.9
1604	-2.054955	115.070863	0.005983	8.0
1605	-2.073828	115.030388	0.024839	8.5
1606	-0.000000	114.989951	0.000000	9.6
1607	-1.038480	114.949551	0.009689	9.1
1608	-1.686014	114.909190	0.012589	9.6
1609	-1.602322	114.868866	0.011263	8.6
1610	-1.287458	114.828580	0.004720	8.7
1611	-1.257005	114.788332	0.006691	8.7
1612	-0.765817	114.748121	0.004359	8.4
1613	-1.638097	114.707948	0.021052	22.7
1614	-1.774981	114.667812	0.045582	9.0
1615	-0.000012	114.627714	0.000003	9.4
1616	-1.771798	114.587653	0.012654	8.6
1617	-1.310159	114.547629	0.011741	9.2
1618	-0.013627	114.507643	0.001420	9.2
1619	-0.651332	114.467693	0.009907	8.4
1620	-0.000000	114.427781	0.000000	9.1
1621	-0.003657	114.387907	0.000277	7.5
1622	-0.744282	114.348069	0.008672	9.4
1623	-0.738961	114.308268	0.005876	8.9
1624	-0.905392	114.268504	0.006529	22.4
1625	-0.000598	114.228777	0.000094	11.5
1626	-1.429000	114.189086	0.013095	8.3
1627	-0.000051	114.149433	0.000011	9.9
1628	-1.487960	114.109816	0.007598	8.9
1629	-0.235636	114.070235	0.003297	9.5
1630	-1.752956	114.030692	0.007602	10.3
1631	0.000000	113.991185	0.000000	10.0
1632	-1.539331	113.951714	0.014475	9.6
1633	-1.696063	113.912280	0.014329	10.6
1634	-0.513839	113.872882	0.007534	9.2
1635	-0.226508	113.833521	0.002797	8.8
1636	-0.156350	113.794195	0.003488	8.8
1637	-0.922207	113.754906	0.011530	11.3
1638	-0.108431	113.715653	0.003442	9.0
1639	-1.022596	113.676437	0.029222	9.7
1640	-2.011575	113.637256	0.012005	9.8
1641	-1.143429	113.598111	0.014695	9.4
1642	-0.000000	113.559002	0.000000	9.2
1643	-0.142675	113.519929	0.003342	8.2
1644	-0.102457	113.480892	0.003723	8.7
1645	-0.778475	113.441891	0.010252	8.4
1646	-0.563146	113.402925	0.007824	8.3
1647	-0.000000	113.363995	0.000000	8.8
1648	-0.291537	113.325101	0.006692	9.5
1649	-1.573458	113.286242	0.007659	9.1
1650	-1.753497	113.247419	0.027487	9.7
1651	-0.207095	113.208631	0.004099	8.6
1652	-1.576350	113.169879	0.010878	8.9
1653	-0.063936	113.131162	0.002185	7.8
1654	-1.900742	113.092480	0.016323	9.2
1655	-1.132225	113.053833	0.030746	9.1
1656	-0.353768	113.015222	0.008235	8.8
1657	-1.507479	112.976646	0.013604	9.3
1658	-0.159652	112.938105	0.002577	7.3
1659	-0.059491	112.899599	0.002704	8.3
1660	-1.722497	112.861128	0.009545	8.6
1661	-0.412797	112.822692	0.004965	8.9
1662	-1.185382	112.784291	0.008712	8.5
1663	-0.000000	112.745924	0.000000	10.7
1664	-1.949847	112.707593	0.022338	8.8
1665	-0.213284	112.669296	0.003234	8.5
1666	-0.718530	112.631034	0.005205	10.0
1667	-1.570900	112.592806	0.017647	8.9
1668	-1.324107	112.554613	0.015925	8.6
1669	-0.135727	112.516455	0.002216	10.1
1670	-1.649396	112.478331	0.012240	7.8
1671	-0.022089	112.440241	0.001490	9.3
1672	-0.012741	112.402186	0.001122	8.6
1673	-0.000000	112.364165	0.000000	9.3
1674	-0.017927	112.326179	0.000673	9.0
1675	-1.941887	112.288227	0.024237	8.3
1676	-1.864169	112.250309	0.025390	9.6
1677	-0.000000	112.212425	0.000000	8.4
1678	-0.849462	112.174575	0.008312	8.4
1679	-0.023831	112.136759	0.000944	8.5
1680	-1.291244	112.098977	0.015431	8.1
1681	-0.914416	112.061229	0.009302	9.5
1682	-1.331930	112.023515	0.012716	7.9
1683	-0.000025	111.985834	0.000005	8.3
1684	-0.068171	111.948188	0.001277	7.1
1685	-0.688792	111.910575	0.008733	9.3
1686	-0.370547	111.872996	0.004444	8.8
1687	-0.870123	111.835450	0.011443	8.6
1688	-1.279331	111.797939	0.008262	12.9
1689	-1.368036	111.760460	0.008297	8.8
1690	-0.000000	111.723015	0.000000	9.1
1691	-1.742154	111.685604	0.030436	9.7
1692	-0.000000	111.648226	0.000000	8.5
1693	-0.000000	111.610881	0.000000	8.5
1694	-0.131702	111.573570	0.003977	9.6
1695	-1.092855	111.536292	0.006278	10.1
1696	-1.185802	111.499047	0.011981	9.1
1697	-1.377940	111.461835	0.034027	9.0
1698	-0.031488	111.424656	0.001113	9.9
1699	-0.522313	111.387510	0.005547	9.2
1700	-0.000000	111.350398	0.000000	9.1
1701	-0.370758	111.313318	0.005660	10.6
1702	-1.709435	111.276271	0.016761	9.0
1703	-0.000000	111.239257	0.000000	8.7
1704	-0.000000	111.202276	0.000000	9.2
1705	-0.000000	111.165328	0.000000	9.8
1706	-1.924667	111.128412	0.028902	9.5
1707	-1.752051	111.091529	0.006455	8.4
1708	-1.794393	111.054679	0.008862	9.5
1709	-0.585817	111.017861	0.005748	9.2
1710	-1.663998	110.981076	0.016806	9.6
1711	-1.305318	110.944323	0.009454	22.1
1712	-0.002164	110.907603	0.000299	13.0
1713	-0.066827	110.870915	0.001618	10.5
1714	-0.057881	110.834259	0.001992	9.1
1715	-0.357485	110.797636	0.003916	9.3
1716	-0.010304	110.761045	0.000852	9.7
1717	-1.933820	110.724486	0.021288	9.1
1718	-1.122461	110.687959	0.006437	9.1
1719	-1.795450	110.651465	0.004312	10.6
1720	-0.244687	110.615002	0.002992	8.1
1721	-1.058391	110.578572	0.017898	10.2
1722	-1.496908	110.542173	0.012320	9.3
1723	-0.014122	110.505807	0.000733	9.2
1724	-0.802513	110.469472	0.008277	8.5
1725	-0.000000	110.433169	0.000000	9.8
1726	-0.379420	110.396898	0.004842	8.9
1727	-0.785116	110.360659	0.020663	9.2
1728	-0.000000	110.324451	0.000000	8.8
1729	-1.615279	110.288276	0.031783	9.4
1730	-0.095277	110.252131	0.002250	8.4
1731	-0.887427	110.216019	0.020307	10.8
1732	-0.795991	110.179937	0.005780	9.5
1733	-0.510282	110.143888	0.006238	9.0
1734	-0.192137	110.107869	0.003449	9.2
1735	-0.091021	110.071882	0.002615	9.3
1736	-0.497217	110.035927	0.006661	13.7
1737	-0.209372	110.000003	0.002756	9.2
1738	-0.220681	109.964110	0.004177	7.2
1739	-1.894510	109.928248	0.043114	8.9
1740	-1.840401	109.892417	0.009969	8.4
1741	-0.000000	109.856618	0.000000	9.8
1742	-1.206407	109.820850	0.006396	9.8
1743	-0.470620	109.785112	0.006121	7.8
1744	-1.818215	109.749406	0.012961	9.2
1745	-0.558027	109.713730	0.007332	8.2
1746	-0.402197	109.678086	0.005189	9.0
1747	-0.341050	109.642472	0.005091	8.1
1748	-0.598619	109.606890	0.006392	8.7
1749	-0.092794	109.571337	0.001634	8.5
1750	-1.502477	109.535816	0.013379	9.6
1751	-0.004856	109.500326	0.000424	9.8
1752	-1.484185	109.464866	0.010092	10.3
1753	-0.008037	109.429436	0.000545	9.4
1754	-0.010476	109.394038	0.000742	9.1
1755	-0.331991	109.358669	0.003849	8.2
1756	-0.065779	109.323331	0.001654	10.3
1757	-1.605093	109.288024	0.024859	8.5
1758	-0.122001	109.252747	0.002683	8.6
1759	-0.022315	109.217501	0.000590	12.2
1760	-1.553018	109.182284	0.023673	7.5
1761	-1.462791	109.147098	0.004153	8.3
1762	-1.991554	109.111942	0.023411	9.1
1763	-0.000000	109.076817	0.000000	9.3
1764	-1.586418	109.041721	0.013188	9.1
1765	-1.412932	109.006656	0.016779	8.0
1766	-0.433748	108.971620	0.008167	10.0
1767	-1.088089	108.936615	0.016019	9.1
1768	-1.420560	108.901640	0.015303	8.4
1769	-1.623281	108.866694	0.013126	17.4
1770	-0.996714	108.831779	0.006782	8.6
1771	-0.325240	108.796893	0.004764	8.9
1772	-1.194222	108.762037	0.011479	10.0
1773	-0.178546	108.727211	0.002951	10.3
1774	-0.000020	108.692415	0.000005	9.6
1775	-0.000000	108.657648	0.000000	9.6
1776	-0.000217	108.622911	0.000042	9.8
1777	-1.459630	108.588203	0.010530	8.8
1778	-1.794040	108.553525	0.023803	12.0
1779	-0.515284	108.518877	0.006328	8.6
1780	-0.089038	108.484258	0.002440	15.3
1781	-0.255300	108.449668	0.003534	8.5
1782	-1.182686	108.415108	0.008359	8.7
1783	-1.468350	108.380578	0.016953	9.6
1784	-1.758186	108.346076	0.009724	10.2
1785	-0.004461	108.311604	0.000265	10.0
1786	-1.609357	108.277161	0.011767	9.9
1787	-0.393335	108.242747	0.006594	18.9
1788	-0.889859	108.208363	0.011395	8.7
1789	-1.336890	108.174007	0.021648	10.4
1790	-0.312728	108.139681	0.003132	9.3
1791	-0.408947	108.105383	0.003180	8.5
1792	-0.570217	108.071115	0.007234	9.1
1793	-0.572020	108.036875	0.005248	8.9
1794	-0.000000	108.002665	0.000000	9.0
1795	-1.362444	107.968483	0.011042	8.8
1796	-0.000000	107.934330	0.000000	8.8
1797	-0.010681	107.900206	0.000915	9.4
1798	-0.543049	107.866111	0.005094	9.8
1799	-0.398062	107.832044	0.007011	9.6
1800	-1.219132	107.798007	0.015736	8.2
1801	-0.435143	107.763997	0.005366	10.6
1802	-0.710433	107.730017	0.013754	8.5
1803	-0.000311	107.696065	0.000062	8.9
1804	-0.054676	107.662141	0.001205	8.4
1805	-1.447089	107.628246	0.009165	9.5
1806	-1.680657	107.594379	0.015404	8.5
1807	-1.633385	107.560541	0.017940	8.7
1808	-2.005959	107.526731	0.027434	9.0
1809	-1.348191	107.492949	0.009085	8.2
1810	-0.068122	107.459196	0.001505	8.8
1811	-0.000000	107.425471	0.000000	8.2
1812	-0.097842	107.391774	0.002565	8.7
1813	-1.606829	107.358106	0.030494	8.2
1814	-1.102210	107.324465	0.013310	8.8
1815	-0.821903	107.290853	0.008620	9.0
1816	-0.028128	107.257268	0.001293	8.6
1817	-0.000450	107.223712	0.000078	12.3
1818	-0.804494	107.190184	0.006833	8.9
1819	-0.052317	107.156683	0.001063	9.1
1820	-0.515145	107.123211	0.004692	9.1
1821	-0.660357	107.089766	0.005315	8.4
1822	-1.611457	107.056349	0.026493	9.4
1823	-1.062487	107.022960	0.019898	14.5
1824	-0.119019	106.989599	0.002832	8.6
1825	-1.589364	106.956265	0.005579	8.8
1826	-1.412558	106.922960	0.013909	8.7
1827	-0.125010	106.889681	0.002881	8.4
1828	-0.219827	106.856431	0.002350	10.4
1829	-0.723910	106.823208	0.006876	9.0
1830	-1.620336	106.790012	0.012741	8.7
1831	-0.362700	106.756844	0.003901	8.8
1832	-1.906777	106.723703	0.019711	9.1
1833	-0.575030	106.690590	0.006038	15.5
1834	-0.000000	106.657505	0.000000	9.2
1835	-0.699361	106.624446	0.025448	8.1
1836	-1.892343	106.591415	0.027116	9.8
1837	-1.900958	106.558411	0.026708	8.7
1838	-0.026625	106.525435	0.001060	8.5
1839	-1.217143	106.492485	0.033720	9.4
1840	-1.334241	106.459563	0.006474	9.2
1841	-0.037083	106.426668	0.001274	9.2
1842	-0.733014	106.393800	0.017011	8.7
1843	-1.242991	106.360959	0.011610	8.2
1844	-0.648736	106.328145	0.010030	8.1
1845	-0.000015	106.295358	0.000004	8.6
1846	-1.225512	106.262598	0.032118	9.4
1847	-0.265153	106.229865	0.003333	8.1
1848	-0.932913	106.197158	0.022579	10.0
1849	-1.594814	106.164479	0.011415	16.9
1850	-0.032370	106.131826	0.001646	7.6
1851	-0.618722	106.099201	0.005493	9.2
1852	-1.731184	106.066602	0.021094	23.1
1853	-1.559471	106.034029	0.021035	10.8
1854	-1.281365	106.001483	0.013512	8.4
1855	-0.038764	105.968964	0.001119	8.3
1856	-0.037468	105.936472	0.001875	9.1
1857	-1.786652	105.904006	0.013528	9.4
1858	-2.014033	105.871566	0.011674	9.2
1859	-1.207562	105.839153	0.015574	8.3
1860	-0.243298	105.806767	0.006491	8.6
1861	-1.406256	105.774407	0.011715	9.0
1862	-0.985724	105.742073	0.021940	7.3
1863	-0.013993	105.709766	0.000755	9.2
1864	-0.479903	105.677485	0.007159	12.1
1865	-0.173644	105.645230	0.003041	9.0
1866	-0.415671	105.613001	0.005587	9.6
1867	-0.000000	105.580799	0.000000	8.9
1868	-1.089341	105.548623	0.008482	10.3
1869	-0.001629	105.516473	0.000204	9.2
1870	-1.803877	105.484349	0.012648	9.6
1871	-1.102314	105.452251	0.009681	9.1
1872	-0.517066	105.420179	0.004625	8.3
1873	-0.896744	105.388133	0.003909	10.6
1874	-1.374247	105.356113	0.015929	9.0
1875	-0.686536	105.324119	0.015341	10.7
1876	-1.105797	105.292151	0.006057	8.7
1877	-1.187900	105.260209	0.008696	8.5
1878	-0.004205	105.228293	0.000483	9.0
1879	-1.566983	105.196402	0.010949	9.8
1880	-0.000000	105.164537	0.000000	8.6
1881	-1.267455	105.132698	0.005347	8.5
1882	-1.616562	105.100885	0.024174	8.6
1883	-1.578359	105.069097	0.011710	8.9
1884	-0.600100	105.037335	0.005711	9.9
1885	-0.054889	105.005598	0.001812	9.3
1886	-0.040719	104.973887	0.002159	9.2
1887	-1.689274	104.942202	0.008092	9.7
1888	-0.000000	104.910542	0.000000	8.4
1889	-1.982797	104.878907	0.008520	9.2
1890	-1.573542	104.847298	0.017604	9.1
1891	-0.215342	104.815715	0.003431	10.9
1892	-0.025521	104.784156	0.000817	8.0
1893	-1.164338	104.752623	0.005312	9.7
1894	-1.169231	104.721116	0.006815	13.0
1895	-0.875656	104.689633	0.012167	8.5
1896	-0.142299	104.658176	0.002646	15.9
1897	-0.025532	104.626744	0.000712	9.5
1898	-0.085734	104.595337	0.003070	9.2
1899	-0.676234	104.563955	0.005076	9.5
1900	-0.774491	104.532599	0.004360	14.6
1901	-1.497314	104.501267	0.011899	9.9
1902	-0.648263	104.469960	0.011232	9.9
1903	-0.014566	104.438679	0.001068	10.5
1904	-1.300780	104.407422	0.022696	9.5
1905	-0.005392	104.376191	0.000284	8.8
1906	-0.284734	104.344984	0.005791	8.3
1907	-0.034323	104.313802	0.001227	9.4
1908	-1.130292	104.282645	0.016677	8.1
1909	-1.992812	104.251513	0.012250	8.5
1910	-0.934889	104.220405	0.013877	8.4
1911	-1.628312	104.189323	0.010016	8.9
1912	-1.000398	104.158265	0.009687	15.9
1913	-0.000000	104.127231	0.000000	9.4
1914	-1.425106	104.096222	0.032718	7.7
1915	-1.403114	104.065238	0.017472	7.9
1916	-1.427646	104.034279	0.014531	8.9
1917	-0.072759	104.003344	0.001614	7.8
1918	-1.904712	103.972433	0.008669	9.3
1919	-0.000000	103.941547	0.000000	9.4
1920	-0.440536	103.910686	0.005979	9.6
1921	-0.197929	103.879849	0.002928	9.4
1922	-1.802888	103.849036	0.011401	9.7
1923	-0.000000	103.818248	0.000000	8.4
1924	-0.944602	103.787484	0.011429	8.6
1925	-0.071721	103.756744	0.002002	9.1
1926	-0.798026	103.726029	0.008602	10.3
1927	-1.948261	103.695338	0.009400	9.6
1928	-0.141742	103.664671	0.002654	14.1
1929	-0.015205	103.634028	0.000497	10.2
1930	-0.566304	103.603409	0.005867	9.1
1931	-1.523191	103.572814	0.012978	8.8
1932	-0.000000	103.542244	0.000000	9.5
1933	-2.002566	103.511698	0.013779	11.2
1934	-0.016296	103.481175	0.001079	9.4
1935	-0.277024	103.450677	0.005754	9.4
1936	-0.115773	103.420202	0.001810	8.8
1937	-0.392810	103.389752	0.006367	8.9
1938	-0.995969	103.359325	0.006707	9.2
1939	-0.048716	103.328922	0.001705	8.9
1940	-0.000000	103.298543	0.000000	9.6
1941	-1.244958	103.268188	0.008829	8.9
1942	-0.892543	103.237857	0.006961	8.2
1943	-1.519897	103.207549	0.010750	10.6
1944	-0.941409	103.177265	0.036830	11.0
1945	-0.774113	103.147005	0.010636	8.0
1946	-1.490015	103.116768	0.007830	8.7
1947	-1.241123	103.086556	0.013738	8.6
1948	-0.000000	103.056366	0.000000	9.4
1949	-0.000188	103.026200	0.000042	10.0
1950	-1.431941	102.996058	0.012570	9.3
1951	-1.737954	102.965939	0.018304	10.8
1952	-0.000000	102.935844	0.000000	9.5
1953	-2.009640	102.905772	0.007179	11.7
1954	-0.019239	102.875724	0.001137	8.7
1955	-1.249515	102.845699	0.008174	8.7
1956	-1.616592	102.815697	0.034474	8.4
1957	-0.670807	102.785719	0.007621	8.0
1958	-1.773181	102.755764	0.007062	8.6
1959	-1.302602	102.725832	0.009808	10.1
1960	-1.751674	102.695924	0.025768	8.5
1961	-0.305332	102.666038	0.003023	9.7
1962	-1.168990	102.636176	0.015150	9.2
1963	-0.310498	102.606337	0.006386	8.0
1964	-1.584016	102.576521	0.006305	10.2
1965	-1.088074	102.546728	0.014233	12.0
1966	-1.111620	102.516959	0.016190	11.9
1967	-0.165125	102.487212	0.003329	11.9
1968	-1.597868	102.457488	0.009677	9.9
1969	-0.000000	102.427788	0.000000	18.7
1970	-1.397141	102.398110	0.007612	17.4
1971	-1.592292	102.368455	0.004447	15.2
1972	-0.000000	102.338823	0.000000	13.3
1973	-0.048139	102.309214	0.002826	10.3
1974	-0.430332	102.279628	0.007498	10.3
1975	-0.226581	102.250064	0.002944	14.9
1976	-0.573911	102.220524	0.004289	17.8
1977	-0.014593	102.191006	0.001410	12.6
1978	-1.839558	102.161511	0.010544	9.9
1979	-0.000000	102.132038	0.000000	11.4
1980	-0.357324	102.102588	0.005473	12.7
1981	-1.567954	102.073161	0.016678	14.1
1982	-1.163587	102.043757	0.008975	17.0
1983	-1.836482	102.014375	0.010279	12.2
1984	-0.000000	101.985015	0.000000	13.1
1985	-0.186493	101.955678	0.002347	9.8
1986	-0.002025	101.926364	0.000291	10.0
1987	-1.970673	101.897072	0.013428	10.2
1988	-0.090739	101.867802	0.001926	9.4
1989	-0.133167	101.838555	0.002089	9.7
1990	-1.607515	101.809330	0.010508	10.6
1991	-0.463485	101.780128	0.005265	8.3
1992	-0.786268	101.750948	0.006163	10.5
1993	-1.242074	101.721790	0.006207	10.5
1994	-0.000000	101.692654	0.000000	10.6
1995	-0.902262	101.663541	0.006103	9.5
1996	-1.798878	101.634450	0.032349	9.9
1997	-0.385055	101.605381	0.005946	11.7
1998	-1.696458	101.576335	0.018644	8.6
1999	-1.426746	101.547310	0.012099	9.3
