1:ItNr	2:Metric	3:StepSize	4:||Gradient||	Time[ms]
0	-0.000168	627.201626	0.000056	612.0
1	-1.333400	623.504937	0.021395	9.1
2	-0.000000	619.865785	0.000000	10.1
3	-0.759291	616.282728	0.011844	9.2
4	-0.000000	612.754375	0.000000	8.5
5	-0.222879	609.279381	0.007471	8.6
6	-1.529853	605.856447	0.017087	9.3
7	-0.350813	602.484317	0.003485	8.7
8	-0.235290	599.161779	0.006680	9.4
9	-0.000000	595.887656	0.000000	21.7
10	-0.939879	592.660813	0.013850	8.7
11	-0.400935	589.480151	0.011070	9.0
12	-0.547549	586.344606	0.012800	8.5
13	-1.027894	583.253145	0.016393	9.3
14	-0.023715	580.204771	0.000831	8.9
15	-0.000000	577.198517	0.000000	10.1
16	-1.423358	574.233444	0.017775	8.5
17	-0.928430	571.308645	0.006132	8.3
18	-0.066696	568.423237	0.001757	8.9
19	-1.102509	565.576365	0.012074	8.3
20	-0.000000	562.767201	0.000000	8.7
21	-0.006077	559.994938	0.000244	9.2
22	-1.554550	557.258797	0.013623	8.7
23	-0.593759	554.558018	0.012378	9.3
24	-0.124280	551.891865	0.002135	9.3
25	-1.052559	549.259621	0.032829	13.7
26	-0.000000	546.660592	0.000000	12.4
27	-0.258983	544.094102	0.010871	9.0
28	-0.582790	541.559494	0.007477	12.2
29	-0.000000	539.056129	0.000000	8.0
30	-0.976797	536.583387	0.014768	10.0
31	-1.423328	534.140663	0.014989	9.4
32	-1.366021	531.727370	0.023368	8.9
33	-1.404367	529.342935	0.023105	9.0
34	-0.317183	526.986802	0.004227	9.5
35	-0.126086	524.658430	0.003474	9.4
36	-0.645661	522.357290	0.024690	9.9
37	-0.891740	520.082868	0.027315	9.1
38	-0.000801	517.834665	0.000233	9.3
39	-0.000000	515.612193	0.000000	8.3
40	-0.626966	513.414976	0.009954	14.2
41	-0.218231	511.242551	0.001301	10.4
42	-0.899943	509.094468	0.014079	9.7
43	-1.007591	506.970285	0.019409	10.8
44	-0.687046	504.869574	0.009123	11.9
45	-0.269025	502.791916	0.004481	11.2
46	-0.000000	500.736903	0.000000	10.2
47	-0.930183	498.704137	0.012970	10.8
48	-0.000000	496.693228	0.000000	9.1
49	-0.004828	494.703798	0.000373	8.4
50	-0.185845	492.735476	0.006972	8.5
51	-0.000011	490.787900	0.000006	10.1
52	-1.463451	488.860718	0.028575	8.0
53	-0.194194	486.953585	0.004512	9.0
54	-1.218264	485.066164	0.011736	8.6
55	-1.159030	483.198126	0.020306	25.3
56	-1.500730	481.349149	0.020301	8.0
57	-0.840443	479.518920	0.014066	9.0
58	-0.604398	477.707132	0.009791	9.1
59	-0.000000	475.913485	0.000000	8.7
60	-0.166170	474.137684	0.002812	9.3
61	-1.199194	472.379445	0.027125	9.0
62	-0.045115	470.638485	0.000660	7.7
63	-1.109514	468.914531	0.010839	10.8
64	-1.274963	467.207315	0.006800	8.7
65	-1.449671	465.516573	0.023987	14.0
66	-0.000000	463.842050	0.000000	9.5
67	-0.031507	462.183494	0.000712	7.9
68	-1.435484	460.540658	0.012747	9.9
69	-0.000000	458.913303	0.000000	9.5
70	-0.938821	457.301192	0.010892	9.5
71	-1.333885	455.704096	0.015259	9.7
72	-0.000000	454.121787	0.000000	10.0
73	-0.004401	452.554045	0.000455	8.5
74	-0.000000	451.000653	0.000000	10.4
75	-1.451501	449.461399	0.019723	8.7
76	-0.000000	447.936075	0.000000	8.6
77	-0.000000	446.424477	0.000000	9.4
78	-0.000336	444.926406	0.000110	8.5
79	-0.986149	443.441666	0.013259	8.7
80	-1.201328	441.970065	0.014951	12.0
81	-0.000000	440.511415	0.000000	14.3
82	-1.197509	439.065533	0.012396	9.3
83	-0.096464	437.632238	0.005382	9.5
84	-1.475637	436.211351	0.020429	9.2
85	-0.400139	434.802701	0.005955	9.6
86	-0.000000	433.406117	0.000000	8.2
87	-1.305708	432.021430	0.025250	8.9
88	-1.121145	430.648479	0.008802	8.5
89	-0.000000	429.287101	0.000000	8.4
90	-1.407358	427.937140	0.030739	9.8
91	-0.155786	426.598440	0.005285	9.7
92	-0.042413	425.270849	0.005334	8.7
93	-1.148848	423.954220	0.016242	9.6
94	-0.000000	422.648404	0.000000	8.7
95	-0.564850	421.353259	0.008216	10.9
96	-0.395168	420.068643	0.006816	9.8
97	-1.506542	418.794419	0.015354	9.0
98	-0.196634	417.530451	0.002785	9.0
99	-0.000004	416.276604	0.000002	8.8
100	-0.611531	415.032748	0.011099	8.9
101	-0.000000	413.798754	0.000000	8.6
102	-0.312977	412.574495	0.007160	9.4
103	-0.104324	411.359849	0.007031	9.4
104	-0.043963	410.154691	0.001543	8.4
105	-1.430969	408.958904	0.019000	10.9
106	-1.218593	407.772368	0.022465	8.9
107	-1.283816	406.594968	0.018432	9.2
108	-0.158579	405.426590	0.003511	9.7
109	-0.054151	404.267122	0.001330	9.5
110	-0.000000	403.116456	0.000000	8.4
111	-0.000000	401.974481	0.000000	8.8
112	-0.000000	400.841093	0.000000	12.6
113	-0.000000	399.716187	0.000000	9.6
114	-0.444546	398.599660	0.008346	9.8
115	-1.352919	397.491411	0.013074	9.0
116	-0.000022	396.391342	0.000008	8.5
117	-0.201269	395.299353	0.003251	9.8
118	-0.744339	394.215350	0.007524	7.8
119	-0.944244	393.139238	0.010991	18.4
120	-0.924695	392.070924	0.007623	9.2
121	-0.000060	391.010316	0.000026	8.9
122	-1.193455	389.957325	0.020545	9.1
123	-0.000096	388.911862	0.000035	10.4
124	-0.286869	387.873839	0.003052	7.9
125	-1.090105	386.843173	0.007625	9.1
126	-0.533790	385.819777	0.010297	7.8
127	-1.393276	384.803569	0.020607	8.3
128	-1.318848	383.794468	0.018026	8.2
129	-0.874881	382.792393	0.008700	10.9
130	-0.000000	381.797264	0.000000	10.4
131	-0.129615	380.809005	0.004340	8.3
132	-0.000000	379.827537	0.000000	9.2
133	-0.028460	378.852786	0.000391	9.3
134	-1.500231	377.884678	0.021142	9.3
135	-0.004632	376.923138	0.000409	9.3
136	-0.000000	375.968095	0.000000	7.8
137	-0.000000	375.019479	0.000000	9.3
138	-0.000000	374.077218	0.000000	20.4
139	-0.983712	373.141244	0.005107	8.9
140	-0.000077	372.211489	0.000023	8.3
141	-0.008023	371.287887	0.000223	8.9
142	-0.000046	370.370370	0.000020	8.2
143	-1.549531	369.458876	0.010932	9.2
144	-0.000003	368.553338	0.000001	8.0
145	-0.928344	367.653696	0.021240	8.2
146	-0.000000	366.759885	0.000000	8.1
147	-0.000000	365.871846	0.000000	8.4
148	-0.000000	364.989518	0.000000	14.6
149	-0.755008	364.112841	0.016995	11.3
150	-1.460523	363.241757	0.022407	8.3
151	-1.430106	362.376208	0.015491	10.0
152	-0.147224	361.516137	0.005887	9.6
153	-0.969042	360.661488	0.015635	9.4
154	-1.225942	359.812206	0.017762	8.2
155	-0.969234	358.968236	0.008394	8.2
156	-0.933897	358.129524	0.012683	10.9
157	-1.489003	357.296018	0.021472	9.6
158	-0.950212	356.467665	0.013246	7.0
159	-1.454738	355.644414	0.015549	9.6
160	-1.286093	354.826213	0.013303	7.6
161	-1.530363	354.013012	0.015547	12.2
162	-0.000000	353.204763	0.000000	12.9
163	-0.000000	352.401415	0.000000	8.8
164	-0.502705	351.602922	0.013507	8.2
165	-1.438740	350.809235	0.020953	8.9
166	-0.274415	350.020308	0.005439	7.7
167	-1.476122	349.236095	0.023599	9.5
168	-0.000000	348.456550	0.000000	8.9
169	-0.082668	347.681627	0.003033	11.3
170	-0.000000	346.911283	0.000000	11.1
171	-0.000000	346.145474	0.000000	8.7
172	-0.285467	345.384157	0.003982	10.8
173	-0.359678	344.627288	0.002980	9.4
174	-1.293149	343.874826	0.019955	9.7
175	-1.312990	343.126729	0.012510	9.3
176	-1.418640	342.382957	0.023957	9.4
177	-0.904893	341.643469	0.011400	8.6
178	-0.667577	340.908224	0.008868	10.0
179	-0.000000	340.177184	0.000000	8.6
180	-0.000000	339.450309	0.000000	8.7
181	-0.000000	338.727561	0.000000	12.4
182	-1.485934	338.008902	0.021933	9.2
183	-0.000000	337.294295	0.000000	10.6
184	-1.482537	336.583703	0.019331	9.4
185	-0.591053	335.877089	0.009692	8.9
186	-1.503777	335.174416	0.024342	9.0
187	-0.712977	334.475651	0.008336	8.8
188	-1.079499	333.780756	0.013167	8.3
189	-1.158099	333.089698	0.008766	8.6
190	-1.511404	332.402443	0.024320	9.1
191	-0.000000	331.718955	0.000000	9.9
192	-0.023984	331.039203	0.003030	10.1
193	-0.000000	330.363153	0.000000	8.9
194	-0.000000	329.690771	0.000000	15.3
195	-0.509123	329.022027	0.009610	13.4
196	-1.562491	328.356888	0.020143	9.3
197	-0.000000	327.695322	0.000000	9.1
198	-0.163247	327.037299	0.002821	8.9
199	-1.500440	326.382787	0.025355	15.3
200	-1.492867	325.731758	0.014884	8.0
201	-0.000106	325.084179	0.000048	8.5
202	-0.490044	324.440023	0.008083	9.4
203	-0.048861	323.799258	0.005947	9.4
204	-0.208105	323.161858	0.005434	11.1
205	-0.030834	322.527792	0.001474	9.1
206	-0.110056	321.897034	0.005018	10.2
207	-0.000000	321.269554	0.000000	8.5
208	-1.450200	320.645325	0.026594	8.8
209	-1.102559	320.024320	0.020020	8.7
210	-0.370649	319.406512	0.005299	15.2
211	-1.244388	318.791875	0.010796	9.8
212	-0.255970	318.180381	0.003061	9.0
213	-1.414103	317.572005	0.020471	9.0
214	-0.000000	316.966721	0.000000	11.6
215	-0.000000	316.364504	0.000000	10.3
216	-0.000000	315.765329	0.000000	9.8
217	-0.051451	315.169170	0.003826	6.6
218	-0.000000	314.576003	0.000000	9.2
219	-0.180732	313.985804	0.009811	17.7
220	-0.448734	313.398548	0.004837	13.3
221	-1.319995	312.814213	0.023855	11.0
222	-0.000000	312.232773	0.000000	14.6
223	-1.374955	311.654207	0.014580	9.4
224	-0.860674	311.078491	0.015062	9.7
225	-0.000000	310.505602	0.000000	14.5
226	-0.000045	309.935518	0.000019	9.6
227	-0.000000	309.368217	0.000000	10.6
228	-1.443387	308.803676	0.011757	8.7
229	-1.063847	308.241874	0.011757	9.6
230	-1.277944	307.682789	0.009913	17.7
231	-0.000000	307.126400	0.000000	10.6
232	-0.447381	306.572687	0.007935	8.8
233	-0.886995	306.021627	0.022223	10.9
234	-0.000000	305.473201	0.000000	9.2
235	-0.143815	304.927388	0.003051	8.2
236	-1.481810	304.384168	0.027629	8.8
237	-1.121553	303.843521	0.009266	8.7
238	-0.000335	303.305427	0.000140	8.8
239	-0.001955	302.769867	0.000373	14.3
240	-0.000000	302.236821	0.000000	8.9
241	-0.000164	301.706270	0.000057	10.0
242	-0.882107	301.178196	0.012930	9.6
243	-1.318476	300.652580	0.016045	9.2
244	-0.000000	300.129402	0.000000	12.6
245	-1.400694	299.608645	0.016706	8.1
246	-0.424978	299.090291	0.007353	8.7
247	-0.324371	298.574321	0.001918	13.7
248	-0.216048	298.060718	0.004202	9.1
249	-0.000000	297.549465	0.000000	11.1
250	-0.551144	297.040543	0.007642	8.7
251	-1.285005	296.533936	0.017927	8.1
252	-0.000000	296.029626	0.000000	11.6
253	-1.491840	295.527597	0.019451	8.6
254	-0.000000	295.027832	0.000000	9.5
255	-0.395921	294.530315	0.006013	8.0
256	-0.710753	294.035028	0.016318	9.2
257	-1.576006	293.541956	0.016321	17.6
258	-1.504533	293.051083	0.016483	8.8
259	-1.490215	292.562393	0.025331	8.8
260	-0.000000	292.075870	0.000000	10.0
261	-0.069787	291.591498	0.004235	8.9
262	-0.230858	291.109263	0.005706	11.8
263	-1.102409	290.629149	0.015384	10.4
264	-0.860923	290.151140	0.014271	8.6
265	-1.005618	289.675222	0.009206	9.4
266	-1.518930	289.201380	0.021641	9.8
267	-0.438420	288.729600	0.004913	10.0
268	-0.000000	288.259866	0.000000	8.3
269	-1.198393	287.792165	0.009202	8.9
270	-0.000000	287.326481	0.000000	10.4
271	-0.132333	286.862802	0.004800	9.0
272	-0.042130	286.401113	0.001027	10.0
273	-1.220023	285.941400	0.011892	9.5
274	-1.248875	285.483649	0.009387	8.8
275	-0.000000	285.027847	0.000000	8.4
276	-1.458524	284.573981	0.014337	9.6
277	-1.185634	284.122037	0.015393	11.0
278	-0.937394	283.672002	0.014397	9.8
279	-0.000000	283.223863	0.000000	8.4
280	-1.390992	282.777607	0.024410	9.5
281	-0.000000	282.333221	0.000000	8.9
282	-0.000859	281.890692	0.000162	12.2
283	-0.020087	281.450008	0.002796	8.5
284	-0.835082	281.011157	0.013583	9.4
285	-1.028096	280.574125	0.010811	8.3
286	-1.573931	280.138901	0.026851	11.4
287	-0.850263	279.705473	0.013502	9.7
288	-1.509274	279.273829	0.015362	8.7
289	-1.459236	278.843956	0.017646	9.4
290	-1.188353	278.415844	0.011389	9.0
291	-0.000000	277.989479	0.000000	8.9
292	-1.338267	277.564851	0.014888	10.2
293	-1.297337	277.141949	0.017164	8.4
294	-1.415010	276.720761	0.011503	9.4
295	-1.073244	276.301275	0.012275	9.9
296	-0.000000	275.883480	0.000000	15.6
297	-1.286295	275.467366	0.016299	9.4
298	-0.068587	275.052922	0.003126	9.5
299	-1.523660	274.640136	0.011906	9.1
300	-0.076906	274.228998	0.002612	9.5
301	-0.311560	273.819497	0.007364	8.2
302	-1.269806	273.411623	0.013431	9.1
303	-0.000000	273.005365	0.000000	9.5
304	-0.000000	272.600712	0.000000	8.0
305	-0.000000	272.197655	0.000000	11.3
306	-0.000000	271.796184	0.000000	8.8
307	-0.000000	271.396287	0.000000	9.4
308	-0.000000	270.997956	0.000000	9.7
309	-0.000000	270.601180	0.000000	8.9
310	-0.000555	270.205949	0.000196	9.0
311	-0.924947	269.812254	0.008190	8.3
312	-0.622203	269.420085	0.010248	13.8
313	-1.079704	269.029432	0.011594	16.8
314	-0.000000	268.640287	0.000000	16.0
315	-1.290894	268.252638	0.019021	13.2
316	-0.000000	267.866478	0.000000	14.4
317	-0.000000	267.481796	0.000000	10.6
318	-1.556594	267.098584	0.029516	9.6
319	-1.255593	266.716833	0.009512	11.3
320	-0.000000	266.336533	0.000000	15.3
321	-0.000000	265.957676	0.000000	10.0
322	-1.321212	265.580253	0.016717	8.7
323	-0.000000	265.204254	0.000000	12.6
324	-1.579136	264.829672	0.016568	13.4
325	-0.975352	264.456497	0.009369	14.8
326	-1.169790	264.084721	0.014285	14.9
327	-1.066128	263.714335	0.007482	10.0
328	-0.217151	263.345332	0.004583	15.5
329	-0.019617	262.977702	0.001054	12.1
330	-0.555877	262.611438	0.011377	12.8
331	-1.247228	262.246531	0.009232	12.9
332	-0.852450	261.882973	0.009679	10.0
333	-1.445355	261.520756	0.026678	12.2
334	-0.983203	261.159871	0.008739	13.1
335	-0.000000	260.800312	0.000000	13.3
336	-1.033246	260.442070	0.012857	10.9
337	-1.596064	260.085137	0.024571	8.1
338	-0.000000	259.729505	0.000000	8.7
339	-0.189593	259.375167	0.004381	9.6
340	-0.000000	259.022116	0.000000	9.2
341	-0.009397	258.670343	0.001534	12.5
342	-1.620939	258.319841	0.018215	9.3
343	-1.430180	257.970602	0.012018	8.4
344	-1.443220	257.622620	0.014306	8.4
345	-0.008718	257.275887	0.001046	9.5
346	-1.511117	256.930396	0.022367	9.2
347	-1.327885	256.586139	0.016207	11.3
348	-0.000000	256.243109	0.000000	8.4
349	-0.674135	255.901300	0.006391	8.9
350	-0.872137	255.560703	0.009759	10.9
351	-1.102288	255.221313	0.020030	7.8
352	-1.285242	254.883122	0.009007	8.6
353	-0.158365	254.546124	0.006518	13.1
354	-0.072001	254.210311	0.003466	7.7
355	-1.261753	253.875677	0.015643	8.7
356	-0.000000	253.542215	0.000000	7.1
357	-0.972160	253.209918	0.015118	10.1
358	-0.000105	252.878781	0.000048	8.8
359	-0.170015	252.548795	0.008120	7.7
360	-0.000000	252.219956	0.000000	9.1
361	-0.000000	251.892255	0.000000	8.0
362	-1.393299	251.565688	0.021850	9.2
363	-1.657205	251.240247	0.014581	8.4
364	-0.059338	250.915926	0.001563	8.1
365	-0.994494	250.592720	0.021359	8.9
366	-0.186172	250.270621	0.003830	8.2
367	-1.564879	249.949624	0.026520	9.4
368	-0.882155	249.629723	0.007049	9.7
369	-0.590511	249.310911	0.010173	8.5
370	-1.290380	248.993182	0.017495	8.6
371	-1.567949	248.676531	0.013947	9.6
372	-0.000000	248.360952	0.000000	10.4
373	-0.035348	248.046438	0.002388	8.7
374	-0.172429	247.732984	0.005133	9.0
375	-0.441384	247.420584	0.006902	9.5
376	-1.032170	247.109233	0.014533	14.1
377	-0.000000	246.798924	0.000000	13.5
378	-0.000000	246.489652	0.000000	8.5
379	-0.000000	246.181412	0.000000	7.9
380	-0.006982	245.874197	0.000343	9.8
381	-0.388070	245.568002	0.007242	12.6
382	-1.366566	245.262822	0.010600	8.8
383	-0.000088	244.958652	0.000048	7.9
384	-0.254974	244.655485	0.004821	9.1
385	-0.000301	244.353317	0.000098	13.5
386	-0.000000	244.052142	0.000000	9.4
387	-0.013502	243.751955	0.001324	9.5
388	-0.000000	243.452750	0.000000	8.4
389	-0.006792	243.154523	0.000871	8.9
390	-1.424820	242.857268	0.018490	7.9
391	-0.736415	242.560980	0.008983	9.3
392	-0.413822	242.265654	0.004206	9.4
393	-1.231949	241.971285	0.010916	11.5
394	-0.609267	241.677868	0.008944	8.8
395	-1.097621	241.385397	0.016564	8.3
396	-1.618159	241.093869	0.026134	12.7
397	-0.000000	240.803278	0.000000	8.7
398	-0.449258	240.513619	0.008193	8.6
399	-0.881092	240.224887	0.008871	7.6
400	-1.284250	239.937077	0.008501	9.8
401	-0.119046	239.650186	0.004117	12.8
402	-1.550672	239.364207	0.019293	9.3
403	-0.078439	239.079136	0.003311	9.4
404	-1.435794	238.794969	0.027264	12.0
405	-1.255211	238.511701	0.018803	10.1
406	-0.000000	238.229327	0.000000	8.6
407	-0.000000	237.947843	0.000000	9.6
408	-0.389734	237.667244	0.007532	8.0
409	-0.000000	237.387526	0.000000	11.8
410	-0.809051	237.108684	0.011739	8.9
411	-1.139460	236.830714	0.011709	7.5
412	-0.017312	236.553610	0.000999	9.3
413	-1.420118	236.277370	0.029396	11.7
414	-1.347854	236.001989	0.015798	8.9
415	-0.035314	235.727461	0.002293	11.9
416	-1.523571	235.453784	0.014304	8.6
417	-0.000000	235.180952	0.000000	8.6
418	-0.000000	234.908962	0.000000	8.7
419	-0.000100	234.637809	0.000042	8.8
420	-0.866085	234.367488	0.016029	11.1
421	-0.635020	234.097997	0.010443	9.2
422	-0.000000	233.829331	0.000000	12.1
423	-0.000000	233.561485	0.000000	11.3
424	-0.115216	233.294456	0.002498	9.0
425	-1.096661	233.028239	0.005519	7.6
426	-0.000000	232.762831	0.000000	10.3
427	-1.518674	232.498228	0.024894	7.2
428	-1.525260	232.234425	0.021084	9.0
429	-0.008522	231.971419	0.000335	9.6
430	-1.483909	231.709205	0.010615	10.2
431	-0.818154	231.447781	0.009560	12.5
432	-1.377138	231.187141	0.010752	9.8
433	-0.000000	230.927283	0.000000	8.3
434	-0.484039	230.668202	0.006090	8.4
435	-0.684099	230.409895	0.011443	9.2
436	-1.022200	230.152358	0.010283	10.9
437	-0.617523	229.895587	0.005726	13.0
438	-1.046785	229.639578	0.019333	9.8
439	-0.075978	229.384329	0.003660	7.8
440	-0.913413	229.129834	0.008384	18.0
441	-0.000000	228.876091	0.000000	9.3
442	-0.777364	228.623096	0.006195	11.3
443	-0.902486	228.370846	0.011381	9.5
444	-1.350501	228.119336	0.025620	15.0
445	-0.000000	227.868563	0.000000	7.6
446	-0.711808	227.618525	0.010812	8.9
447	-0.116778	227.369216	0.003303	9.4
448	-0.000000	227.120635	0.000000	12.0
449	-0.228996	226.872777	0.005490	9.5
450	-0.000001	226.625638	0.000000	8.9
451	-1.223212	226.379217	0.015254	9.3
452	-0.125405	226.133509	0.002111	7.1
453	-0.000000	225.888510	0.000000	8.2
454	-0.056794	225.644218	0.002918	15.0
455	-1.394279	225.400630	0.010711	10.4
456	-0.000000	225.157741	0.000000	12.0
457	-1.271488	224.915549	0.012807	9.3
458	-0.000000	224.674051	0.000000	8.5
459	-0.065191	224.433242	0.002863	9.2
460	-0.000000	224.193121	0.000000	9.4
461	-0.042864	223.953684	0.002740	11.9
462	-1.477429	223.714927	0.033584	10.6
463	-0.007565	223.476848	0.000179	11.4
464	-0.003201	223.239444	0.000626	10.0
465	-0.870850	223.002710	0.012225	12.1
466	-0.068444	222.766645	0.001715	16.7
467	-0.358133	222.531245	0.005091	18.1
468	-1.231443	222.296508	0.016715	15.4
469	-0.385614	222.062429	0.005104	13.2
470	-0.480172	221.829007	0.006234	11.3
471	-1.197374	221.596238	0.017183	17.0
472	-1.609883	221.364119	0.019582	16.1
473	-0.899963	221.132647	0.015383	11.1
474	-1.500898	220.901820	0.031859	8.3
475	-0.159530	220.671634	0.004272	10.8
476	-0.549901	220.442086	0.010406	13.9
477	-0.016304	220.213174	0.000898	17.9
478	-0.008381	219.984895	0.000305	12.3
479	-0.000000	219.757246	0.000000	9.2
480	-1.478651	219.530224	0.025637	14.3
481	-0.167450	219.303826	0.002612	14.1
482	-0.086387	219.078050	0.003627	14.2
483	-0.418597	218.852893	0.005312	10.2
484	-0.000081	218.628352	0.000030	22.7
485	-1.018114	218.404424	0.011883	17.6
486	-0.052928	218.181106	0.003720	19.9
487	-1.041855	217.958397	0.018898	11.9
488	-1.254497	217.736292	0.015978	9.7
489	-0.271957	217.514790	0.005681	14.4
490	-0.006123	217.293888	0.000524	10.6
491	-0.357457	217.073584	0.003434	18.6
492	-0.000000	216.853873	0.000000	9.2
493	-0.057850	216.634755	0.004294	9.1
494	-0.000000	216.416227	0.000000	11.1
495	-0.863702	216.198285	0.005849	12.7
496	-1.168936	215.980927	0.028933	11.8
497	-0.911164	215.764151	0.012246	11.0
498	-0.000000	215.547955	0.000000	10.7
499	-0.803547	215.332335	0.011308	11.6
500	-0.703081	215.117289	0.007666	11.2
501	-0.000000	214.902815	0.000000	10.3
502	-0.000117	214.688911	0.000046	16.8
503	-1.040681	214.475573	0.006958	13.5
504	-0.172181	214.262800	0.002428	14.3
505	-1.237335	214.050588	0.008001	16.2
506	-0.001697	213.838936	0.000406	13.7
507	-0.000000	213.627842	0.000000	16.1
508	-0.000000	213.417302	0.000000	11.5
509	-0.985423	213.207314	0.011145	8.4
510	-1.364327	212.997877	0.011202	11.6
511	-0.804121	212.788987	0.006440	11.8
512	-1.454161	212.580642	0.014532	9.8
513	-1.375635	212.372841	0.008467	9.7
514	-0.000000	212.165581	0.000000	9.5
515	-0.580768	211.958859	0.006838	12.7
516	-0.945679	211.752673	0.009033	9.3
517	-0.010283	211.547021	0.001053	9.4
518	-1.400587	211.341902	0.011262	8.2
519	-1.565941	211.137311	0.022451	9.1
520	-0.000000	210.933248	0.000000	9.1
521	-0.000000	210.729710	0.000000	8.9
522	-1.598606	210.526695	0.013566	10.4
523	-0.967641	210.324200	0.008888	9.0
524	-1.232824	210.122224	0.015936	8.6
525	-0.000000	209.920765	0.000000	9.0
526	-0.035403	209.719820	0.001184	14.8
527	-0.929678	209.519387	0.008668	8.3
528	-1.032534	209.319463	0.009358	8.3
529	-0.330031	209.120048	0.007217	9.3
530	-1.498348	208.921139	0.016860	9.3
531	-0.050665	208.722733	0.000880	9.1
532	-0.000000	208.524829	0.000000	8.6
533	-1.221391	208.327425	0.017222	12.1
534	-0.109270	208.130518	0.004076	8.5
535	-0.001049	207.934107	0.000319	12.0
536	-1.289061	207.738189	0.014061	10.6
537	-0.000000	207.542762	0.000000	9.4
538	-0.454969	207.347825	0.005663	8.3
539	-0.004013	207.153376	0.001121	9.2
540	-0.000000	206.959412	0.000000	9.5
541	-1.013144	206.765932	0.010778	8.2
542	-0.003080	206.572933	0.000575	8.6
543	-0.000000	206.380414	0.000000	9.8
544	-0.000000	206.188373	0.000000	8.5
545	-0.000000	205.996807	0.000000	11.2
546	-1.534110	205.805716	0.014655	19.8
547	-0.177745	205.615096	0.005759	7.6
548	-0.000000	205.424946	0.000000	10.1
549	-0.470409	205.235265	0.007552	8.0
550	-1.307548	205.046050	0.018626	10.0
551	-0.019849	204.857299	0.001951	9.3
552	-0.937405	204.669011	0.019710	9.3
553	-1.514255	204.481184	0.017661	10.3
554	-0.000000	204.293816	0.000000	9.3
555	-0.016785	204.106905	0.003167	11.0
556	-0.633765	203.920449	0.011385	11.4
557	-1.361651	203.734447	0.009416	9.0
558	-0.214437	203.548896	0.005183	8.9
559	-0.000000	203.363795	0.000000	12.5
560	-0.341881	203.179143	0.005357	8.7
561	-0.520188	202.994937	0.010122	9.4
562	-0.930692	202.811176	0.016302	13.5
563	-1.006164	202.627857	0.010780	9.7
564	-0.000000	202.444980	0.000000	8.4
565	-1.610098	202.262543	0.024568	8.9
566	-1.554638	202.080543	0.020624	9.2
567	-1.306342	201.898979	0.010764	9.4
568	-0.160895	201.717849	0.005679	10.3
569	-0.000000	201.537153	0.000000	7.8
570	-1.539781	201.356887	0.012613	9.7
571	-0.066272	201.177050	0.002506	12.8
572	-1.556689	200.997642	0.038768	10.8
573	-0.000000	200.818659	0.000000	12.8
574	-1.702145	200.640100	0.021969	14.1
575	-1.460508	200.461965	0.014803	10.4
576	-1.326480	200.284250	0.010898	12.8
577	-0.000000	200.106955	0.000000	12.3
578	-0.742993	199.930078	0.006000	13.8
579	-0.000452	199.753617	0.000135	12.5
580	-0.057467	199.577571	0.002400	11.3
581	-0.000000	199.401938	0.000000	10.9
582	-0.143359	199.226717	0.005081	14.6
583	-0.186228	199.051905	0.003481	13.8
584	-0.000000	198.877502	0.000000	13.2
585	-0.000000	198.703506	0.000000	15.5
586	-0.000042	198.529916	0.000020	11.8
587	-0.027542	198.356729	0.001248	8.4
588	-1.110080	198.183944	0.011563	12.8
589	-1.224642	198.011560	0.009790	14.3
590	-1.579461	197.839576	0.010685	12.7
591	-0.000000	197.667989	0.000000	9.2
592	-0.000000	197.496798	0.000000	16.8
593	-0.119979	197.326002	0.002674	12.5
594	-1.034098	197.155600	0.013275	10.7
595	-0.000000	196.985589	0.000000	15.4
596	-0.000327	196.815969	0.000131	10.3
597	-0.049359	196.646738	0.003584	10.6
598	-0.000000	196.477894	0.000000	9.2
599	-0.176004	196.309436	0.004150	9.1
600	-1.464745	196.141363	0.019623	9.7
601	-0.022000	195.973673	0.001239	8.8
602	-0.000234	195.806365	0.000076	9.9
603	-1.146089	195.639437	0.014283	9.6
604	-0.627141	195.472888	0.006574	9.8
605	-1.228882	195.306717	0.013952	7.9
606	-1.494593	195.140922	0.011232	8.2
607	-1.296430	194.975501	0.024835	9.3
608	-1.324837	194.810454	0.009764	8.1
609	-0.000002	194.645779	0.000001	10.4
610	-1.393184	194.481475	0.014301	8.6
611	-0.000000	194.317540	0.000000	10.0
612	-0.000000	194.153973	0.000000	12.8
613	-0.108355	193.990773	0.001637	9.1
614	-1.571379	193.827938	0.015654	8.2
615	-1.480565	193.665467	0.013954	8.4
616	-0.091033	193.503358	0.001808	7.5
617	-1.037360	193.341611	0.010493	9.0
618	-0.046658	193.180224	0.002903	6.9
619	-0.197230	193.019196	0.005018	9.6
620	-1.198217	192.858525	0.013677	8.4
621	-1.334791	192.698210	0.021544	9.1
622	-1.180079	192.538251	0.011161	11.0
623	-1.110965	192.378644	0.011490	8.8
624	-1.458330	192.219391	0.020817	8.4
625	-0.006363	192.060488	0.000807	8.2
626	-1.031435	191.901935	0.007934	9.1
627	-0.000000	191.743730	0.000000	8.7
628	-0.062337	191.585873	0.002785	12.7
629	-0.241622	191.428362	0.008446	9.0
630	-0.798753	191.271196	0.011625	8.3
631	-0.222004	191.114374	0.003001	8.0
632	-1.499947	190.957893	0.012215	10.2
633	-1.424879	190.801755	0.016080	10.5
634	-1.332522	190.645956	0.014293	12.6
635	-0.134925	190.490495	0.003577	9.3
636	-1.576456	190.335373	0.007214	8.2
637	-1.567215	190.180587	0.019711	10.4
638	-0.000000	190.026136	0.000000	10.0
639	-0.000555	189.872019	0.000203	9.2
640	-1.560414	189.718235	0.027459	11.0
641	-0.000000	189.564782	0.000000	9.6
642	-1.403131	189.411661	0.009909	8.8
643	-1.102216	189.258868	0.010914	10.0
644	-1.072051	189.106404	0.007263	10.9
645	-0.414144	188.954267	0.006360	7.9
646	-0.000000	188.802456	0.000000	9.5
647	-1.786096	188.650969	0.010809	9.0
648	-0.041869	188.499807	0.002104	8.7
649	-0.013059	188.348967	0.000693	9.2
650	-0.000000	188.198448	0.000000	8.4
651	-0.133096	188.048250	0.003111	10.9
652	-1.138173	187.898371	0.008350	8.1
653	-0.003881	187.748810	0.001015	7.8
654	-0.000000	187.599566	0.000000	8.6
655	-0.000000	187.450638	0.000000	9.1
656	-0.434137	187.302025	0.005140	8.0
657	-0.015131	187.153725	0.001910	8.3
658	-0.222339	187.005739	0.005219	9.3
659	-1.506103	186.858064	0.021963	9.2
660	-0.663257	186.710699	0.004822	8.5
661	-0.520567	186.563645	0.007434	8.8
662	-0.181788	186.416898	0.003717	8.9
663	-0.015016	186.270459	0.001186	11.3
664	-0.000000	186.124326	0.000000	7.9
665	-1.224742	185.978499	0.016836	8.8
666	-0.115642	185.832976	0.004211	8.4
667	-0.098024	185.687756	0.001865	9.4
668	-1.173916	185.542838	0.008845	9.8
669	-1.627106	185.398222	0.020484	9.2
670	-1.557487	185.253906	0.025150	8.9
671	-0.027735	185.109889	0.001916	9.2
672	-1.117857	184.966170	0.015341	8.5
673	-0.000000	184.822748	0.000000	10.0
674	-0.711393	184.679623	0.011038	9.6
675	-0.000000	184.536792	0.000000	9.2
676	-0.000000	184.394256	0.000000	8.4
677	-0.151681	184.252013	0.002897	8.4
678	-1.377989	184.110062	0.018750	9.4
679	-1.415922	183.968403	0.007229	8.6
680	-0.014477	183.827034	0.001053	8.6
681	-0.431068	183.685954	0.006754	15.4
682	-0.000000	183.545163	0.000000	8.2
683	-1.149484	183.404658	0.007536	11.2
684	-0.694946	183.264441	0.009292	11.9
685	-1.495757	183.124509	0.009480	10.6
686	-0.969383	182.984861	0.012160	8.3
687	-0.000000	182.845497	0.000000	10.4
688	-1.541340	182.706416	0.008553	9.1
689	-1.051962	182.567616	0.008294	8.3
690	-1.280342	182.429098	0.024276	10.1
691	-0.963770	182.290859	0.011832	8.1
692	-1.607092	182.152899	0.012182	10.1
693	-0.000000	182.015217	0.000000	8.8
694	-1.176509	181.877813	0.016843	8.3
695	-0.012416	181.740684	0.001126	12.6
696	-0.000000	181.603832	0.000000	8.6
697	-0.012258	181.467253	0.001907	8.2
698	-0.000000	181.330948	0.000000	12.9
699	-1.075601	181.194916	0.022307	21.7
700	-0.019544	181.059155	0.000819	10.7
701	-0.000000	180.923666	0.000000	9.1
702	-0.000000	180.788446	0.000000	10.1
703	-1.490440	180.653496	0.012924	12.2
704	-1.186639	180.518814	0.013777	25.8
705	-0.000000	180.384399	0.000000	17.2
706	-0.958265	180.250251	0.010186	14.3
707	-0.505310	180.116369	0.002643	17.0
708	-0.000000	179.982752	0.000000	15.6
709	-1.511757	179.849398	0.009988	14.6
710	-0.135347	179.716308	0.002368	8.6
711	-0.001414	179.583480	0.000352	9.4
712	-0.377485	179.450913	0.009454	9.4
713	-0.000000	179.318607	0.000000	11.7
714	-0.000000	179.186561	0.000000	10.7
715	-0.758402	179.054774	0.006107	9.6
716	-0.253144	178.923245	0.006973	7.7
717	-0.288627	178.791973	0.005180	7.7
718	-0.795419	178.660958	0.010503	11.0
719	-0.091589	178.530199	0.002815	9.0
720	-1.429890	178.399694	0.009034	8.6
721	-1.601664	178.269444	0.016785	8.0
722	-0.044836	178.139447	0.001539	13.9
723	-0.000000	178.009702	0.000000	10.4
724	-0.275901	177.880209	0.003222	9.3
725	-1.481298	177.750967	0.006979	9.5
726	-1.076985	177.621975	0.011100	9.9
727	-0.000000	177.493232	0.000000	8.7
728	-1.368155	177.364738	0.009822	10.0
729	-0.121796	177.236492	0.003005	8.4
730	-0.505428	177.108492	0.009085	8.4
731	-0.664108	176.980739	0.012327	9.5
732	-1.483284	176.853231	0.021357	10.5
733	-0.000000	176.725968	0.000000	9.2
734	-0.495131	176.598949	0.005660	10.3
735	-1.638277	176.472173	0.011397	10.3
736	-0.466146	176.345639	0.006272	9.8
737	-0.035718	176.219348	0.000355	9.4
738	-0.017769	176.093296	0.000403	9.5
739	-0.000000	175.967486	0.000000	7.0
740	-1.340445	175.841914	0.013973	7.1
741	-1.201165	175.716581	0.005466	9.0
742	-1.691987	175.591486	0.017681	7.0
743	-1.555511	175.466629	0.016889	9.6
744	-0.188649	175.342008	0.002657	8.1
745	-0.641853	175.217622	0.007827	9.1
746	-0.002445	175.093472	0.000294	8.9
747	-1.326518	174.969556	0.011793	9.6
748	-1.170847	174.845873	0.014420	9.1
749	-0.000000	174.722423	0.000000	8.4
750	-1.472375	174.599206	0.016423	12.6
751	-0.000000	174.476220	0.000000	8.8
752	-0.962891	174.353464	0.010187	12.9
753	-1.053097	174.230939	0.009545	8.4
754	-0.163099	174.108643	0.003570	9.6
755	-1.533511	173.986576	0.010849	10.0
756	-0.000000	173.864737	0.000000	9.4
757	-1.052054	173.743124	0.025583	8.2
758	-0.001463	173.621739	0.000355	8.8
759	-0.181102	173.500579	0.003068	9.4
760	-0.625191	173.379645	0.007288	13.2
761	-1.219686	173.258935	0.006453	10.3
762	-1.029711	173.138449	0.024230	7.9
763	-0.063686	173.018186	0.002950	9.9
764	-0.323923	172.898146	0.005290	9.5
765	-0.000000	172.778327	0.000000	10.3
766	-0.020681	172.658730	0.001057	8.3
767	-1.647932	172.539353	0.013744	8.2
768	-0.000000	172.420196	0.000000	9.5
769	-1.256502	172.301258	0.023963	9.3
770	-0.972429	172.182539	0.011495	9.3
771	-1.644387	172.064037	0.024859	9.4
772	-0.000283	171.945753	0.000093	8.7
773	-0.250104	171.827686	0.004051	8.6
774	-1.516652	171.709834	0.022856	9.0
775	-0.500846	171.592198	0.006487	8.7
776	-0.968575	171.474776	0.011891	10.0
777	-0.000016	171.357568	0.000008	9.1
778	-0.205829	171.240574	0.004764	8.4
779	-0.000000	171.123793	0.000000	8.0
780	-0.535536	171.007223	0.007325	9.3
781	-0.614498	170.890865	0.011008	13.4
782	-1.125594	170.774718	0.008771	9.6
783	-0.000000	170.658782	0.000000	7.5
784	-0.040847	170.543055	0.003311	9.0
785	-0.093642	170.427537	0.004564	15.6
786	-0.554336	170.312227	0.006670	10.9
787	-1.283442	170.197125	0.008128	10.6
788	-0.046920	170.082231	0.000677	8.6
789	-0.014571	169.967543	0.001262	20.1
790	-1.359065	169.853061	0.018595	8.8
791	-0.319751	169.738784	0.004193	8.2
792	-0.000000	169.624713	0.000000	9.4
793	-0.373980	169.510845	0.002974	10.0
794	-0.585726	169.397181	0.007311	8.6
795	-0.000001	169.283720	0.000000	9.3
796	-1.418369	169.170462	0.028371	10.3
797	-0.000000	169.057405	0.000000	8.6
798	-0.000720	168.944549	0.000228	11.0
799	-1.428414	168.831895	0.013324	9.5
800	-0.015905	168.719440	0.002116	9.2
801	-1.046751	168.607185	0.017756	9.0
802	-0.000000	168.495129	0.000000	9.7
803	-0.818997	168.383271	0.008366	9.8
804	-0.000000	168.271611	0.000000	10.2
805	-0.000000	168.160148	0.000000	8.1
806	-0.974333	168.048882	0.009942	8.9
807	-1.653054	167.937812	0.016312	12.2
808	-0.000091	167.826938	0.000035	10.5
809	-1.231565	167.716258	0.024231	9.7
810	-0.000000	167.605773	0.000000	8.7
811	-0.829730	167.495482	0.010151	8.3
812	-0.806438	167.385384	0.009826	10.5
813	-1.577188	167.275479	0.016610	11.1
814	-0.361661	167.165766	0.004774	10.5
815	-0.000000	167.056245	0.000000	9.7
816	-0.709691	166.946915	0.005527	9.5
817	-0.003408	166.837776	0.000401	10.2
818	-0.049830	166.728826	0.001002	8.6
819	-0.967694	166.620067	0.012645	9.1
820	-0.004202	166.511496	0.000393	10.6
821	-0.000340	166.403113	0.000148	9.2
822	-0.000000	166.294919	0.000000	8.3
823	-1.327298	166.186912	0.015920	9.5
824	-0.257059	166.079091	0.004659	8.6
825	-1.606082	165.971458	0.015967	9.2
826	-1.454398	165.864009	0.021536	9.5
827	-1.209295	165.756747	0.012331	8.8
828	-0.030837	165.649669	0.002180	9.7
829	-0.219372	165.542775	0.007838	9.3
830	-0.000000	165.436065	0.000000	9.0
831	-0.000000	165.329538	0.000000	9.9
832	-0.000000	165.223194	0.000000	8.9
833	-1.319888	165.117032	0.013542	9.1
834	-0.980421	165.011052	0.010543	8.8
835	-0.000000	164.905253	0.000000	9.7
836	-0.488769	164.799635	0.007315	19.6
837	-0.838154	164.694197	0.015918	8.8
838	-0.000000	164.588939	0.000000	8.7
839	-1.446853	164.483859	0.018260	9.1
840	-0.000000	164.378959	0.000000	9.5
841	-1.507755	164.274237	0.014384	8.9
842	-0.000000	164.169692	0.000000	10.0
843	-0.000000	164.065325	0.000000	8.2
844	-0.000000	163.961135	0.000000	15.1
845	-1.562902	163.857120	0.008829	12.3
846	-1.044980	163.753282	0.011639	9.0
847	-1.544523	163.649619	0.018174	8.0
848	-0.000000	163.546130	0.000000	11.3
849	-0.262568	163.442816	0.003538	16.2
850	-0.000000	163.339676	0.000000	13.3
851	-0.905821	163.236709	0.013981	8.4
852	-1.492298	163.133915	0.011258	14.7
853	-0.000000	163.031294	0.000000	17.6
854	-1.394597	162.928844	0.015256	12.7
855	-1.238123	162.826566	0.008555	15.4
856	-1.283639	162.724459	0.009886	15.6
857	-1.129296	162.622523	0.007451	12.9
858	-0.000000	162.520757	0.000000	31.5
859	-0.658542	162.419160	0.009582	34.6
860	-0.470585	162.317733	0.005036	21.5
861	-0.154484	162.216474	0.004363	40.2
862	-0.000000	162.115383	0.000000	16.0
863	-1.381156	162.014461	0.021058	12.3
864	-1.456430	161.913705	0.024590	9.6
865	-0.072917	161.813117	0.001801	8.4
866	-0.066108	161.712695	0.001586	16.0
867	-1.637422	161.612439	0.021703	9.8
868	-1.077602	161.512349	0.018300	8.4
869	-1.542895	161.412424	0.015314	10.4
870	-0.073440	161.312663	0.003527	9.5
871	-0.000000	161.213067	0.000000	7.3
872	-0.086043	161.113635	0.004602	9.9
873	-0.000000	161.014366	0.000000	14.2
874	-1.408664	160.915260	0.016442	7.1
875	-0.000000	160.816316	0.000000	8.3
876	-0.002286	160.717535	0.000495	8.0
877	-0.941314	160.618915	0.010957	12.6
878	-1.203947	160.520456	0.021587	11.9
879	-0.000000	160.422158	0.000000	8.1
880	-1.181857	160.324021	0.006956	9.9
881	-1.360043	160.226043	0.012550	10.6
882	-1.448359	160.128225	0.016878	8.7
883	-0.939540	160.030566	0.014250	9.9
884	-0.000000	159.933066	0.000000	13.2
885	-1.403898	159.835723	0.017306	9.0
886	-0.620754	159.738539	0.007022	10.7
887	-0.546376	159.641512	0.004843	10.2
888	-1.451311	159.544642	0.016667	8.9
889	-0.000000	159.447929	0.000000	10.3
890	-1.575487	159.351372	0.009676	14.7
891	-0.000000	159.254971	0.000000	9.1
892	-1.320121	159.158725	0.025195	9.3
893	-1.298672	159.062634	0.012512	9.9
894	-0.833302	158.966697	0.014575	8.7
895	-0.000000	158.870915	0.000000	11.4
896	-0.027901	158.775286	0.000853	9.8
897	-0.000000	158.679811	0.000000	9.5
898	-0.204099	158.584489	0.005251	9.8
899	-1.011759	158.489319	0.014389	8.2
900	-0.000000	158.394302	0.000000	9.1
901	-0.000306	158.299436	0.000109	10.7
902	-0.011422	158.204721	0.001641	13.2
903	-0.009772	158.110158	0.000527	8.0
904	-0.000000	158.015745	0.000000	10.5
905	-1.435903	157.921482	0.009854	10.7
906	-1.505560	157.827369	0.010555	8.7
907	-1.056581	157.733406	0.009059	9.6
908	-1.417974	157.639591	0.012669	9.1
909	-1.632621	157.545925	0.010970	8.9
910	-0.000000	157.452408	0.000000	9.5
911	-0.179629	157.359038	0.005072	18.0
912	-0.000000	157.265816	0.000000	8.6
913	-0.708900	157.172741	0.008968	8.3
914	-1.184560	157.079813	0.004234	11.7
915	-0.127195	156.987031	0.002043	9.4
916	-1.094951	156.894395	0.010722	8.3
917	-1.183190	156.801904	0.010760	10.0
918	-0.618920	156.709559	0.003998	10.3
919	-1.048885	156.617359	0.010419	9.4
920	-1.207108	156.525304	0.013710	11.6
921	-0.034864	156.433392	0.001581	9.2
922	-0.162872	156.341624	0.002727	10.4
923	-0.000000	156.250000	0.000000	7.8
924	-0.711638	156.158519	0.005251	12.5
925	-0.000000	156.067180	0.000000	10.0
926	-1.509706	155.975984	0.014542	8.4
927	-0.000000	155.884930	0.000000	9.2
928	-1.288449	155.794017	0.014588	10.3
929	-1.312271	155.703246	0.015196	9.2
930	-0.778675	155.612615	0.008242	9.7
931	-0.000000	155.522125	0.000000	8.1
932	-0.000006	155.431775	0.000003	9.7
933	-0.000000	155.341565	0.000000	11.6
934	-1.589241	155.251495	0.017869	9.6
935	-1.261050	155.161563	0.004780	8.3
936	-1.409200	155.071771	0.018804	9.6
937	-1.026627	154.982117	0.012986	8.3
938	-0.547565	154.892601	0.006381	9.4
939	-0.038953	154.803222	0.000678	15.8
940	-0.859908	154.713981	0.007932	9.5
941	-0.000000	154.624878	0.000000	9.7
942	-0.000000	154.535910	0.000000	8.5
943	-1.328849	154.447080	0.011123	9.0
944	-0.000000	154.358385	0.000000	8.9
945	-0.000000	154.269826	0.000000	8.7
946	-1.595035	154.181402	0.018992	10.6
947	-1.394907	154.093114	0.007622	8.5
948	-0.417879	154.004960	0.006653	9.1
949	-0.996449	153.916940	0.014115	15.2
950	-0.058204	153.829054	0.002308	7.8
951	-0.000000	153.741303	0.000000	10.0
952	-0.826222	153.653684	0.008112	8.0
953	-0.000075	153.566198	0.000024	9.6
954	-1.508367	153.478846	0.016609	8.6
955	-0.501173	153.391625	0.008008	8.8
956	-0.006372	153.304537	0.000465	8.7
957	-0.161418	153.217580	0.004227	8.9
958	-0.015283	153.130755	0.000754	11.8
959	-0.005948	153.044061	0.001025	8.2
960	-0.263443	152.957498	0.003913	8.8
961	-0.973927	152.871065	0.010329	8.7
962	-0.000000	152.784762	0.000000	8.6
963	-1.672548	152.698589	0.016107	9.9
964	-1.503125	152.612545	0.016401	8.1
965	-0.000009	152.526631	0.000005	10.9
966	-0.000000	152.440845	0.000000	8.1
967	-0.000000	152.355188	0.000000	8.2
968	-0.852454	152.269660	0.008486	8.6
969	-0.233696	152.184259	0.002449	9.0
970	-1.195224	152.098986	0.007623	9.5
971	-1.434367	152.013840	0.011629	8.6
972	-1.244242	151.928821	0.016594	8.5
973	-0.687737	151.843928	0.009890	9.9
974	-0.000000	151.759163	0.000000	9.9
975	-1.472584	151.674523	0.009786	10.7
976	-1.329513	151.590009	0.012116	10.8
977	-1.352234	151.505620	0.016749	8.4
978	-0.019771	151.421357	0.001458	10.0
979	-1.408208	151.337218	0.016228	9.6
980	-0.000000	151.253204	0.000000	10.7
981	-0.558499	151.169314	0.006347	9.2
982	-0.953300	151.085549	0.014835	10.4
983	-1.341760	151.001907	0.014993	9.8
984	-0.009413	150.918388	0.000580	13.2
985	-0.678757	150.834992	0.009477	8.6
986	-0.000000	150.751719	0.000000	7.7
987	-0.000000	150.668569	0.000000	19.2
988	-0.192083	150.585541	0.003506	9.8
989	-1.162675	150.502634	0.005990	7.0
990	-0.261928	150.419849	0.005067	7.9
991	-0.238162	150.337186	0.004598	9.4
992	-0.993328	150.254644	0.003655	8.6
993	-0.000000	150.172222	0.000000	8.6
994	-1.282954	150.089921	0.015616	8.3
995	-1.096871	150.007740	0.008199	8.4
996	-1.319156	149.925679	0.012434	8.3
997	-0.067934	149.843737	0.002528	8.6
998	-0.000000	149.761915	0.000000	8.5
999	-0.000913	149.680212	0.000294	9.4
1000	-0.217273	149.598627	0.002573	9.1
1001	-1.312737	149.517161	0.012909	11.2
1002	-1.112349	149.435814	0.010990	8.1
1003	-1.301701	149.354584	0.007779	9.2
1004	-1.166221	149.273472	0.023227	9.2
1005	-0.000000	149.192477	0.000000	8.6
1006	-1.126512	149.111599	0.015369	12.7
1007	-0.000000	149.030838	0.000000	9.4
1008	-1.415412	148.950194	0.016253	8.9
1009	-1.315682	148.869666	0.020590	10.6
1010	-0.000000	148.789253	0.000000	8.3
1011	-1.594803	148.708957	0.025351	8.1
1012	-1.607251	148.628776	0.018592	9.8
1013	-1.174860	148.548710	0.007631	9.6
1014	-0.000000	148.468759	0.000000	8.3
1015	-0.000000	148.388923	0.000000	7.9
1016	-1.440034	148.309201	0.007346	11.4
1017	-1.670368	148.229594	0.017868	11.4
1018	-0.003023	148.150100	0.000114	7.4
1019	-1.388842	148.070719	0.008131	9.3
1020	-0.012273	147.991452	0.001192	8.5
1021	-0.000000	147.912298	0.000000	9.7
1022	-0.213295	147.833257	0.002680	7.8
1023	-0.000000	147.754329	0.000000	9.2
1024	-0.000250	147.675512	0.000091	11.4
1025	-0.000000	147.596808	0.000000	9.3
1026	-0.386874	147.518216	0.003511	9.7
1027	-0.935789	147.439735	0.010321	9.7
1028	-0.875447	147.361365	0.024070	12.9
1029	-0.964529	147.283106	0.008210	11.2
1030	-1.692506	147.204958	0.006825	14.7
1031	-1.315439	147.126920	0.019512	12.8
1032	-0.802160	147.048993	0.007837	13.5
1033	-1.433695	146.971175	0.015782	11.3
1034	-0.000345	146.893468	0.000138	13.9
1035	-0.363003	146.815869	0.008117	17.4
1036	-1.486248	146.738380	0.018990	9.4
1037	-1.298300	146.661000	0.011306	11.2
1038	-0.069619	146.583729	0.003229	10.9
1039	-0.175678	146.506566	0.008674	8.5
1040	-0.000808	146.429511	0.000220	9.1
1041	-0.658360	146.352565	0.010451	9.6
1042	-0.859278	146.275726	0.015177	8.2
1043	-1.079409	146.198994	0.009974	9.8
1044	-0.000000	146.122370	0.000000	8.7
1045	-1.331944	146.045853	0.009803	8.8
1046	-1.628143	145.969442	0.014759	9.5
1047	-0.426741	145.893139	0.009640	9.0
1048	-0.000000	145.816941	0.000000	8.4
1049	-0.108400	145.740849	0.005364	9.5
1050	-0.185726	145.664863	0.003797	9.2
1051	-0.904236	145.588983	0.023416	18.7
1052	-1.619268	145.513208	0.017463	9.0
1053	-0.084009	145.437538	0.003019	8.8
1054	-0.000000	145.361973	0.000000	8.5
1055	-1.339686	145.286513	0.011486	9.8
1056	-0.995889	145.211157	0.005692	10.7
1057	-0.000000	145.135905	0.000000	10.5
1058	-0.275250	145.060757	0.003360	10.2
1059	-0.000000	144.985712	0.000000	9.1
1060	-0.000000	144.910771	0.000000	10.0
1061	-1.542079	144.835934	0.015647	9.4
1062	-1.605503	144.761199	0.022083	8.9
1063	-0.000000	144.686567	0.000000	11.6
1064	-0.000003	144.612037	0.000001	9.0
1065	-0.730480	144.537610	0.004387	12.6
1066	-0.000000	144.463285	0.000000	11.8
1067	-0.000000	144.389062	0.000000	9.3
1068	-0.000000	144.314940	0.000000	12.5
1069	-0.000000	144.240920	0.000000	11.3
1070	-0.882627	144.167001	0.012090	14.0
1071	-1.436053	144.093182	0.010640	12.4
1072	-0.000000	144.019465	0.000000	7.8
1073	-0.008601	143.945848	0.000274	10.4
1074	-0.839928	143.872331	0.010649	13.6
1075	-0.748091	143.798914	0.008658	10.9
1076	-0.385990	143.725597	0.007098	9.0
1077	-1.169933	143.652380	0.013712	8.9
1078	-0.515561	143.579262	0.008367	10.6
1079	-0.732875	143.506243	0.006531	9.7
1080	-0.000000	143.433323	0.000000	9.9
1081	-0.000000	143.360502	0.000000	9.9
1082	-0.463170	143.287780	0.009199	8.6
1083	-0.734723	143.215155	0.005500	8.0
1084	-1.224912	143.142629	0.011888	12.6
1085	-1.512343	143.070201	0.013758	11.2
1086	-0.173821	142.997870	0.003208	8.8
1087	-0.828556	142.925637	0.006704	9.6
1088	-0.000000	142.853501	0.000000	10.2
1089	-1.596274	142.781462	0.010990	8.0
1090	-0.168724	142.709519	0.004316	12.0
1091	-0.000000	142.637674	0.000000	10.6
1092	-0.908896	142.565924	0.007500	12.6
1093	-1.442876	142.494271	0.010151	8.9
1094	-0.033240	142.422714	0.003085	10.2
1095	-0.629913	142.351252	0.007335	13.1
1096	-1.326396	142.279886	0.009688	12.5
1097	-1.035488	142.208616	0.012213	10.4
1098	-0.171531	142.137440	0.004891	12.3
1099	-0.481960	142.066360	0.007259	10.8
1100	-0.000000	141.995374	0.000000	10.3
1101	-1.490616	141.924483	0.033900	13.4
1102	-1.311068	141.853685	0.010442	11.9
1103	-0.000000	141.782983	0.000000	8.5
1104	-0.079812	141.712373	0.001376	11.4
1105	-0.601619	141.641858	0.008323	20.5
1106	-0.782088	141.571436	0.007015	9.5
1107	-0.760128	141.501108	0.010468	15.2
1108	-1.640358	141.430872	0.032645	15.3
1109	-1.218130	141.360730	0.019835	14.1
1110	-1.664389	141.290680	0.014205	16.9
1111	-0.881758	141.220722	0.012592	17.4
1112	-0.000000	141.150857	0.000000	14.5
1113	-0.001870	141.081084	0.000188	12.9
1114	-0.017599	141.011403	0.000398	7.8
1115	-1.290706	140.941813	0.007243	14.9
1116	-0.000000	140.872315	0.000000	71.1
1117	-0.000000	140.802909	0.000000	9.5
1118	-1.023468	140.733593	0.012209	13.1
1119	-1.284405	140.664369	0.008225	19.9
1120	-0.124866	140.595235	0.003159	24.4
1121	-1.536197	140.526192	0.012392	23.1
1122	-1.143107	140.457239	0.009787	11.6
1123	-1.454565	140.388376	0.012979	9.5
1124	-1.428659	140.319603	0.014998	10.2
1125	-0.002367	140.250920	0.000679	10.6
1126	-0.018500	140.182326	0.003370	11.6
1127	-1.527756	140.113822	0.016258	10.4
1128	-1.507541	140.045407	0.012685	12.0
1129	-0.000000	139.977081	0.000000	11.7
1130	-0.024214	139.908844	0.002492	9.7
1131	-0.512534	139.840696	0.005591	10.1
1132	-0.039000	139.772635	0.001657	10.6
1133	-0.000000	139.704664	0.000000	9.2
1134	-1.734078	139.636780	0.029132	10.9
1135	-0.000000	139.568984	0.000000	9.3
1136	-0.091167	139.501276	0.002794	10.5
1137	-0.235434	139.433655	0.006997	10.1
1138	-1.474623	139.366122	0.027219	10.0
1139	-1.553890	139.298676	0.028253	9.5
1140	-1.607465	139.231317	0.019228	9.0
1141	-0.000000	139.164045	0.000000	9.8
1142	-0.000000	139.096859	0.000000	10.9
1143	-0.063571	139.029760	0.001454	11.9
1144	-0.000000	138.962747	0.000000	12.6
1145	-1.087374	138.895820	0.009232	12.7
1146	-0.028564	138.828978	0.002061	9.7
1147	-0.000000	138.762223	0.000000	10.5
1148	-0.000000	138.695553	0.000000	14.1
1149	-0.000000	138.628969	0.000000	10.9
1150	-0.764644	138.562469	0.013601	12.5
1151	-0.000116	138.496055	0.000050	11.7
1152	-0.330303	138.429725	0.002920	12.9
1153	-0.005544	138.363481	0.000196	8.6
1154	-0.237385	138.297320	0.006000	12.2
1155	-0.413704	138.231244	0.005415	10.6
1156	-0.000000	138.165252	0.000000	9.3
1157	-0.135324	138.099344	0.002338	12.0
1158	-1.447368	138.033520	0.024976	12.2
1159	-1.249521	137.967779	0.011615	10.7
1160	-1.241512	137.902122	0.011856	12.0
1161	-0.000000	137.836548	0.000000	7.4
1162	-0.181392	137.771057	0.003031	11.0
1163	-0.286129	137.705649	0.004107	11.7
1164	-1.064339	137.640324	0.014906	9.5
1165	-1.407837	137.575081	0.015214	10.4
1166	-0.066931	137.509921	0.003772	9.2
1167	-1.554423	137.444842	0.017983	9.1
1168	-0.002671	137.379846	0.000701	9.8
1169	-0.546114	137.314932	0.004795	10.2
1170	-0.000000	137.250100	0.000000	8.6
1171	-0.000000	137.185349	0.000000	10.4
1172	-0.000000	137.120680	0.000000	8.9
1173	-0.000000	137.056092	0.000000	9.0
1174	-1.308584	136.991585	0.007859	10.2
1175	-0.000962	136.927158	0.000224	8.8
1176	-0.711554	136.862813	0.006877	9.3
1177	-0.000000	136.798548	0.000000	9.8
1178	-0.000000	136.734363	0.000000	13.5
1179	-1.490871	136.670259	0.016769	7.9
1180	-0.000000	136.606235	0.000000	8.1
1181	-1.348385	136.542291	0.023058	14.9
1182	-0.680505	136.478426	0.007757	8.4
1183	-0.000000	136.414641	0.000000	9.0
1184	-0.348149	136.350936	0.007248	9.3
1185	-0.000000	136.287310	0.000000	10.2
1186	-1.751616	136.223763	0.012581	9.2
1187	-0.029134	136.160295	0.001065	11.6
1188	-0.612391	136.096905	0.011773	9.3
1189	-0.070153	136.033594	0.002269	8.4
1190	-1.437212	135.970362	0.021493	9.9
1191	-1.472889	135.907208	0.017124	10.9
1192	-1.073330	135.844133	0.006714	8.8
1193	-0.000004	135.781135	0.000003	8.1
1194	-0.492236	135.718215	0.005670	9.5
1195	-0.201826	135.655373	0.001316	9.4
1196	-0.000000	135.592608	0.000000	15.6
1197	-1.245457	135.529921	0.008617	8.3
1198	-0.000000	135.467311	0.000000	10.1
1199	-1.425400	135.404778	0.021264	13.0
1200	-0.814791	135.342322	0.009681	9.6
1201	-0.000000	135.279942	0.000000	8.2
1202	-1.505830	135.217640	0.011136	9.5
1203	-0.538341	135.155413	0.009054	8.8
1204	-0.087966	135.093263	0.004842	8.1
1205	-1.138546	135.031190	0.011114	9.1
1206	-1.019370	134.969192	0.013035	18.1
1207	-0.277707	134.907270	0.003922	34.0
1208	-1.391973	134.845424	0.025876	19.1
1209	-0.103226	134.783653	0.002025	8.7
1210	-1.040228	134.721958	0.007876	8.4
1211	-1.294508	134.660338	0.005908	12.4
1212	-0.071222	134.598793	0.002990	9.0
1213	-1.601418	134.537323	0.019658	8.2
1214	-0.781246	134.475927	0.009440	9.4
1215	-1.633687	134.414607	0.019229	9.3
1216	-0.000000	134.353361	0.000000	9.2
1217	-0.854124	134.292189	0.007911	10.3
1218	-1.746131	134.231092	0.011737	8.0
1219	-0.020229	134.170068	0.002060	9.5
1220	-1.198826	134.109119	0.012267	8.8
1221	-1.256121	134.048243	0.010229	15.0
1222	-1.345735	133.987441	0.016727	7.4
1223	-0.780930	133.926713	0.008171	7.9
1224	-0.000000	133.866057	0.000000	9.7
1225	-0.145335	133.805475	0.005880	9.7
1226	-0.004905	133.744966	0.000422	8.7
1227	-0.319203	133.684530	0.006013	8.7
1228	-1.152898	133.624167	0.008437	8.2
1229	-0.826977	133.563877	0.008112	12.1
1230	-0.000000	133.503658	0.000000	8.7
1231	-0.571431	133.443513	0.008845	10.9
1232	-0.000000	133.383439	0.000000	9.0
1233	-1.353190	133.323437	0.010185	8.5
1234	-0.038550	133.263508	0.002645	9.7
1235	-1.594755	133.203650	0.029212	8.9
1236	-0.000000	133.143864	0.000000	8.0
1237	-0.000000	133.084149	0.000000	8.4
1238	-1.285179	133.024506	0.014969	13.6
1239	-0.945943	132.964934	0.010810	9.9
1240	-0.351641	132.905433	0.006173	7.7
1241	-0.368354	132.846003	0.005099	8.4
1242	-0.696142	132.786643	0.004215	8.8
1243	-0.000000	132.727355	0.000000	9.2
1244	-1.219096	132.668137	0.017467	8.5
1245	-1.616185	132.608989	0.029506	14.1
1246	-1.446529	132.549912	0.025230	8.7
1247	-1.591161	132.490904	0.011231	9.7
1248	-0.000000	132.431967	0.000000	9.4
1249	-0.833703	132.373100	0.012728	8.3
1250	-0.000000	132.314302	0.000000	11.2
1251	-1.441013	132.255574	0.019188	10.0
1252	-1.303345	132.196916	0.010507	9.8
1253	-0.717781	132.138326	0.009079	8.7
1254	-0.086363	132.079806	0.003413	8.7
1255	-0.541590	132.021355	0.007396	8.8
1256	-1.207937	131.962973	0.012681	9.6
1257	-0.000000	131.904660	0.000000	10.0
1258	-0.415764	131.846415	0.005026	9.7
1259	-0.000000	131.788239	0.000000	7.7
1260	-0.000012	131.730131	0.000006	10.1
1261	-0.000000	131.672092	0.000000	8.7
1262	-0.000000	131.614121	0.000000	9.3
1263	-1.438145	131.556217	0.012718	8.2
1264	-0.000000	131.498382	0.000000	9.9
1265	-0.343156	131.440614	0.004790	9.1
1266	-0.059901	131.382914	0.001103	8.6
1267	-1.516835	131.325282	0.021369	9.7
1268	-1.157145	131.267717	0.017098	8.8
1269	-1.256178	131.210219	0.015374	11.2
1270	-1.107493	131.152788	0.011412	10.0
1271	-1.437818	131.095424	0.008968	7.7
1272	-0.189351	131.038127	0.003985	9.7
1273	-1.553295	130.980897	0.023694	9.1
1274	-0.000000	130.923733	0.000000	9.1
1275	-1.227764	130.866636	0.012644	9.0
1276	-1.583830	130.809605	0.012309	7.6
1277	-0.219423	130.752641	0.003585	9.8
1278	-1.185189	130.695742	0.009112	8.3
1279	-1.220150	130.638910	0.014750	9.0
1280	-0.238010	130.582143	0.007406	9.6
1281	-0.163331	130.525442	0.004156	10.1
1282	-1.337969	130.468807	0.027414	8.3
1283	-0.962378	130.412237	0.018345	7.4
1284	-0.000000	130.355733	0.000000	7.9
1285	-0.340077	130.299294	0.002830	9.2
1286	-0.565033	130.242920	0.011374	10.6
1287	-1.376218	130.186611	0.006058	9.4
1288	-0.000000	130.130366	0.000000	15.6
1289	-1.192160	130.074187	0.028469	9.2
1290	-0.769005	130.018072	0.008804	10.5
1291	-0.000000	129.962022	0.000000	10.1
1292	-0.201225	129.906036	0.004290	7.6
1293	-0.002889	129.850114	0.000738	9.0
1294	-1.415780	129.794257	0.010491	9.0
1295	-0.002748	129.738463	0.000822	10.9
1296	-1.141040	129.682734	0.013101	9.4
1297	-0.000651	129.627068	0.000189	7.9
1298	-1.541785	129.571466	0.016822	8.6
1299	-1.163619	129.515927	0.018501	8.5
1300	-0.000000	129.460452	0.000000	12.1
1301	-0.466003	129.405040	0.009194	9.4
1302	-1.031060	129.349692	0.018363	7.8
1303	-0.783474	129.294406	0.006301	9.1
1304	-0.000031	129.239183	0.000013	8.7
1305	-0.000000	129.184024	0.000000	8.5
1306	-0.830493	129.128927	0.010934	9.6
1307	-0.086279	129.073892	0.002290	7.5
1308	-0.000010	129.018921	0.000004	8.6
1309	-0.020311	128.964011	0.001862	8.4
1310	-1.463591	128.909164	0.007268	9.9
1311	-0.285237	128.854379	0.008669	8.3
1312	-0.250468	128.799656	0.004032	9.0
1313	-1.355435	128.744995	0.012605	9.5
1314	-0.696967	128.690396	0.009090	7.9
1315	-0.000000	128.635858	0.000000	8.2
1316	-0.440445	128.581382	0.006447	9.3
1317	-1.055680	128.526968	0.007169	13.4
1318	-0.912842	128.472615	0.012043	8.3
1319	-1.498882	128.418323	0.020950	8.1
1320	-0.147459	128.364092	0.003625	8.6
1321	-1.447022	128.309922	0.015353	9.0
1322	-0.000000	128.255814	0.000000	9.1
1323	-1.577909	128.201766	0.026638	10.0
1324	-1.224327	128.147778	0.012849	8.7
1325	-0.000000	128.093852	0.000000	9.8
1326	-1.646244	128.039985	0.019592	10.8
1327	-0.126927	127.986180	0.003839	11.7
1328	-0.098338	127.932434	0.003103	11.0
1329	-0.107229	127.878749	0.006145	9.7
1330	-0.005243	127.825123	0.000368	9.9
1331	-1.046754	127.771558	0.020698	8.8
1332	-1.512422	127.718052	0.019802	12.5
1333	-0.000000	127.664606	0.000000	9.0
1334	-1.256198	127.611220	0.021692	8.7
1335	-0.000000	127.557893	0.000000	10.2
1336	-0.000012	127.504625	0.000006	8.1
1337	-0.000000	127.451417	0.000000	8.9
1338	-0.002898	127.398268	0.000323	9.0
1339	-0.000000	127.345178	0.000000	11.3
1340	-0.048613	127.292147	0.001444	9.3
1341	-0.000000	127.239175	0.000000	8.5
1342	-1.423100	127.186261	0.009767	8.8
1343	-0.000000	127.133407	0.000000	8.7
1344	-1.092820	127.080610	0.014117	12.6
1345	-0.979694	127.027872	0.011644	8.1
1346	-0.138997	126.975193	0.003988	9.1
1347	-0.546342	126.922572	0.009853	9.3
1348	-0.000000	126.870008	0.000000	9.4
1349	-0.000000	126.817503	0.000000	9.5
1350	-0.000000	126.765056	0.000000	9.0
1351	-1.366851	126.712667	0.030890	8.8
1352	-0.983773	126.660335	0.007658	8.8
1353	-0.802331	126.608061	0.007898	8.4
1354	-1.519365	126.555844	0.015379	8.9
1355	-0.115943	126.503685	0.001743	9.5
1356	-0.000000	126.451583	0.000000	10.3
1357	-1.537827	126.399538	0.020146	8.5
1358	-1.459884	126.347550	0.016018	8.5
1359	-0.250206	126.295619	0.005952	8.2
1360	-1.464651	126.243745	0.011841	11.1
1361	-0.000541	126.191928	0.000200	8.1
1362	-0.279307	126.140168	0.005652	9.1
1363	-0.000000	126.088464	0.000000	9.6
1364	-0.398328	126.036817	0.009619	7.9
1365	-0.863158	125.985226	0.012396	9.1
1366	-1.358773	125.933691	0.010972	11.4
1367	-0.000000	125.882212	0.000000	7.5
1368	-1.002522	125.830790	0.016301	10.0
1369	-0.003470	125.779423	0.000589	8.0
1370	-0.000000	125.728113	0.000000	8.9
1371	-0.220315	125.676858	0.007101	9.5
1372	-0.077184	125.625659	0.005120	9.0
1373	-0.686147	125.574515	0.006081	9.8
1374	-1.325507	125.523427	0.014543	8.4
1375	-0.619451	125.472394	0.005222	8.4
1376	-0.000000	125.421417	0.000000	7.3
1377	-0.783082	125.370495	0.011882	9.3
1378	-1.526167	125.319628	0.011456	13.0
1379	-0.000000	125.268815	0.000000	20.5
1380	-0.906989	125.218058	0.014212	11.6
1381	-1.425530	125.167356	0.020906	9.8
1382	-1.373186	125.116708	0.010788	14.4
1383	-1.358267	125.066115	0.008224	14.1
1384	-1.251199	125.015576	0.007978	18.0
1385	-0.076374	124.965092	0.002609	14.6
1386	-0.905656	124.914662	0.010220	16.7
1387	-0.978810	124.864287	0.013659	15.2
1388	-0.031891	124.813965	0.001288	12.8
1389	-1.330950	124.763698	0.008457	10.3
1390	-0.238169	124.713485	0.006690	16.8
1391	-0.542335	124.663325	0.007482	8.6
1392	-1.231475	124.613219	0.011111	13.2
1393	-1.729998	124.563167	0.010251	10.3
1394	-0.262818	124.513168	0.002859	8.6
1395	-0.106746	124.463223	0.004371	9.3
1396	-0.826909	124.413332	0.014719	10.2
1397	-0.000000	124.363493	0.000000	7.2
1398	-0.751987	124.313708	0.009476	8.7
1399	-0.150417	124.263976	0.002495	8.9
1400	-0.888214	124.214297	0.010279	9.3
1401	-1.634996	124.164671	0.017721	10.5
1402	-0.000004	124.115097	0.000002	8.1
1403	-1.304382	124.065577	0.014004	9.3
1404	-0.026239	124.016109	0.000730	8.6
1405	-1.187064	123.966693	0.012451	9.0
1406	-0.000011	123.917330	0.000006	12.8
1407	-1.059212	123.868020	0.009338	7.5
1408	-0.639393	123.818762	0.007138	12.8
1409	-0.000000	123.769556	0.000000	11.2
1410	-1.335358	123.720402	0.010800	9.1
1411	-0.315890	123.671300	0.004482	7.8
1412	-0.393002	123.622250	0.006013	10.9
1413	-1.447994	123.573252	0.016392	10.5
1414	-0.000000	123.524305	0.000000	7.3
1415	-0.044724	123.475411	0.002438	9.8
1416	-0.000000	123.426568	0.000000	8.2
1417	-1.532440	123.377776	0.010902	9.0
1418	-0.908975	123.329036	0.004493	8.7
1419	-1.265417	123.280347	0.010892	10.4
1420	-0.000000	123.231709	0.000000	11.2
1421	-0.871744	123.183122	0.008561	10.9
1422	-1.405135	123.134587	0.010676	8.1
1423	-0.000000	123.086102	0.000000	9.3
1424	-1.350091	123.037669	0.024456	7.5
1425	-0.000000	122.989286	0.000000	8.3
1426	-0.531045	122.940954	0.005526	11.6
1427	-0.938661	122.892672	0.009371	8.5
1428	-1.409247	122.844441	0.014136	9.1
1429	-0.000000	122.796261	0.000000	8.0
1430	-0.000006	122.748130	0.000003	8.6
1431	-1.179960	122.700050	0.009633	8.3
1432	-0.000001	122.652021	0.000001	9.1
1433	-0.923956	122.604041	0.008215	7.8
1434	-0.000000	122.556111	0.000000	8.4
1435	-0.938367	122.508232	0.005817	9.4
1436	-1.452028	122.460402	0.010585	7.7
1437	-0.246042	122.412622	0.003116	9.8
1438	-1.295656	122.364891	0.011805	8.8
1439	-0.000022	122.317210	0.000012	11.0
1440	-1.526696	122.269579	0.021133	10.4
1441	-0.557576	122.221997	0.009477	9.0
1442	-0.000000	122.174465	0.000000	12.9
1443	-1.445235	122.126981	0.020551	8.5
1444	-1.327499	122.079547	0.014808	11.2
1445	-0.434623	122.032162	0.008644	9.1
1446	-0.000000	121.984826	0.000000	9.5
1447	-0.000000	121.937539	0.000000	8.7
1448	-0.000000	121.890301	0.000000	8.9
1449	-0.000003	121.843112	0.000002	8.6
1450	-0.000000	121.795971	0.000000	9.6
1451	-1.669918	121.748879	0.013773	9.6
1452	-0.000000	121.701835	0.000000	8.6
1453	-1.205725	121.654840	0.006053	8.6
1454	-0.057751	121.607893	0.004007	7.8
1455	-0.701466	121.560994	0.005818	9.7
1456	-0.434904	121.514144	0.007067	8.7
1457	-0.271516	121.467342	0.004550	8.4
1458	-0.000000	121.420588	0.000000	10.4
1459	-1.682077	121.373882	0.013351	9.7
1460	-0.000000	121.327223	0.000000	9.0
1461	-1.679768	121.280613	0.010765	10.6
1462	-0.462551	121.234050	0.006586	8.3
1463	-0.000000	121.187535	0.000000	9.4
1464	-1.502380	121.141067	0.010179	10.0
1465	-0.442748	121.094647	0.007032	8.4
1466	-0.000023	121.048274	0.000011	8.6
1467	-1.596988	121.001949	0.013297	9.6
1468	-1.332525	120.955671	0.020100	15.8
1469	-1.389252	120.909440	0.011483	10.1
1470	-0.587179	120.863256	0.008678	7.9
1471	-1.366025	120.817119	0.018399	7.7
1472	-0.000001	120.771029	0.000001	7.1
1473	-1.559805	120.724986	0.011830	7.3
1474	-1.278579	120.678990	0.011185	15.8
1475	-1.187168	120.633040	0.012225	9.8
1476	-1.544821	120.587137	0.010493	8.3
1477	-1.309438	120.541281	0.009335	11.3
1478	-0.363460	120.495471	0.009609	10.8
1479	-0.118484	120.449707	0.003436	8.5
1480	-0.834200	120.403990	0.011796	11.3
1481	-0.000000	120.358319	0.000000	8.9
1482	-0.004026	120.312694	0.000421	9.5
1483	-0.521889	120.267115	0.009137	8.9
1484	-1.521105	120.221582	0.012996	8.6
1485	-0.536910	120.176096	0.009151	8.7
1486	-0.000283	120.130655	0.000083	8.5
1487	-1.281004	120.085260	0.007739	7.9
1488	-1.451106	120.039910	0.011985	10.0
1489	-0.030869	119.994606	0.001576	8.2
1490	-1.466622	119.949348	0.013363	9.1
1491	-0.000000	119.904135	0.000000	9.1
1492	-1.296258	119.858968	0.008622	8.6
1493	-0.015937	119.813846	0.000366	18.6
1494	-1.595731	119.768769	0.011985	9.3
1495	-1.601595	119.723738	0.010070	8.0
1496	-0.000000	119.678752	0.000000	11.4
1497	-0.000000	119.633810	0.000000	9.1
1498	-0.000000	119.588914	0.000000	8.2
1499	-0.000000	119.544062	0.000000	8.6
1500	-0.000000	119.499256	0.000000	8.4
1501	-1.471228	119.454494	0.016796	9.4
1502	-0.655203	119.409777	0.010159	10.8
1503	-0.435060	119.365104	0.006919	7.8
1504	-1.604948	119.320476	0.012293	8.5
1505	-0.000000	119.275893	0.000000	7.7
1506	-0.000000	119.231353	0.000000	8.8
1507	-0.007299	119.186859	0.000248	9.4
1508	-0.000000	119.142408	0.000000	7.6
1509	-1.093964	119.098002	0.009653	10.0
1510	-0.000122	119.053639	0.000051	8.7
1511	-0.000000	119.009321	0.000000	9.2
1512	-0.000000	118.965047	0.000000	9.1
1513	-0.454570	118.920816	0.008575	9.3
1514	-0.080472	118.876630	0.001716	8.8
1515	-0.000000	118.832487	0.000000	8.2
1516	-0.012204	118.788388	0.000513	9.2
1517	-0.546335	118.744332	0.003256	8.6
1518	-1.391777	118.700320	0.012158	9.2
1519	-0.000912	118.656352	0.000255	12.0
1520	-0.162291	118.612427	0.001502	8.7
1521	-1.475180	118.568545	0.023564	10.3
1522	-1.473509	118.524706	0.013950	10.5
1523	-0.000000	118.480911	0.000000	13.6
1524	-0.000000	118.437159	0.000000	9.2
1525	-0.000000	118.393450	0.000000	9.6
1526	-1.486398	118.349784	0.009851	8.8
1527	-1.393069	118.306160	0.016322	9.5
1528	-1.536844	118.262580	0.015716	9.0
1529	-0.003007	118.219042	0.000649	8.5
1530	-0.278488	118.175548	0.007208	11.5
1531	-1.464845	118.132095	0.009872	8.4
1532	-0.000000	118.088686	0.000000	8.5
1533	-0.029333	118.045319	0.001198	9.6
1534	-0.906698	118.001994	0.009122	9.4
1535	-1.307159	117.958712	0.007193	9.5
1536	-0.806032	117.915472	0.005527	7.8
1537	-1.135023	117.872274	0.006431	9.0
1538	-0.011952	117.829118	0.001152	7.9
1539	-0.000000	117.786005	0.000000	7.7
1540	-0.979827	117.742933	0.008396	9.2
1541	-0.000000	117.699904	0.000000	8.8
1542	-0.000000	117.656916	0.000000	8.6
1543	-1.029782	117.613971	0.012486	8.0
1544	-1.262388	117.571067	0.028549	8.4
1545	-1.576184	117.528205	0.015617	9.8
1546	-0.000000	117.485384	0.000000	7.5
1547	-1.353992	117.442605	0.021333	8.2
1548	-0.004259	117.399867	0.001118	8.3
1549	-0.000000	117.357171	0.000000	9.6
1550	-0.053741	117.314517	0.004357	9.1
1551	-0.000099	117.271903	0.000048	8.6
1552	-0.477244	117.229331	0.006508	13.8
1553	-0.000000	117.186800	0.000000	10.7
1554	-0.000000	117.144311	0.000000	8.5
1555	-1.484532	117.101862	0.012342	8.8
1556	-0.920013	117.059454	0.009310	10.8
1557	-1.064094	117.017087	0.018755	8.7
1558	-0.429273	116.974762	0.009942	9.7
1559	-0.103573	116.932476	0.002284	9.0
1560	-0.191827	116.890232	0.004992	8.8
1561	-0.714739	116.848028	0.008684	9.9
1562	-0.012390	116.805865	0.001210	9.4
1563	-1.456635	116.763743	0.019953	12.6
1564	-1.145792	116.721661	0.011617	8.8
1565	-1.102012	116.679619	0.013314	9.4
1566	-0.034250	116.637618	0.000793	9.2
1567	-0.258159	116.595657	0.005429	9.1
1568	-1.408217	116.553736	0.010787	7.7
1569	-0.938913	116.511855	0.013169	8.6
1570	-1.621441	116.470015	0.008928	9.8
1571	-0.018904	116.428214	0.000765	11.1
1572	-1.299262	116.386454	0.009070	12.4
1573	-0.000000	116.344733	0.000000	8.1
1574	-0.046772	116.303052	0.002683	9.5
1575	-0.222466	116.261412	0.004759	8.3
1576	-0.097401	116.219810	0.002792	8.5
1577	-0.000000	116.178249	0.000000	11.1
1578	-0.863803	116.136727	0.007126	12.1
1579	-0.027538	116.095245	0.003310	11.9
1580	-0.227128	116.053802	0.004073	8.9
1581	-0.000174	116.012398	0.000064	9.4
1582	-0.055597	115.971034	0.003555	9.4
1583	-1.578366	115.929710	0.025396	9.4
1584	-1.120237	115.888424	0.007598	9.2
1585	-1.569463	115.847178	0.012460	12.5
1586	-0.161333	115.805970	0.004333	7.2
1587	-0.000163	115.764802	0.000061	9.2
1588	-0.096526	115.723673	0.002641	7.5
1589	-1.122807	115.682583	0.020383	9.7
1590	-0.000000	115.641532	0.000000	8.8
1591	-0.118188	115.600519	0.003249	9.0
1592	-0.162240	115.559546	0.003796	12.5
1593	-0.118618	115.518610	0.005593	10.6
1594	-1.248865	115.477714	0.015643	9.1
1595	-0.142266	115.436856	0.003131	9.6
1596	-0.000000	115.396037	0.000000	10.7
1597	-0.850846	115.355256	0.007201	10.0
1598	-0.001105	115.314514	0.000254	12.2
1599	-0.031152	115.273810	0.001418	8.4
1600	-0.728863	115.233144	0.007986	9.8
1601	-1.612087	115.192517	0.019248	8.7
1602	-0.229958	115.151927	0.006566	8.9
1603	-0.000000	115.111376	0.000000	7.8
1604	-0.752271	115.070863	0.007659	10.3
1605	-0.613644	115.030388	0.007117	7.9
1606	-0.000000	114.989951	0.000000	9.4
1607	-0.000000	114.949551	0.000000	9.3
1608	-0.002019	114.909190	0.000352	7.7
1609	-0.003176	114.868866	0.000539	10.2
1610	-0.143449	114.828580	0.005279	9.5
1611	-0.050989	114.788332	0.001904	13.3
1612	-0.000000	114.748121	0.000000	10.2
1613	-0.001133	114.707948	0.000099	11.7
1614	-0.000000	114.667812	0.000000	11.4
1615	-1.161231	114.627714	0.015877	8.4
1616	-1.554250	114.587653	0.014608	8.5
1617	-0.101959	114.547629	0.003150	8.4
1618	-1.232205	114.507643	0.007521	10.7
1619	-1.118509	114.467693	0.006874	8.1
1620	-1.537575	114.427781	0.013936	11.9
1621	-1.539192	114.387907	0.016305	14.0
1622	-0.237541	114.348069	0.006533	7.8
1623	-1.320442	114.308268	0.011377	9.7
1624	-0.597816	114.268504	0.005484	13.2
1625	-1.520758	114.228777	0.021465	9.2
1626	-0.000000	114.189086	0.000000	8.6
1627	-0.361544	114.149433	0.002498	9.8
1628	-0.000000	114.109816	0.000000	8.2
1629	-0.213700	114.070235	0.005232	9.6
1630	-0.730485	114.030692	0.002134	9.2
1631	-1.198375	113.991185	0.009422	8.9
1632	-1.633736	113.951714	0.020877	9.4
1633	-0.823846	113.912280	0.010550	7.9
1634	-0.000000	113.872882	0.000000	11.0
1635	-1.362505	113.833521	0.008589	10.4
1636	-1.573327	113.794195	0.015016	8.8
1637	-0.210520	113.754906	0.006308	9.6
1638	-0.417021	113.715653	0.005651	8.3
1639	-1.428081	113.676437	0.010095	8.9
1640	-0.000000	113.637256	0.000000	9.2
1641	-0.056745	113.598111	0.003225	8.5
1642	-0.000000	113.559002	0.000000	8.0
1643	-0.677747	113.519929	0.008104	7.2
1644	-0.000000	113.480892	0.000000	9.5
1645	-0.000000	113.441891	0.000000	9.7
1646	-1.549633	113.402925	0.009749	8.7
1647	-1.443420	113.363995	0.017543	13.2
1648	-1.217571	113.325101	0.009597	10.2
1649	-1.265624	113.286242	0.018302	9.8
1650	-0.000000	113.247419	0.000000	9.3
1651	-0.265793	113.208631	0.003722	9.5
1652	-0.898792	113.169879	0.009896	10.2
1653	-0.023106	113.131162	0.001211	9.0
1654	-0.938462	113.092480	0.011710	8.4
1655	-0.000000	113.053833	0.000000	8.9
1656	-1.395524	113.015222	0.008379	9.9
1657	-0.415448	112.976646	0.005790	10.1
1658	-0.903060	112.938105	0.012330	9.4
1659	-0.901428	112.899599	0.010058	10.4
1660	-0.946316	112.861128	0.006017	12.1
1661	-0.000000	112.822692	0.000000	8.5
1662	-0.983714	112.784291	0.006723	9.6
1663	-0.000000	112.745924	0.000000	8.0
1664	-1.129085	112.707593	0.008518	10.3
1665	-0.000000	112.669296	0.000000	14.1
1666	-0.940821	112.631034	0.021627	8.6
1667	-0.013577	112.592806	0.001336	9.2
1668	-0.000000	112.554613	0.000000	10.8
1669	-1.618069	112.516455	0.022105	8.5
1670	-1.216606	112.478331	0.020138	17.3
1671	-0.039616	112.440241	0.001824	9.0
1672	-1.516686	112.402186	0.008859	8.5
1673	-0.000000	112.364165	0.000000	8.8
1674	-0.000000	112.326179	0.000000	8.6
1675	-0.027709	112.288227	0.001539	8.8
1676	-1.120401	112.250309	0.011368	10.2
1677	-1.048161	112.212425	0.011324	8.1
1678	-0.568927	112.174575	0.006728	10.2
1679	-0.090441	112.136759	0.003367	9.5
1680	-0.000000	112.098977	0.000000	9.3
1681	-0.167305	112.061229	0.004094	13.4
1682	-1.406501	112.023515	0.015449	9.0
1683	-0.000000	111.985834	0.000000	8.7
1684	-1.398856	111.948188	0.012945	10.2
1685	-1.568720	111.910575	0.015811	8.6
1686	-0.000000	111.872996	0.000000	9.7
1687	-0.000004	111.835450	0.000002	8.1
1688	-1.109525	111.797939	0.011484	8.4
1689	-0.000000	111.760460	0.000000	9.4
1690	-0.866251	111.723015	0.009904	8.6
1691	-0.102805	111.685604	0.002148	8.9
1692	-0.000000	111.648226	0.000000	8.9
1693	-0.175739	111.610881	0.003487	13.8
1694	-0.000000	111.573570	0.000000	15.2
1695	-0.617434	111.536292	0.005268	9.7
1696	-0.000000	111.499047	0.000000	8.8
1697	-0.031831	111.461835	0.001170	9.1
1698	-0.000111	111.424656	0.000021	9.5
1699	-0.000000	111.387510	0.000000	11.4
1700	-0.000000	111.350398	0.000000	8.4
1701	-0.767051	111.313318	0.011441	9.2
1702	-0.000000	111.276271	0.000000	10.1
1703	-0.110375	111.239257	0.002264	16.9
1704	-1.305587	111.202276	0.013507	9.5
1705	-0.576818	111.165328	0.010667	14.2
1706	-1.412750	111.128412	0.017006	9.2
1707	-1.643583	111.091529	0.016819	9.8
1708	-0.101714	111.054679	0.002425	12.3
1709	-0.021118	111.017861	0.002590	10.2
1710	-0.000258	110.981076	0.000084	8.5
1711	-0.766462	110.944323	0.007332	9.5
1712	-0.093471	110.907603	0.003850	12.1
1713	-0.278606	110.870915	0.006730	12.0
1714	-0.693153	110.834259	0.006532	13.4
1715	-1.008506	110.797636	0.006042	9.5
1716	-0.000000	110.761045	0.000000	8.7
1717	-0.000000	110.724486	0.000000	8.8
1718	-0.027297	110.687959	0.001464	10.2
1719	-1.411569	110.651465	0.018448	7.5
1720	-0.738508	110.615002	0.011524	10.4
1721	-0.219348	110.578572	0.005374	8.7
1722	-0.018901	110.542173	0.000923	12.8
1723	-1.338172	110.505807	0.010500	10.9
1724	-0.154651	110.469472	0.003462	8.4
1725	-1.330077	110.433169	0.017131	11.1
1726	-0.232189	110.396898	0.004361	8.8
1727	-0.000000	110.360659	0.000000	9.7
1728	-0.028506	110.324451	0.001788	9.4
1729	-0.345944	110.288276	0.007223	17.8
1730	-0.867587	110.252131	0.009414	7.4
1731	-0.844296	110.216019	0.009006	9.4
1732	-1.620828	110.179937	0.013434	9.1
1733	-1.402706	110.143888	0.019171	8.5
1734	-1.258567	110.107869	0.014845	8.7
1735	-0.760931	110.071882	0.006196	15.8
1736	-1.518793	110.035927	0.014321	10.4
1737	-0.077958	110.000003	0.001843	8.2
1738	-0.000000	109.964110	0.000000	9.0
1739	-1.108440	109.928248	0.006487	14.6
1740	-0.951949	109.892417	0.011328	8.8
1741	-1.321475	109.856618	0.018756	14.4
1742	-0.000000	109.820850	0.000000	8.6
1743	-0.000000	109.785112	0.000000	9.2
1744	-0.313607	109.749406	0.002177	8.2
1745	-1.551825	109.713730	0.013275	8.8
1746	-0.059718	109.678086	0.004149	7.8
1747	-1.387307	109.642472	0.017807	12.6
1748	-0.000000	109.606890	0.000000	8.8
1749	-0.000059	109.571337	0.000031	9.3
1750	-0.924483	109.535816	0.016320	10.2
1751	-0.000000	109.500326	0.000000	10.7
1752	-0.000000	109.464866	0.000000	10.3
1753	-0.108497	109.429436	0.002036	10.3
1754	-0.628667	109.394038	0.006227	9.3
1755	-1.611904	109.358669	0.027626	13.0
1756	-0.000000	109.323331	0.000000	14.5
1757	-1.639692	109.288024	0.019030	9.1
1758	-1.256347	109.252747	0.026547	19.4
1759	-1.554266	109.217501	0.010705	8.8
1760	-0.000000	109.182284	0.000000	8.1
1761	-1.078676	109.147098	0.006304	9.9
1762	-1.434728	109.111942	0.016838	10.4
1763	-1.375666	109.076817	0.009869	8.3
1764	-1.399866	109.041721	0.009200	9.0
1765	-0.000000	109.006656	0.000000	13.7
1766	-0.554798	108.971620	0.012450	7.7
1767	-1.452493	108.936615	0.013307	9.6
1768	-1.059139	108.901640	0.006583	8.4
1769	-0.000000	108.866694	0.000000	13.6
1770	-1.516161	108.831779	0.016882	9.8
1771	-0.322791	108.796893	0.005537	8.7
1772	-0.000000	108.762037	0.000000	9.5
1773	-1.206864	108.727211	0.013122	8.0
1774	-0.000058	108.692415	0.000023	9.1
1775	-0.000000	108.657648	0.000000	9.4
1776	-0.724254	108.622911	0.005918	9.0
1777	-0.000000	108.588203	0.000000	10.0
1778	-0.000000	108.553525	0.000000	10.1
1779	-0.036763	108.518877	0.002935	12.0
1780	-0.740887	108.484258	0.009236	9.4
1781	-0.002046	108.449668	0.000406	7.7
1782	-1.405691	108.415108	0.011391	8.6
1783	-0.476673	108.380578	0.004452	11.6
1784	-1.423902	108.346076	0.013815	8.6
1785	-1.504916	108.311604	0.008018	9.0
1786	-0.000000	108.277161	0.000000	9.1
1787	-1.251770	108.242747	0.018133	8.2
1788	-0.520416	108.208363	0.010139	9.8
1789	-1.375645	108.174007	0.022091	12.4
1790	-0.681174	108.139681	0.006767	8.5
1791	-0.720042	108.105383	0.008540	9.2
1792	-1.171482	108.071115	0.012594	7.4
1793	-0.048472	108.036875	0.002137	8.4
1794	-0.140480	108.002665	0.002219	8.7
1795	-0.145310	107.968483	0.002701	8.9
1796	-1.366395	107.934330	0.012623	10.1
1797	-1.459567	107.900206	0.010979	9.5
1798	-0.065843	107.866111	0.003060	10.0
1799	-0.143604	107.832044	0.005008	12.2
1800	-0.000000	107.798007	0.000000	9.9
1801	-0.998835	107.763997	0.013756	8.7
1802	-0.000000	107.730017	0.000000	9.5
1803	-0.575565	107.696065	0.007518	10.1
1804	-1.399025	107.662141	0.008463	8.5
1805	-1.663620	107.628246	0.021331	8.8
1806	-0.274084	107.594379	0.003070	9.3
1807	-1.340794	107.560541	0.016329	7.5
1808	-0.000000	107.526731	0.000000	9.7
1809	-0.000000	107.492949	0.000000	7.8
1810	-0.000000	107.459196	0.000000	8.9
1811	-0.000000	107.425471	0.000000	12.3
1812	-0.000000	107.391774	0.000000	8.1
1813	-0.000000	107.358106	0.000000	9.2
1814	-0.495708	107.324465	0.006852	9.8
1815	-0.000000	107.290853	0.000000	9.4
1816	-0.907997	107.257268	0.006797	11.1
1817	-0.780354	107.223712	0.005447	8.5
1818	-1.541729	107.190184	0.011295	9.0
1819	-1.477704	107.156683	0.013677	10.8
1820	-0.403890	107.123211	0.003989	7.8
1821	-0.000002	107.089766	0.000001	9.3
1822	-0.219113	107.056349	0.007881	15.6
1823	-0.963106	107.022960	0.011508	8.4
1824	-1.501968	106.989599	0.011291	7.8
1825	-0.112810	106.956265	0.004938	8.8
1826	-0.888122	106.922960	0.029637	8.1
1827	-1.410886	106.889681	0.019231	8.7
1828	-1.152486	106.856431	0.010699	8.5
1829	-0.321221	106.823208	0.002731	8.7
1830	-0.000000	106.790012	0.000000	12.3
1831	-1.406627	106.756844	0.014978	8.2
1832	-0.000000	106.723703	0.000000	10.0
1833	-0.174458	106.690590	0.004582	12.2
1834	-0.280478	106.657505	0.005334	8.7
1835	-0.000000	106.624446	0.000000	9.1
1836	-0.132125	106.591415	0.001755	9.0
1837	-1.274556	106.558411	0.006942	9.9
1838	-1.586501	106.525435	0.009979	8.5
1839	-0.851999	106.492485	0.007484	8.8
1840	-1.517464	106.459563	0.015032	9.8
1841	-0.005962	106.426668	0.000310	10.7
1842	-0.000084	106.393800	0.000034	8.3
1843	-0.555968	106.360959	0.009963	10.0
1844	-0.905580	106.328145	0.012265	7.7
1845	-0.000496	106.295358	0.000142	12.0
1846	-1.695771	106.262598	0.017193	10.5
1847	-0.676789	106.229865	0.004503	9.2
1848	-0.983569	106.197158	0.012452	10.0
1849	-0.000000	106.164479	0.000000	8.8
1850	-1.492666	106.131826	0.019229	9.8
1851	-1.152056	106.099201	0.006453	9.6
1852	-0.167976	106.066602	0.003222	9.6
1853	-0.325398	106.034029	0.006418	8.9
1854	-1.129619	106.001483	0.011227	10.1
1855	-0.000000	105.968964	0.000000	8.2
1856	-1.235062	105.936472	0.009403	8.9
1857	-0.253579	105.904006	0.004007	10.5
1858	-1.639184	105.871566	0.015218	9.4
1859	-0.000000	105.839153	0.000000	11.7
1860	-0.034753	105.806767	0.003045	8.9
1861	-0.154318	105.774407	0.003142	9.1
1862	-1.611691	105.742073	0.021380	11.9
1863	-1.255704	105.709766	0.015426	8.5
1864	-0.336397	105.677485	0.004415	8.6
1865	-0.000010	105.645230	0.000004	10.9
1866	-0.010957	105.613001	0.000563	9.2
1867	-0.000000	105.580799	0.000000	11.6
1868	-0.000788	105.548623	0.000213	8.9
1869	-1.635652	105.516473	0.016716	9.8
1870	-0.998581	105.484349	0.020878	9.0
1871	-0.029050	105.452251	0.002956	8.7
1872	-1.209959	105.420179	0.009352	8.8
1873	-0.000000	105.388133	0.000000	10.1
1874	-0.000000	105.356113	0.000000	9.8
1875	-0.765507	105.324119	0.007465	9.1
1876	-0.000000	105.292151	0.000000	8.6
1877	-0.145651	105.260209	0.005030	8.9
1878	-0.000001	105.228293	0.000000	8.1
1879	-1.056857	105.196402	0.007531	8.4
1880	-0.023531	105.164537	0.001798	13.7
1881	-1.457236	105.132698	0.008334	9.5
1882	-0.066752	105.100885	0.001792	8.8
1883	-0.803373	105.069097	0.006311	8.0
1884	-0.000002	105.037335	0.000001	10.9
1885	-1.544270	105.005598	0.012034	9.4
1886	-0.002051	104.973887	0.000566	8.0
1887	-1.633496	104.942202	0.010894	8.7
1888	-0.143555	104.910542	0.004083	8.3
1889	-0.000000	104.878907	0.000000	9.8
1890	-0.000000	104.847298	0.000000	9.2
1891	-1.378165	104.815715	0.016783	8.5
1892	-0.000000	104.784156	0.000000	7.7
1893	-0.000000	104.752623	0.000000	8.7
1894	-0.000000	104.721116	0.000000	11.3
1895	-1.575666	104.689633	0.016922	13.2
1896	-0.024981	104.658176	0.001728	9.0
1897	-1.168123	104.626744	0.008704	8.9
1898	-0.000000	104.595337	0.000000	8.7
1899	-0.000000	104.563955	0.000000	9.5
1900	-0.247912	104.532599	0.003753	8.8
1901	-0.000000	104.501267	0.000000	8.8
1902	-0.826483	104.469960	0.005998	10.1
1903	-0.145321	104.438679	0.003724	9.1
1904	-0.914778	104.407422	0.009578	8.8
1905	-1.082729	104.376191	0.015272	10.2
1906	-0.000000	104.344984	0.000000	8.2
1907	-0.067077	104.313802	0.003929	9.6
1908	-1.552572	104.282645	0.016345	8.0
1909	-1.622530	104.251513	0.015855	8.9
1910	-0.000000	104.220405	0.000000	9.7
1911	-0.969193	104.189323	0.013907	8.4
1912	-0.000000	104.158265	0.000000	12.5
1913	-0.599426	104.127231	0.010319	15.0
1914	-0.000000	104.096222	0.000000	7.0
1915	-1.449784	104.065238	0.007850	8.6
1916	-1.135438	104.034279	0.012022	7.6
1917	-0.177753	104.003344	0.006978	7.9
1918	-0.816335	103.972433	0.008927	9.9
1919	-0.000000	103.941547	0.000000	10.3
1920	-0.899016	103.910686	0.010522	8.5
1921	-1.059794	103.879849	0.007897	8.8
1922	-1.020768	103.849036	0.011136	10.2
1923	-0.000000	103.818248	0.000000	9.7
1924	-0.065113	103.787484	0.002010	8.1
1925	-0.000000	103.756744	0.000000	8.4
1926	-0.176122	103.726029	0.003172	9.4
1927	-1.017412	103.695338	0.006782	8.4
1928	-1.415355	103.664671	0.022353	18.2
1929	-0.410982	103.634028	0.006907	8.7
1930	-0.000000	103.603409	0.000000	9.6
1931	-0.204401	103.572814	0.005492	10.4
1932	-1.294476	103.542244	0.018503	8.9
1933	-0.060006	103.511698	0.002646	8.8
1934	-1.211409	103.481175	0.008032	10.0
1935	-0.000000	103.450677	0.000000	9.8
1936	-0.001090	103.420202	0.000384	7.8
1937	-1.271268	103.389752	0.013063	10.3
1938	-0.094085	103.359325	0.004434	9.7
1939	-0.000000	103.328922	0.000000	8.2
1940	-1.039704	103.298543	0.018699	8.7
1941	-1.055114	103.268188	0.011683	9.1
1942	-1.466364	103.237857	0.006120	10.3
1943	-0.000000	103.207549	0.000000	8.1
1944	-0.000000	103.177265	0.000000	9.5
1945	-0.000000	103.147005	0.000000	8.9
1946	-0.091869	103.116768	0.003181	8.2
1947	-1.029776	103.086556	0.010756	9.8
1948	-0.395917	103.056366	0.004850	7.8
1949	-1.598139	103.026200	0.008475	8.2
1950	-0.000088	102.996058	0.000028	8.9
1951	-0.511910	102.965939	0.004822	11.9
1952	-1.561093	102.935844	0.014446	9.3
1953	-0.000085	102.905772	0.000037	10.8
1954	-1.036138	102.875724	0.016154	8.3
1955	-0.488993	102.845699	0.005484	7.2
1956	-0.000000	102.815697	0.000000	8.9
1957	-1.371635	102.785719	0.009006	10.9
1958	-0.520069	102.755764	0.005033	9.4
1959	-1.416016	102.725832	0.018017	8.8
1960	-1.588414	102.695924	0.007010	8.3
1961	-1.222144	102.666038	0.008240	11.3
1962	-0.385589	102.636176	0.006082	9.1
1963	-1.331846	102.606337	0.011891	8.9
1964	-0.659088	102.576521	0.007550	7.6
1965	-0.863895	102.546728	0.012320	8.3
1966	-0.697629	102.516959	0.007395	7.5
1967	-0.000000	102.487212	0.000000	9.0
1968	-1.232086	102.457488	0.016862	9.9
1969	-0.919192	102.427788	0.015890	10.0
1970	-0.401891	102.398110	0.005766	9.0
1971	-0.263005	102.368455	0.005276	8.6
1972	-0.254479	102.338823	0.003946	9.6
1973	-1.247230	102.309214	0.006192	10.6
1974	-0.634055	102.279628	0.011742	7.9
1975	-0.079533	102.250064	0.001140	7.8
1976	-0.000000	102.220524	0.000000	30.9
1977	-0.800225	102.191006	0.006102	14.2
1978	-0.000000	102.161511	0.000000	8.2
1979	-1.551258	102.132038	0.012431	13.0
1980	-0.709484	102.102588	0.011074	19.0
1981	-0.000000	102.073161	0.000000	13.9
1982	-0.000000	102.043757	0.000000	10.2
1983	-1.231199	102.014375	0.009144	12.8
1984	-1.479597	101.985015	0.007612	9.0
1985	-0.867486	101.955678	0.013049	10.0
1986	-0.000003	101.926364	0.000002	9.1
1987	-1.368467	101.897072	0.020432	9.1
1988	-1.335088	101.867802	0.010401	9.8
1989	-0.320807	101.838555	0.003870	8.1
1990	-0.000000	101.809330	0.000000	9.9
1991	-0.000000	101.780128	0.000000	9.7
1992	-0.000000	101.750948	0.000000	8.8
1993	-0.822839	101.721790	0.008016	13.2
1994	-1.065619	101.692654	0.015252	8.8
1995	-1.568254	101.663541	0.026193	8.4
1996	-1.261733	101.634450	0.010340	12.7
1997	-0.976402	101.605381	0.018004	10.1
1998	-0.000000	101.576335	0.000000	9.8
1999	-0.000000	101.547310	0.000000	8.0
