1:ItNr	2:Metric	3:StepSize	4:||Gradient||	Time[ms]
0	-0.215352	627.201626	0.004330	672.1
1	-0.142472	623.504937	0.003999	15.2
2	-0.000000	619.865785	0.000000	16.2
3	-0.377592	616.282728	0.002756	12.1
4	-0.139046	612.754375	0.002431	13.2
5	-0.000018	609.279381	0.000030	13.2
6	-0.000000	605.856447	0.000000	12.0
7	-0.000000	602.484317	0.000000	13.1
8	-0.000000	599.161779	0.000000	12.5
9	-0.294180	595.887656	0.002855	11.9
10	-0.741942	592.660813	0.004713	13.5
11	-0.000000	589.480151	0.000000	13.4
12	-0.000000	586.344606	0.000000	11.6
13	-0.000000	583.253145	0.000000	12.9
14	-0.579693	580.204771	0.004183	13.0
15	-0.013084	577.198517	0.000283	12.0
16	-0.062017	574.233444	0.002959	13.6
17	-0.761045	571.308645	0.004394	14.7
18	-0.000000	568.423237	0.000000	11.4
19	-0.000000	565.576365	0.000000	13.8
20	-0.000000	562.767201	0.000000	12.5
21	-0.860925	559.994938	0.005568	11.9
22	-0.496213	557.258797	0.003285	15.9
23	-0.998202	554.558018	0.006425	15.5
24	-0.230510	551.891865	0.001926	13.2
25	-0.768206	549.259621	0.003758	12.1
26	-0.914424	546.660592	0.004582	21.2
27	-0.000000	544.094102	0.000000	11.5
28	-0.684804	541.559494	0.005187	13.4
29	-0.061702	539.056129	0.002142	12.1
30	-0.000000	536.583387	0.000000	12.9
31	-0.952171	534.140663	0.004457	13.1
32	-0.000000	531.727370	0.000000	11.8
33	-0.000000	529.342935	0.000000	12.4
34	-0.973166	526.986802	0.005406	14.8
35	-0.000000	524.658430	0.000000	12.1
36	-0.420360	522.357290	0.003094	12.5
37	-0.000000	520.082868	0.000000	12.1
38	-0.548240	517.834665	0.002784	14.2
39	-0.990862	515.612193	0.004058	15.3
40	-0.505173	513.414976	0.002928	12.5
41	-1.019702	511.242551	0.006091	11.4
42	-0.751580	509.094468	0.005074	12.7
43	-0.000000	506.970285	0.000000	12.3
44	-0.498796	504.869574	0.003636	12.9
45	-0.784083	502.791916	0.004544	13.3
46	-0.004299	500.736903	0.000005	11.9
47	-0.000000	498.704137	0.000000	13.1
48	-1.016650	496.693228	0.007545	11.7
49	-0.377923	494.703798	0.003709	13.0
50	-0.000000	492.735476	0.000000	12.0
51	-0.229074	490.787900	0.002162	12.3
52	-0.000000	488.860718	0.000000	13.4
53	-0.974181	486.953585	0.005292	12.5
54	-0.868421	485.066164	0.004136	13.0
55	-0.000000	483.198126	0.000000	11.5
56	-0.000000	481.349149	0.000000	12.0
57	-0.063742	479.518920	0.001789	13.7
58	-0.000000	477.707132	0.000000	12.3
59	-0.729903	475.913485	0.005920	12.6
60	-0.000000	474.137684	0.000000	12.7
61	-0.000000	472.379445	0.000000	13.5
62	-0.836228	470.638485	0.004832	12.3
63	-0.000000	468.914531	0.000000	12.9
64	-0.933583	467.207315	0.004538	12.5
65	-0.644349	465.516573	0.004815	13.3
66	-0.531788	463.842050	0.002997	12.5
67	-0.672112	462.183494	0.004305	12.1
68	-0.314960	460.540658	0.004215	12.1
69	-0.000000	458.913303	0.000000	13.5
70	-0.000362	457.301192	0.000016	11.0
71	-0.029447	455.704096	0.002580	16.3
72	-0.350811	454.121787	0.003702	12.2
73	-0.000000	452.554045	0.000000	12.1
74	-0.979511	451.000653	0.005972	11.9
75	-0.112525	449.461399	0.003430	11.5
76	-0.843255	447.936075	0.004261	12.9
77	-0.014211	446.424477	0.002304	11.8
78	-0.000000	444.926406	0.000000	12.2
79	-0.000000	443.441666	0.000000	12.5
80	-0.000000	441.970065	0.000000	12.1
81	-0.007722	440.511415	0.000212	13.1
82	-0.408635	439.065533	0.003426	20.4
83	-0.168920	437.632238	0.003376	13.5
84	-0.173427	436.211351	0.002107	12.2
85	-0.000000	434.802701	0.000000	12.8
86	-0.000000	433.406117	0.000000	12.4
87	-0.127502	432.021430	0.002201	17.4
88	-0.000000	430.648479	0.000000	12.5
89	-0.000000	429.287101	0.000000	12.6
90	-0.684218	427.937140	0.004036	13.5
91	-0.302187	426.598440	0.002412	12.5
92	-0.000000	425.270849	0.000000	12.1
93	-0.000000	423.954220	0.000000	16.0
94	-0.000000	422.648404	0.000000	12.2
95	-0.883360	421.353259	0.004245	12.7
96	-0.000000	420.068643	0.000000	11.7
97	-0.000000	418.794419	0.000000	18.2
98	-0.824733	417.530451	0.006152	17.9
99	-0.190082	416.276604	0.003399	16.7
100	-0.314420	415.032748	0.002619	17.1
101	-0.750570	413.798754	0.005285	11.7
102	-0.944342	412.574495	0.004947	14.2
103	-0.924448	411.359849	0.004678	12.2
104	-0.000000	410.154691	0.000000	13.2
105	-0.000075	408.958904	0.000006	12.9
106	-0.222750	407.772368	0.001756	11.8
107	-0.672933	406.594968	0.003376	13.5
108	-0.421462	405.426590	0.003345	12.3
109	-0.000000	404.267122	0.000000	12.0
110	-0.000000	403.116456	0.000000	12.7
111	-0.829301	401.974481	0.004058	12.2
112	-0.764264	400.841093	0.005067	13.1
113	-0.000000	399.716187	0.000000	12.1
114	-0.126046	398.599660	0.002174	11.8
115	-0.295636	397.491411	0.002038	12.9
116	-0.000000	396.391342	0.000000	11.1
117	-0.000000	395.299353	0.000000	13.4
118	-0.000000	394.215350	0.000000	13.8
119	-0.000000	393.139238	0.000000	11.7
120	-0.000000	392.070924	0.000000	13.2
121	-0.429112	391.010316	0.003303	12.0
122	-0.574360	389.957325	0.003499	12.3
123	-0.000000	388.911862	0.000000	15.1
124	-0.000000	387.873839	0.000000	15.3
125	-0.000000	386.843173	0.000000	15.3
126	-0.000000	385.819777	0.000000	13.2
127	-0.069892	384.803569	0.000859	13.9
128	-0.906320	383.794468	0.005863	12.7
129	-0.012392	382.792393	0.001305	12.7
130	-0.072335	381.797264	0.001359	12.9
131	-0.000000	380.809005	0.000000	11.9
132	-0.000000	379.827537	0.000000	11.6
133	-0.000000	378.852786	0.000000	13.5
134	-0.611582	377.884678	0.003613	12.2
135	-0.000000	376.923138	0.000000	12.5
136	-0.347339	375.968095	0.002683	12.6
137	-1.113420	375.019479	0.006474	11.3
138	-0.657932	374.077218	0.004451	11.5
139	-0.000000	373.141244	0.000000	13.4
140	-0.677781	372.211489	0.004970	12.8
141	-0.000000	371.287887	0.000000	14.6
142	-0.613136	370.370370	0.004444	12.3
143	-0.000000	369.458876	0.000000	13.8
144	-0.000000	368.553338	0.000000	11.9
145	-0.714097	367.653696	0.004722	12.8
146	-0.891296	366.759885	0.003639	11.8
147	-0.089050	365.871846	0.002029	11.6
148	-0.802545	364.989518	0.004694	12.6
149	-1.004230	364.112841	0.005096	11.8
150	-0.839444	363.241757	0.005481	12.7
151	-0.000000	362.376208	0.000000	12.8
152	-0.842461	361.516137	0.006034	11.4
153	-0.043816	360.661488	0.000422	16.8
154	-0.000000	359.812206	0.000000	12.8
155	-0.000000	358.968236	0.000000	11.6
156	-0.827426	358.129524	0.004236	12.4
157	-0.000000	357.296018	0.000000	12.1
158	-0.000001	356.467665	0.000002	13.9
159	-0.803527	355.644414	0.005075	13.9
160	-0.066386	354.826213	0.001232	14.2
161	-0.000000	354.013012	0.000000	11.8
162	-0.066396	353.204763	0.001950	13.3
163	-0.000000	352.401415	0.000000	12.1
164	-0.000000	351.602922	0.000000	18.4
165	-0.000000	350.809235	0.000000	11.2
166	-0.887304	350.020308	0.004011	14.0
167	-0.000000	349.236095	0.000000	15.3
168	-0.000000	348.456550	0.000000	23.0
169	-0.535094	347.681627	0.003673	12.6
170	-0.634252	346.911283	0.003146	12.7
171	-0.000000	346.145474	0.000000	12.8
172	-0.000000	345.384157	0.000000	11.2
173	-0.000000	344.627288	0.000000	12.7
174	-0.874088	343.874826	0.004900	12.8
175	-0.000000	343.126729	0.000000	12.3
176	-0.000000	342.382957	0.000000	13.4
177	-0.000000	341.643469	0.000000	12.1
178	-0.183069	340.908224	0.003120	12.5
179	-0.000000	340.177184	0.000000	11.5
180	-0.313012	339.450309	0.002979	11.7
181	-1.112743	338.727561	0.006508	14.5
182	-1.110973	338.008902	0.005836	11.9
183	-0.000000	337.294295	0.000000	11.5
184	-0.942228	336.583703	0.004528	13.1
185	-0.026321	335.877089	0.001211	13.2
186	-0.000000	335.174416	0.000000	11.7
187	-0.807837	334.475651	0.005631	12.3
188	-0.100644	333.780756	0.002392	13.1
189	-0.744287	333.089698	0.003299	13.5
190	-0.000000	332.402443	0.000000	15.1
191	-0.254926	331.718955	0.002207	13.7
192	-0.004254	331.039203	0.000082	11.8
193	-0.000000	330.363153	0.000000	13.7
194	-0.000000	329.690771	0.000000	12.5
195	-0.870078	329.022027	0.004576	15.9
196	-0.000000	328.356888	0.000000	12.5
197	-0.000000	327.695322	0.000000	14.1
198	-0.891046	327.037299	0.004332	11.3
199	-0.715914	326.382787	0.004980	12.5
200	-0.000000	325.731758	0.000000	12.8
201	-0.000000	325.084179	0.000000	13.0
202	-0.000000	324.440023	0.000000	12.1
203	-1.004489	323.799258	0.005659	14.1
204	-0.178715	323.161858	0.002570	14.3
205	-0.637408	322.527792	0.003692	12.7
206	-0.826302	321.897034	0.003869	11.7
207	-0.003156	321.269554	0.000177	12.3
208	-0.639358	320.645325	0.004512	11.6
209	-0.962661	320.024320	0.004963	14.5
210	-0.982716	319.406512	0.005842	16.4
211	-0.000000	318.791875	0.000000	13.0
212	-0.000000	318.180381	0.000000	12.2
213	-0.000000	317.572005	0.000000	12.2
214	-0.050186	316.966721	0.000429	13.2
215	-0.022420	316.364504	0.000704	11.7
216	-0.270261	315.765329	0.002306	14.1
217	-0.160818	315.169170	0.002826	11.6
218	-0.709549	314.576003	0.003573	12.8
219	-0.715386	313.985804	0.004816	12.7
220	-0.332702	313.398548	0.003532	12.8
221	-1.002126	312.814213	0.004955	13.7
222	-0.255609	312.232773	0.001972	12.3
223	-0.042296	311.654207	0.000974	19.3
224	-0.000000	311.078491	0.000000	13.1
225	-0.000000	310.505602	0.000000	12.1
226	-0.000000	309.935518	0.000000	12.0
227	-0.000000	309.368217	0.000000	12.4
228	-0.000000	308.803676	0.000000	12.7
229	-0.000000	308.241874	0.000000	12.8
230	-0.437144	307.682789	0.002842	11.5
231	-0.918418	307.126400	0.004527	15.7
232	-0.915252	306.572687	0.005431	13.0
233	-0.929654	306.021627	0.003616	12.0
234	-0.656287	305.473201	0.004853	16.8
235	-0.548675	304.927388	0.003303	10.8
236	-0.902731	304.384168	0.004258	12.2
237	-0.000000	303.843521	0.000000	36.5
238	-0.583887	303.305427	0.003084	12.3
239	-0.615252	302.769867	0.004150	11.8
240	-0.467828	302.236821	0.003525	12.8
241	-0.677783	301.706270	0.004917	12.3
242	-0.779223	301.178196	0.004682	13.6
243	-0.955750	300.652580	0.004565	12.8
244	-0.000000	300.129402	0.000000	17.3
245	-0.000000	299.608645	0.000000	15.6
246	-0.015866	299.090291	0.001197	11.9
247	-0.908762	298.574321	0.006052	12.9
248	-0.716000	298.060718	0.004102	12.0
249	-0.256581	297.549465	0.002785	11.6
250	-0.315179	297.040543	0.002320	16.0
251	-0.944980	296.533936	0.004291	12.7
252	-0.204147	296.029626	0.001390	12.5
253	-0.533167	295.527597	0.003305	11.5
254	-1.058622	295.027832	0.006201	13.1
255	-0.000000	294.530315	0.000000	12.8
256	-0.087825	294.035028	0.001300	12.7
257	-0.000000	293.541956	0.000000	12.1
258	-0.008297	293.051083	0.000836	19.3
259	-0.407873	292.562393	0.003414	13.1
260	-0.740283	292.075870	0.004734	15.1
261	-0.742935	291.591498	0.004853	12.4
262	-0.331030	291.109263	0.002380	12.6
263	-0.680962	290.629149	0.003123	12.3
264	-0.733270	290.151140	0.003879	13.2
265	-0.000000	289.675222	0.000000	14.0
266	-0.000027	289.201380	0.000036	12.3
267	-0.618909	288.729600	0.003652	16.5
268	-1.043542	288.259866	0.005933	13.1
269	-0.002744	287.792165	0.000868	13.0
270	-0.000000	287.326481	0.000000	11.9
271	-0.000000	286.862802	0.000000	19.3
272	-0.966773	286.401113	0.004527	13.8
273	-0.491483	285.941400	0.003135	15.8
274	-0.000000	285.483649	0.000000	11.4
275	-0.000000	285.027847	0.000000	14.3
276	-0.000000	284.573981	0.000000	12.3
277	-0.000000	284.122037	0.000000	15.3
278	-0.000000	283.672002	0.000000	14.6
279	-0.728178	283.223863	0.003473	17.5
280	-0.050972	282.777607	0.001224	18.3
281	-0.000000	282.333221	0.000000	17.7
282	-0.801230	281.890692	0.004597	17.9
283	-0.938853	281.450008	0.004639	29.6
284	-0.000000	281.011157	0.000000	18.5
285	-1.017761	280.574125	0.005590	18.4
286	-0.072097	280.138901	0.001465	17.7
287	-0.000000	279.705473	0.000000	16.8
288	-0.000000	279.273829	0.000000	19.4
289	-0.000000	278.843956	0.000000	18.0
290	-0.046919	278.415844	0.001568	17.4
291	-1.027626	277.989479	0.006921	16.4
292	-0.804723	277.564851	0.004195	15.3
293	-0.615473	277.141949	0.003166	17.9
294	-0.000000	276.720761	0.000000	17.6
295	-0.000000	276.301275	0.000000	17.0
296	-0.000000	275.883480	0.000000	15.9
297	-0.000000	275.467366	0.000000	15.7
298	-0.000000	275.052922	0.000000	17.1
299	-0.565298	274.640136	0.004466	17.2
300	-0.000000	274.228998	0.000000	16.3
301	-0.000000	273.819497	0.000000	16.7
302	-0.000000	273.411623	0.000000	17.6
303	-0.399591	273.005365	0.002977	16.4
304	-0.881650	272.600712	0.006716	15.2
305	-0.880734	272.197655	0.004223	17.5
306	-1.091414	271.796184	0.006362	17.3
307	-0.269624	271.396287	0.002397	17.7
308	-0.734004	270.997956	0.003433	17.3
309	-0.339827	270.601180	0.002432	12.5
310	-0.301070	270.205949	0.002520	13.0
311	-0.000000	269.812254	0.000000	12.1
312	-0.028419	269.420085	0.000678	12.0
313	-0.000000	269.029432	0.000000	12.3
314	-0.041400	268.640287	0.002212	14.0
315	-0.760806	268.252638	0.003818	11.7
316	-0.810184	267.866478	0.004185	12.0
317	-0.000000	267.481796	0.000000	11.5
318	-0.145240	267.098584	0.001232	13.7
319	-0.017775	266.716833	0.002601	15.3
320	-0.904236	266.336533	0.004127	13.1
321	-0.427457	265.957676	0.002775	14.0
322	-0.911083	265.580253	0.004127	13.3
323	-0.567966	265.204254	0.003885	12.2
324	-0.116587	264.829672	0.001416	11.7
325	-0.000000	264.456497	0.000000	13.7
326	-0.104386	264.084721	0.002987	14.8
327	-0.000000	263.714335	0.000000	11.3
328	-0.643998	263.345332	0.003646	12.5
329	-0.106411	262.977702	0.002048	11.8
330	-0.706036	262.611438	0.004317	11.6
331	-0.134589	262.246531	0.002233	15.0
332	-0.000000	261.882973	0.000000	29.3
333	-0.000000	261.520756	0.000000	11.5
334	-0.906772	261.159871	0.004557	12.5
335	-0.040062	260.800312	0.002484	12.0
336	-0.930259	260.442070	0.004288	12.6
337	-0.143126	260.085137	0.002602	12.1
338	-0.187262	259.729505	0.002389	12.8
339	-0.116069	259.375167	0.001272	16.9
340	-0.000000	259.022116	0.000000	12.6
341	-0.000000	258.670343	0.000000	12.3
342	-0.000000	258.319841	0.000000	11.2
343	-0.916968	257.970602	0.004484	13.3
344	-0.420842	257.622620	0.002876	12.3
345	-0.000000	257.275887	0.000000	13.0
346	-0.512443	256.930396	0.002674	11.7
347	-0.000000	256.586139	0.000000	14.3
348	-0.828552	256.243109	0.003843	13.1
349	-1.034607	255.901300	0.005617	12.3
350	-0.993241	255.560703	0.005690	11.9
351	-0.004185	255.221313	0.000118	11.3
352	-0.000000	254.883122	0.000000	13.3
353	-0.006699	254.546124	0.001934	12.2
354	-0.336964	254.210311	0.003150	11.8
355	-0.249011	253.875677	0.002190	11.7
356	-0.984398	253.542215	0.005033	12.9
357	-0.935555	253.209918	0.004818	12.5
358	-1.001047	252.878781	0.005363	11.2
359	-0.190172	252.548795	0.001380	11.8
360	-0.873531	252.219956	0.004111	13.2
361	-0.000000	251.892255	0.000000	14.1
362	-0.000000	251.565688	0.000000	15.0
363	-0.000000	251.240247	0.000000	10.8
364	-0.603347	250.915926	0.002916	16.6
365	-0.878472	250.592720	0.004586	13.4
366	-0.000000	250.270621	0.000000	11.9
367	-0.955881	249.949624	0.005309	12.8
368	-0.278287	249.629723	0.002811	12.4
369	-0.000000	249.310911	0.000000	14.8
370	-0.933792	248.993182	0.005342	12.1
371	-0.000000	248.676531	0.000000	13.6
372	-0.802514	248.360952	0.004218	12.6
373	-0.805320	248.046438	0.005869	13.0
374	-0.221631	247.732984	0.001751	11.7
375	-1.011784	247.420584	0.004401	12.3
376	-0.926271	247.109233	0.004877	13.7
377	-0.025744	246.798924	0.001553	12.3
378	-0.939236	246.489652	0.004715	11.6
379	-0.000000	246.181412	0.000000	12.7
380	-0.905859	245.874197	0.004479	12.1
381	-0.000000	245.568002	0.000000	12.6
382	-0.000000	245.262822	0.000000	17.0
383	-0.847560	244.958652	0.004729	12.4
384	-0.000000	244.655485	0.000000	12.4
385	-0.000000	244.353317	0.000000	11.9
386	-0.000000	244.052142	0.000000	11.1
387	-0.963960	243.751955	0.005243	13.7
388	-1.076637	243.452750	0.005579	15.4
389	-0.038807	243.154523	0.000868	12.1
390	-0.628598	242.857268	0.003404	11.7
391	-0.000000	242.560980	0.000000	12.9
392	-0.016320	242.265654	0.000354	12.1
393	-0.724071	241.971285	0.003887	13.4
394	-0.295523	241.677868	0.002537	14.8
395	-0.787043	241.385397	0.004714	12.3
396	-0.034820	241.093869	0.000590	12.4
397	-0.170249	240.803278	0.001618	12.4
398	-0.918203	240.513619	0.005371	12.6
399	-0.790403	240.224887	0.004780	12.9
400	-0.286421	239.937077	0.003189	12.9
401	-0.882259	239.650186	0.004181	11.6
402	-0.876183	239.364207	0.005580	13.6
403	-0.000000	239.079136	0.000000	11.6
404	-0.000000	238.794969	0.000000	13.7
405	-0.000000	238.511701	0.000000	14.8
406	-0.089067	238.229327	0.001276	13.7
407	-0.429255	237.947843	0.003950	12.0
408	-0.046050	237.667244	0.001299	12.3
409	-0.000000	237.387526	0.000000	12.5
410	-0.000000	237.108684	0.000000	10.8
411	-0.216053	236.830714	0.002942	18.0
412	-0.000000	236.553610	0.000000	15.5
413	-0.966932	236.277370	0.004755	15.5
414	-0.000000	236.001989	0.000000	13.3
415	-0.263739	235.727461	0.002385	12.3
416	-0.897133	235.453784	0.003647	13.3
417	-0.000190	235.180952	0.000242	12.8
418	-0.742151	234.908962	0.003737	11.9
419	-0.694477	234.637809	0.004093	14.3
420	-0.003518	234.367488	0.000145	12.6
421	-0.048467	234.097997	0.000632	11.9
422	-0.106175	233.829331	0.001968	12.4
423	-0.000000	233.561485	0.000000	11.7
424	-0.636122	233.294456	0.003679	13.8
425	-0.772419	233.028239	0.005023	11.4
426	-0.793227	232.762831	0.003731	12.2
427	-0.672317	232.498228	0.005288	13.3
428	-0.000000	232.234425	0.000000	11.7
429	-0.361832	231.971419	0.002464	13.4
430	-0.484665	231.709205	0.002675	13.2
431	-1.059084	231.447781	0.004764	11.6
432	-0.000000	231.187141	0.000000	12.1
433	-0.000000	230.927283	0.000000	13.4
434	-0.021664	230.668202	0.000737	12.2
435	-0.029167	230.409895	0.001574	12.7
436	-0.964116	230.152358	0.004293	13.2
437	-0.135724	229.895587	0.001472	11.9
438	-0.000000	229.639578	0.000000	13.2
439	-0.962731	229.384329	0.004439	12.2
440	-0.289968	229.129834	0.004118	20.3
441	-0.000000	228.876091	0.000000	10.3
442	-0.152086	228.623096	0.002276	15.7
443	-0.265686	228.370846	0.002130	11.2
444	-0.528836	228.119336	0.003615	12.8
445	-0.000000	227.868563	0.000000	12.4
446	-0.761728	227.618525	0.004122	11.7
447	-0.258821	227.369216	0.002517	13.4
448	-0.968993	227.120635	0.004165	14.1
449	-0.000000	226.872777	0.000000	12.6
450	-0.099337	226.625638	0.001648	12.0
451	-0.000000	226.379217	0.000000	13.9
452	-0.069423	226.133509	0.001826	12.5
453	-0.000000	225.888510	0.000000	12.8
454	-0.614027	225.644218	0.004513	15.1
455	-0.440850	225.400630	0.002739	16.2
456	-1.075566	225.157741	0.005512	12.3
457	-0.571140	224.915549	0.003021	13.2
458	-0.000000	224.674051	0.000000	11.9
459	-0.000000	224.433242	0.000000	12.4
460	-0.190456	224.193121	0.002308	14.9
461	-0.200764	223.953684	0.003286	11.8
462	-0.030296	223.714927	0.001846	14.9
463	-0.000000	223.476848	0.000000	13.4
464	-0.604431	223.239444	0.003781	12.7
465	-0.679690	223.002710	0.003740	11.9
466	-0.728896	222.766645	0.003857	12.9
467	-0.529534	222.531245	0.004590	17.8
468	-0.000000	222.296508	0.000000	17.8
469	-1.003026	222.062429	0.004866	19.3
470	-0.100546	221.829007	0.002301	18.1
471	-1.021853	221.596238	0.004502	17.8
472	-0.240313	221.364119	0.001614	13.0
473	-0.984248	221.132647	0.006253	14.8
474	-0.000000	220.901820	0.000000	16.0
475	-0.100174	220.671634	0.001476	22.7
476	-0.733135	220.442086	0.004666	18.3
477	-0.830192	220.213174	0.003878	16.5
478	-0.855086	219.984895	0.004428	12.1
479	-0.000000	219.757246	0.000000	13.0
480	-0.770893	219.530224	0.005549	11.5
481	-0.645792	219.303826	0.004172	11.9
482	-0.000000	219.078050	0.000000	13.4
483	-0.000000	218.852893	0.000000	13.2
484	-0.290468	218.628352	0.003624	12.3
485	-0.013034	218.404424	0.000996	13.1
486	-0.456256	218.181106	0.003384	12.2
487	-0.000000	217.958397	0.000000	12.8
488	-0.971154	217.736292	0.005114	12.6
489	-0.893332	217.514790	0.004220	12.7
490	-0.314409	217.293888	0.002412	11.3
491	-0.250117	217.073584	0.002012	12.8
492	-0.000000	216.853873	0.000000	12.0
493	-0.000000	216.634755	0.000000	12.6
494	-0.212907	216.416227	0.002741	13.3
495	-0.000000	216.198285	0.000000	11.2
496	-0.882109	215.980927	0.003945	14.0
497	-0.868769	215.764151	0.004286	12.0
498	-0.033547	215.547955	0.000913	14.6
499	-0.316364	215.332335	0.003736	36.2
500	-0.658693	215.117289	0.004485	43.9
501	-0.684658	214.902815	0.003855	22.4
502	-0.000000	214.688911	0.000000	21.3
503	-0.000000	214.475573	0.000000	18.1
504	-1.020607	214.262800	0.005581	15.4
505	-0.000000	214.050588	0.000000	21.2
506	-0.315102	213.838936	0.002228	16.1
507	-0.140895	213.627842	0.001750	17.0
508	-0.000000	213.417302	0.000000	18.0
509	-0.901356	213.207314	0.004753	19.7
510	-0.868769	212.997877	0.004726	17.1
511	-0.909983	212.788987	0.005476	22.9
512	-0.948664	212.580642	0.004087	21.3
513	-0.000000	212.372841	0.000000	13.8
514	-0.045050	212.165581	0.002339	20.7
515	-0.096556	211.958859	0.002780	16.1
516	-0.883151	211.752673	0.003802	19.8
517	-0.678086	211.547021	0.003707	19.2
518	-0.000000	211.341902	0.000000	14.9
519	-0.024626	211.137311	0.001158	19.5
520	-0.012958	210.933248	0.000767	18.9
521	-0.746062	210.729710	0.004571	19.7
522	-0.723739	210.526695	0.004448	17.1
523	-0.769682	210.324200	0.005512	16.1
524	-0.014564	210.122224	0.001095	19.6
525	-0.000000	209.920765	0.000000	16.1
526	-0.435564	209.719820	0.002561	15.3
527	-0.000000	209.519387	0.000000	14.8
528	-0.000000	209.319463	0.000000	16.6
529	-0.366411	209.120048	0.002644	15.7
530	-0.000000	208.921139	0.000000	10.9
531	-0.000000	208.722733	0.000000	14.0
532	-0.270609	208.524829	0.002363	15.0
533	-0.000000	208.327425	0.000000	17.6
534	-0.003611	208.130518	0.000053	14.8
535	-0.870997	207.934107	0.004636	16.9
536	-0.002272	207.738189	0.001124	12.1
537	-0.000000	207.542762	0.000000	14.3
538	-0.175549	207.347825	0.002078	18.5
539	-0.000000	207.153376	0.000000	19.0
540	-1.120276	206.959412	0.005412	15.2
541	-0.015452	206.765932	0.001609	20.0
542	-0.000000	206.572933	0.000000	18.0
543	-1.026791	206.380414	0.004837	15.8
544	-0.000000	206.188373	0.000000	14.2
545	-0.619006	205.996807	0.003117	17.6
546	-1.138883	205.805716	0.005949	22.2
547	-0.373036	205.615096	0.002056	17.3
548	-0.000000	205.424946	0.000000	17.7
549	-0.966715	205.235265	0.005031	14.7
550	-0.632038	205.046050	0.003835	15.2
551	-0.905538	204.857299	0.005523	21.5
552	-0.105987	204.669011	0.003183	21.2
553	-0.698843	204.481184	0.003831	18.3
554	-0.774627	204.293816	0.004272	21.6
555	-1.040214	204.106905	0.004974	20.6
556	-0.288786	203.920449	0.003128	22.7
557	-0.652327	203.734447	0.003831	22.4
558	-0.000000	203.548896	0.000000	29.6
559	-0.830762	203.363795	0.003850	20.1
560	-0.019321	203.179143	0.000647	11.6
561	-0.767930	202.994937	0.003856	12.6
562	-0.000000	202.811176	0.000000	12.6
563	-0.778521	202.627857	0.003760	18.0
564	-0.163514	202.444980	0.002978	17.7
565	-0.929259	202.262543	0.004646	21.5
566	-0.216912	202.080543	0.002589	27.9
567	-0.560981	201.898979	0.003504	28.6
568	-0.904486	201.717849	0.004993	151.6
569	-0.000000	201.537153	0.000000	43.4
570	-0.687570	201.356887	0.004846	21.5
571	-0.151204	201.177050	0.001644	23.1
572	-0.000000	200.997642	0.000000	25.6
573	-0.455973	200.818659	0.003590	29.3
574	-0.317060	200.640100	0.002326	19.7
575	-0.981750	200.461965	0.004025	21.5
576	-0.000000	200.284250	0.000000	21.9
577	-1.056175	200.106955	0.004916	11.3
578	-0.759382	199.930078	0.004107	15.5
579	-0.110574	199.753617	0.001910	16.5
580	-0.203870	199.577571	0.001887	21.2
581	-0.041703	199.401938	0.001327	18.7
582	-0.000000	199.226717	0.000000	26.2
583	-0.803040	199.051905	0.004284	19.4
584	-0.229190	198.877502	0.002111	22.8
585	-0.000000	198.703506	0.000000	18.1
586	-0.801032	198.529916	0.003393	18.4
587	-0.745818	198.356729	0.003764	22.5
588	-0.634464	198.183944	0.005158	20.6
589	-0.000000	198.011560	0.000000	30.0
590	-0.000000	197.839576	0.000000	22.3
591	-0.000000	197.667989	0.000000	44.8
592	-0.000000	197.496798	0.000000	19.7
593	-1.017338	197.326002	0.004982	16.5
594	-0.000000	197.155600	0.000000	14.7
595	-0.913523	196.985589	0.005658	16.5
596	-0.636677	196.815969	0.003433	18.7
597	-0.617055	196.646738	0.003901	19.4
598	-0.000000	196.477894	0.000000	19.1
599	-0.000000	196.309436	0.000000	19.5
600	-0.104402	196.141363	0.001444	19.1
601	-0.846674	195.973673	0.004119	17.6
602	-0.936508	195.806365	0.003713	17.8
603	-0.010607	195.639437	0.000860	18.7
604	-0.000000	195.472888	0.000000	17.7
605	-0.050447	195.306717	0.002281	18.8
606	-0.000000	195.140922	0.000000	17.6
607	-0.000000	194.975501	0.000000	18.5
608	-0.000000	194.810454	0.000000	17.5
609	-0.284576	194.645779	0.002317	17.8
610	-0.931359	194.481475	0.005625	20.8
611	-1.086499	194.317540	0.005501	18.3
612	-0.430227	194.153973	0.002750	18.0
613	-0.000000	193.990773	0.000000	17.6
614	-0.000000	193.827938	0.000000	18.2
615	-0.000000	193.665467	0.000000	17.9
616	-0.000000	193.503358	0.000000	17.5
617	-0.788673	193.341611	0.003918	17.9
618	-0.000000	193.180224	0.000000	19.9
619	-0.002647	193.019196	0.000203	18.0
620	-0.000001	192.858525	0.000001	19.5
621	-0.650315	192.698210	0.003578	17.1
622	-0.526233	192.538251	0.002949	18.3
623	-0.039457	192.378644	0.000886	17.8
624	-0.894166	192.219391	0.006009	19.0
625	-0.807084	192.060488	0.004078	17.7
626	-0.912196	191.901935	0.004206	18.8
627	-0.885302	191.743730	0.004574	18.9
628	-0.000011	191.585873	0.000006	18.5
629	-0.504562	191.428362	0.003303	19.3
630	-1.063737	191.271196	0.004878	19.5
631	-0.000000	191.114374	0.000000	20.0
632	-0.953119	190.957893	0.003794	18.5
633	-0.489643	190.801755	0.002591	18.1
634	-0.000000	190.645956	0.000000	18.2
635	-0.883264	190.490495	0.003968	18.3
636	-0.187765	190.335373	0.002063	19.2
637	-0.849066	190.180587	0.004306	19.3
638	-0.113065	190.026136	0.001726	18.0
639	-0.001692	189.872019	0.000350	17.2
640	-0.000000	189.718235	0.000000	18.1
641	-0.010242	189.564782	0.000440	19.1
642	-0.864775	189.411661	0.003501	13.1
643	-1.071796	189.258868	0.005924	12.7
644	-0.043718	189.106404	0.000415	12.5
645	-0.542183	188.954267	0.003448	16.3
646	-0.000000	188.802456	0.000000	11.7
647	-0.062492	188.650969	0.002330	16.8
648	-0.826282	188.499807	0.004107	12.8
649	-0.000000	188.348967	0.000000	15.0
650	-0.286743	188.198448	0.002969	12.4
651	-0.000000	188.048250	0.000000	12.4
652	-0.000000	187.898371	0.000000	12.2
653	-0.022010	187.748810	0.000522	13.5
654	-0.367211	187.599566	0.002188	11.5
655	-0.000000	187.450638	0.000000	12.3
656	-0.000000	187.302025	0.000000	12.8
657	-0.000000	187.153725	0.000000	12.7
658	-0.483474	187.005739	0.003271	12.7
659	-0.000000	186.858064	0.000000	10.9
660	-0.528829	186.710699	0.003379	14.2
661	-0.000000	186.563645	0.000000	12.0
662	-0.000000	186.416898	0.000000	13.3
663	-0.000000	186.270459	0.000000	12.2
664	-0.000000	186.124326	0.000000	12.9
665	-0.780692	185.978499	0.005000	14.2
666	-0.067267	185.832976	0.001818	13.0
667	-0.530938	185.687756	0.002857	14.8
668	-0.852646	185.542838	0.003752	12.6
669	-0.951016	185.398222	0.005872	14.2
670	-0.976760	185.253906	0.004512	12.0
671	-0.000000	185.109889	0.000000	13.7
672	-0.719465	184.966170	0.003936	13.4
673	-0.000000	184.822748	0.000000	12.6
674	-0.000000	184.679623	0.000000	15.4
675	-0.678170	184.536792	0.005801	12.3
676	-1.107342	184.394256	0.005435	12.0
677	-0.000000	184.252013	0.000000	20.2
678	-0.000000	184.110062	0.000000	17.8
679	-0.000000	183.968403	0.000000	20.4
680	-0.834347	183.827034	0.004236	21.6
681	-0.026668	183.685954	0.001621	19.2
682	-0.015028	183.545163	0.000085	18.7
683	-0.089301	183.404658	0.002199	20.0
684	-0.000000	183.264441	0.000000	20.1
685	-0.868587	183.124509	0.005748	18.3
686	-0.012586	182.984861	0.000626	19.1
687	-0.878497	182.845497	0.004695	20.2
688	-0.000000	182.706416	0.000000	20.8
689	-0.000000	182.567616	0.000000	18.3
690	-0.000000	182.429098	0.000000	18.8
691	-0.072565	182.290859	0.002137	20.7
692	-0.337815	182.152899	0.002261	19.7
693	-0.995479	182.015217	0.003937	19.8
694	-0.879293	181.877813	0.004307	18.0
695	-0.000000	181.740684	0.000000	19.3
696	-1.021751	181.603832	0.004332	20.4
697	-0.000000	181.467253	0.000000	19.7
698	-0.218699	181.330948	0.001745	18.2
699	-0.000000	181.194916	0.000000	17.1
700	-0.000000	181.059155	0.000000	19.6
701	-0.000000	180.923666	0.000000	21.6
702	-0.116477	180.788446	0.002361	20.3
703	-0.062311	180.653496	0.001857	18.4
704	-0.754407	180.518814	0.003874	19.5
705	-0.000000	180.384399	0.000000	20.4
706	-0.009766	180.250251	0.000570	20.6
707	-0.650505	180.116369	0.003398	19.4
708	-0.179438	179.982752	0.004123	21.5
709	-0.717211	179.849398	0.003809	19.7
710	-0.097938	179.716308	0.001530	20.8
711	-0.044077	179.583480	0.000897	18.7
712	-0.856476	179.450913	0.004223	19.0
713	-0.988935	179.318607	0.005105	12.5
714	-0.013724	179.186561	0.001201	12.8
715	-0.047786	179.054774	0.000848	12.5
716	-0.000000	178.923245	0.000000	13.1
717	-0.668947	178.791973	0.003324	12.6
718	-0.791185	178.660958	0.003357	11.5
719	-0.000000	178.530199	0.000000	14.1
720	-0.593260	178.399694	0.003156	12.3
721	-0.000000	178.269444	0.000000	12.6
722	-0.152154	178.139447	0.002221	12.6
723	-0.149555	178.009702	0.002032	12.0
724	-0.596901	177.880209	0.003267	16.7
725	-0.986747	177.750967	0.004332	11.9
726	-0.800358	177.621975	0.005043	13.8
727	-0.000000	177.493232	0.000000	11.5
728	-0.262951	177.364738	0.002327	15.4
729	-0.852794	177.236492	0.003843	13.6
730	-1.018982	177.108492	0.005019	13.0
731	-0.533999	176.980739	0.002661	13.6
732	-0.255961	176.853231	0.002629	12.9
733	-0.961976	176.725968	0.005270	13.0
734	-0.772897	176.598949	0.005376	12.2
735	-0.132628	176.472173	0.002008	14.3
736	-0.006383	176.345639	0.000900	13.7
737	-0.000000	176.219348	0.000000	12.3
738	-0.263000	176.093296	0.002818	12.6
739	-0.943763	175.967486	0.007699	16.1
740	-0.284859	175.841914	0.002741	13.3
741	-0.943590	175.716581	0.004302	14.3
742	-0.000000	175.591486	0.000000	14.1
743	-1.007543	175.466629	0.006194	13.6
744	-0.511845	175.342008	0.003391	13.9
745	-0.000000	175.217622	0.000000	13.9
746	-0.591759	175.093472	0.004265	11.6
747	-0.799445	174.969556	0.003342	12.1
748	-0.683209	174.845873	0.003446	12.3
749	-0.168682	174.722423	0.001695	14.8
750	-0.359545	174.599206	0.002756	14.6
751	-0.000000	174.476220	0.000000	14.2
752	-0.505881	174.353464	0.002668	13.5
753	-0.012935	174.230939	0.001808	12.3
754	-0.078701	174.108643	0.002651	12.8
755	-0.129309	173.986576	0.001994	13.6
756	-0.756505	173.864737	0.003678	12.4
757	-0.000000	173.743124	0.000000	12.4
758	-0.841288	173.621739	0.005359	12.3
759	-0.000000	173.500579	0.000000	13.6
760	-0.053410	173.379645	0.001715	13.3
761	-0.000000	173.258935	0.000000	12.8
762	-0.901014	173.138449	0.005547	13.1
763	-0.000020	173.018186	0.000003	13.7
764	-1.069280	172.898146	0.004769	17.4
765	-0.025227	172.778327	0.000421	12.4
766	-0.254824	172.658730	0.002215	11.8
767	-0.000000	172.539353	0.000000	12.6
768	-0.000000	172.420196	0.000000	12.5
769	-0.000000	172.301258	0.000000	12.2
770	-0.244672	172.182539	0.003167	13.8
771	-0.000000	172.064037	0.000000	12.9
772	-0.972643	171.945753	0.004184	12.9
773	-0.000000	171.827686	0.000000	12.3
774	-0.005885	171.709834	0.000093	12.1
775	-0.000000	171.592198	0.000000	11.0
776	-0.000000	171.474776	0.000000	12.3
777	-0.006373	171.357568	0.000365	12.6
778	-0.716187	171.240574	0.004477	12.7
779	-0.000000	171.123793	0.000000	12.6
780	-0.771533	171.007223	0.004544	13.4
781	-0.085087	170.890865	0.001783	14.5
782	-0.000000	170.774718	0.000000	15.9
783	-0.000040	170.658782	0.000042	13.3
784	-0.808182	170.543055	0.003837	12.0
785	-0.297611	170.427537	0.003601	12.5
786	-0.000000	170.312227	0.000000	11.8
787	-1.087406	170.197125	0.006021	13.5
788	-0.222780	170.082231	0.001857	12.9
789	-0.367269	169.967543	0.002545	13.2
790	-0.426819	169.853061	0.002994	12.2
791	-0.000000	169.738784	0.000000	12.2
792	-0.698528	169.624713	0.003750	13.0
793	-0.000000	169.510845	0.000000	13.4
794	-0.330730	169.397181	0.002622	11.6
795	-0.000000	169.283720	0.000000	12.3
796	-0.000000	169.170462	0.000000	13.6
797	-0.005854	169.057405	0.001086	13.1
798	-0.000000	168.944549	0.000000	14.0
799	-0.000000	168.831895	0.000000	16.6
800	-0.799287	168.719440	0.004472	12.6
801	-0.000000	168.607185	0.000000	13.5
802	-0.453598	168.495129	0.002716	12.4
803	-0.781628	168.383271	0.004867	13.1
804	-0.000000	168.271611	0.000000	12.6
805	-0.048373	168.160148	0.001861	11.4
806	-0.827341	168.048882	0.004110	14.8
807	-0.021584	167.937812	0.001092	12.7
808	-0.940555	167.826938	0.005058	12.0
809	-0.960621	167.716258	0.004109	13.3
810	-0.000000	167.605773	0.000000	12.2
811	-0.894961	167.495482	0.003853	13.1
812	-0.480669	167.385384	0.002851	12.3
813	-0.000000	167.275479	0.000000	26.1
814	-0.018277	167.165766	0.000780	12.1
815	-0.579656	167.056245	0.003558	12.0
816	-0.000000	166.946915	0.000000	13.5
817	-0.000000	166.837776	0.000000	11.7
818	-1.059487	166.728826	0.004169	13.1
819	-0.000000	166.620067	0.000000	12.3
820	-0.480802	166.511496	0.002965	12.1
821	-0.000000	166.403113	0.000000	21.3
822	-0.000000	166.294919	0.000000	11.2
823	-0.012027	166.186912	0.000143	15.8
824	-1.052550	166.079091	0.006506	11.0
825	-0.000000	165.971458	0.000000	13.2
826	-0.000000	165.864009	0.000000	12.7
827	-0.000000	165.756747	0.000000	12.0
828	-0.802626	165.649669	0.003952	12.3
829	-0.004791	165.542775	0.000025	11.5
830	-0.000000	165.436065	0.000000	12.2
831	-0.790671	165.329538	0.006043	13.9
832	-0.802260	165.223194	0.004420	12.3
833	-0.000000	165.117032	0.000000	12.9
834	-1.132997	165.011052	0.005662	12.7
835	-0.539129	164.905253	0.002539	13.6
836	-0.000000	164.799635	0.000000	13.0
837	-0.678065	164.694197	0.004252	12.8
838	-1.004956	164.588939	0.004194	11.9
839	-0.052780	164.483859	0.001828	11.3
840	-0.000000	164.378959	0.000000	13.8
841	-0.864640	164.274237	0.004433	12.8
842	-0.086268	164.169692	0.002269	13.2
843	-0.845546	164.065325	0.004191	13.0
844	-0.833823	163.961135	0.003475	12.3
845	-0.277973	163.857120	0.002406	12.5
846	-0.803194	163.753282	0.004644	12.4
847	-0.833139	163.649619	0.003388	14.0
848	-0.190216	163.546130	0.002079	13.0
849	-0.948570	163.442816	0.004361	12.2
850	-0.633399	163.339676	0.004027	13.1
851	-0.000000	163.236709	0.000000	11.8
852	-1.092416	163.133915	0.005732	13.6
853	-0.000000	163.031294	0.000000	13.5
854	-0.000000	162.928844	0.000000	13.0
855	-0.000000	162.826566	0.000000	11.8
856	-0.000000	162.724459	0.000000	12.6
857	-0.000000	162.622523	0.000000	13.3
858	-0.000000	162.520757	0.000000	11.9
859	-0.000000	162.419160	0.000000	12.3
860	-0.000143	162.317733	0.000087	12.5
861	-0.934212	162.216474	0.004007	14.0
862	-0.000000	162.115383	0.000000	11.6
863	-0.000000	162.014461	0.000000	15.2
864	-0.000049	161.913705	0.000037	16.0
865	-0.000000	161.813117	0.000000	12.3
866	-0.000000	161.712695	0.000000	15.1
867	-0.850334	161.612439	0.003412	13.5
868	-0.832575	161.512349	0.003422	13.1
869	-0.797254	161.412424	0.003966	14.0
870	-0.000000	161.312663	0.000000	12.5
871	-0.000000	161.213067	0.000000	11.8
872	-0.726381	161.113635	0.004629	13.3
873	-0.931825	161.014366	0.003767	16.8
874	-0.591627	160.915260	0.002878	12.3
875	-0.000000	160.816316	0.000000	12.4
876	-0.225863	160.717535	0.001654	11.7
877	-0.032610	160.618915	0.000985	12.1
878	-0.155345	160.520456	0.002143	15.1
879	-0.000000	160.422158	0.000000	12.4
880	-0.650232	160.324021	0.002899	11.9
881	-0.072245	160.226043	0.002483	15.8
882	-0.878851	160.128225	0.005053	13.1
883	-0.000000	160.030566	0.000000	11.7
884	-0.219350	159.933066	0.001688	14.3
885	-0.000000	159.835723	0.000000	12.7
886	-0.054118	159.738539	0.002953	12.7
887	-0.995389	159.641512	0.004479	12.3
888	-0.988795	159.544642	0.005073	13.6
889	-0.028056	159.447929	0.000681	11.3
890	-0.065597	159.351372	0.000912	14.8
891	-0.000000	159.254971	0.000000	18.1
892	-0.000000	159.158725	0.000000	11.2
893	-0.000014	159.062634	0.000019	11.6
894	-0.652119	158.966697	0.004424	14.2
895	-0.000000	158.870915	0.000000	12.1
896	-0.357919	158.775286	0.003210	12.8
897	-0.000000	158.679811	0.000000	13.6
898	-0.000000	158.584489	0.000000	13.1
899	-0.000000	158.489319	0.000000	12.5
900	-0.886624	158.394302	0.004184	11.9
901	-0.000000	158.299436	0.000000	13.2
902	-0.998112	158.204721	0.004950	16.1
903	-0.939391	158.110158	0.003370	13.7
904	-0.000251	158.015745	0.000185	12.1
905	-0.851227	157.921482	0.005140	18.8
906	-0.000000	157.827369	0.000000	11.7
907	-0.038287	157.733406	0.000934	13.2
908	-0.000000	157.639591	0.000000	13.0
909	-0.749103	157.545925	0.003948	14.7
910	-0.613327	157.452408	0.004670	14.5
911	-0.866119	157.359038	0.005993	13.9
912	-0.053530	157.265816	0.001598	15.1
913	-0.929768	157.172741	0.004197	12.6
914	-0.813845	157.079813	0.005793	11.6
915	-0.013479	156.987031	0.000785	11.9
916	-0.854545	156.894395	0.005472	13.8
917	-0.923544	156.801904	0.004396	12.6
918	-0.975213	156.709559	0.004119	12.2
919	-0.000000	156.617359	0.000000	13.1
920	-0.000000	156.525304	0.000000	13.8
921	-0.925709	156.433392	0.004642	12.4
922	-0.672458	156.341624	0.005267	13.1
923	-0.004878	156.250000	0.001201	11.7
924	-0.017088	156.158519	0.000660	11.6
925	-0.002171	156.067180	0.000430	12.7
926	-0.000000	155.975984	0.000000	18.9
927	-0.027981	155.884930	0.001125	13.0
928	-0.000000	155.794017	0.000000	12.4
929	-0.507387	155.703246	0.003038	12.3
930	-0.812708	155.612615	0.003789	14.4
931	-0.938770	155.522125	0.005919	11.7
932	-0.054948	155.431775	0.001343	14.5
933	-1.031636	155.341565	0.005626	14.0
934	-0.000000	155.251495	0.000000	15.6
935	-0.412095	155.161563	0.003184	13.0
936	-0.644216	155.071771	0.002912	13.4
937	-0.099666	154.982117	0.001691	12.6
938	-0.940664	154.892601	0.005141	13.5
939	-0.829184	154.803222	0.003091	12.3
940	-0.785632	154.713981	0.004862	21.4
941	-0.000000	154.624878	0.000000	12.0
942	-0.000000	154.535910	0.000000	14.3
943	-0.000000	154.447080	0.000000	10.9
944	-0.000000	154.358385	0.000000	12.7
945	-0.650295	154.269826	0.003337	13.3
946	-0.000000	154.181402	0.000000	12.4
947	-0.023267	154.093114	0.001064	13.4
948	-0.000000	154.004960	0.000000	12.1
949	-0.559297	153.916940	0.003296	13.9
950	-0.000000	153.829054	0.000000	12.3
951	-0.000000	153.741303	0.000000	13.3
952	-0.352686	153.653684	0.002300	12.6
953	-0.292216	153.566198	0.002136	13.8
954	-0.000000	153.478846	0.000000	12.2
955	-0.838996	153.391625	0.005216	13.8
956	-0.000000	153.304537	0.000000	12.3
957	-0.013679	153.217580	0.000443	11.9
958	-0.000000	153.130755	0.000000	13.2
959	-0.909108	153.044061	0.004042	13.4
960	-0.000000	152.957498	0.000000	12.9
961	-0.958676	152.871065	0.004151	20.0
962	-0.190738	152.784762	0.002982	19.6
963	-0.000000	152.698589	0.000000	12.1
964	-0.981121	152.612545	0.004659	13.6
965	-0.423337	152.526631	0.002623	12.0
966	-0.165809	152.440845	0.002505	12.7
967	-0.000000	152.355188	0.000000	13.5
968	-0.713223	152.269660	0.003841	12.8
969	-0.850050	152.184259	0.004851	12.8
970	-0.654903	152.098986	0.003925	11.9
971	-0.000000	152.013840	0.000000	15.4
972	-1.002005	151.928821	0.004132	11.9
973	-0.869849	151.843928	0.003185	12.4
974	-0.901106	151.759163	0.004187	12.3
975	-0.007007	151.674523	0.001539	11.8
976	-0.897821	151.590009	0.004833	12.4
977	-0.964064	151.505620	0.004241	11.4
978	-0.383906	151.421357	0.003453	12.4
979	-1.033711	151.337218	0.004588	19.0
980	-0.108714	151.253204	0.002253	13.5
981	-0.000617	151.169314	0.000399	12.5
982	-0.000000	151.085549	0.000000	11.6
983	-0.000000	151.001907	0.000000	13.2
984	-0.231969	150.918388	0.002366	11.6
985	-0.826976	150.834992	0.004655	12.0
986	-0.000000	150.751719	0.000000	12.8
987	-0.973681	150.668569	0.004445	11.3
988	-0.988117	150.585541	0.005457	12.5
989	-0.055438	150.502634	0.001879	12.2
990	-0.793603	150.419849	0.004804	13.1
991	-0.000000	150.337186	0.000000	12.3
992	-0.079985	150.254644	0.001528	13.1
993	-0.000000	150.172222	0.000000	12.8
994	-0.556581	150.089921	0.004857	15.9
995	-0.000000	150.007740	0.000000	14.5
996	-0.687684	149.925679	0.004361	13.3
997	-0.000000	149.843737	0.000000	11.9
998	-0.000000	149.761915	0.000000	11.7
999	-0.420057	149.680212	0.002984	12.2
1000	-0.868998	149.598627	0.004714	14.3
1001	-0.000000	149.517161	0.000000	12.2
1002	-0.000492	149.435814	0.000075	11.9
1003	-0.000000	149.354584	0.000000	13.9
1004	-0.021099	149.273472	0.000385	13.1
1005	-0.000000	149.192477	0.000000	13.4
1006	-0.530957	149.111599	0.003220	15.6
1007	-0.736512	149.030838	0.003753	14.1
1008	-0.608794	148.950194	0.003349	12.4
1009	-0.651385	148.869666	0.003519	14.0
1010	-0.000000	148.789253	0.000000	12.2
1011	-0.794455	148.708957	0.003654	12.8
1012	-0.000000	148.628776	0.000000	11.4
1013	-0.037456	148.548710	0.002089	14.3
1014	-1.047236	148.468759	0.005470	12.2
1015	-0.526359	148.388923	0.003039	12.4
1016	-0.000000	148.309201	0.000000	12.7
1017	-1.122454	148.229594	0.006541	12.1
1018	-0.208599	148.150100	0.002080	14.4
1019	-0.000000	148.070719	0.000000	14.9
1020	-0.153504	147.991452	0.001588	13.6
1021	-0.555423	147.912298	0.002759	13.2
1022	-0.000000	147.833257	0.000000	13.8
1023	-0.124991	147.754329	0.002055	11.4
1024	-0.097282	147.675512	0.003007	12.6
1025	-0.000000	147.596808	0.000000	13.0
1026	-1.166029	147.518216	0.005895	12.4
1027	-1.014522	147.439735	0.004909	12.3
1028	-0.000000	147.361365	0.000000	12.9
1029	-0.461162	147.283106	0.002430	11.7
1030	-0.309964	147.204958	0.002291	13.5
1031	-0.000000	147.126920	0.000000	12.5
1032	-0.000000	147.048993	0.000000	13.0
1033	-0.004318	146.971175	0.000226	11.5
1034	-0.708787	146.893468	0.004632	11.3
1035	-0.004277	146.815869	0.000028	12.2
1036	-0.000000	146.738380	0.000000	15.0
1037	-0.004060	146.661000	0.000517	14.6
1038	-0.000000	146.583729	0.000000	12.3
1039	-0.576431	146.506566	0.002884	12.1
1040	-0.000000	146.429511	0.000000	11.9
1041	-1.062404	146.352565	0.004990	13.2
1042	-0.881017	146.275726	0.004469	13.3
1043	-0.671704	146.198994	0.004090	12.6
1044	-0.642961	146.122370	0.003037	13.5
1045	-0.000000	146.045853	0.000000	12.1
1046	-0.924891	145.969442	0.004108	22.5
1047	-0.010728	145.893139	0.000745	11.4
1048	-0.000000	145.816941	0.000000	12.6
1049	-0.000000	145.740849	0.000000	13.3
1050	-0.000000	145.664863	0.000000	11.8
1051	-0.000000	145.588983	0.000000	12.6
1052	-1.131783	145.513208	0.006112	12.5
1053	-0.002661	145.437538	0.000733	12.7
1054	-0.000000	145.361973	0.000000	14.8
1055	-0.000000	145.286513	0.000000	15.0
1056	-0.000000	145.211157	0.000000	11.5
1057	-0.089589	145.135905	0.001701	13.6
1058	-0.987859	145.060757	0.006173	13.2
1059	-0.000000	144.985712	0.000000	11.8
1060	-0.133868	144.910771	0.002217	23.2
1061	-0.696263	144.835934	0.004858	12.0
1062	-0.000000	144.761199	0.000000	11.6
1063	-0.007753	144.686567	0.000529	13.0
1064	-0.833986	144.612037	0.003325	12.0
1065	-0.534416	144.537610	0.002714	12.5
1066	-0.000000	144.463285	0.000000	12.4
1067	-0.661693	144.389062	0.003997	19.3
1068	-0.000000	144.314940	0.000000	11.2
1069	-1.094352	144.240920	0.005779	12.9
1070	-0.058350	144.167001	0.001923	13.2
1071	-0.000000	144.093182	0.000000	13.0
1072	-0.975846	144.019465	0.004194	12.6
1073	-0.873937	143.945848	0.004420	13.4
1074	-0.000000	143.872331	0.000000	12.0
1075	-0.000000	143.798914	0.000000	12.9
1076	-0.000000	143.725597	0.000000	11.9
1077	-0.706747	143.652380	0.003341	12.6
1078	-0.000000	143.579262	0.000000	12.7
1079	-1.099464	143.506243	0.005061	13.9
1080	-0.359291	143.433323	0.004207	13.0
1081	-0.000000	143.360502	0.000000	12.6
1082	-0.402968	143.287780	0.002796	15.3
1083	-0.000000	143.215155	0.000000	11.9
1084	-0.558738	143.142629	0.002736	12.0
1085	-0.117370	143.070201	0.002015	13.3
1086	-0.946230	142.997870	0.004339	11.4
1087	-0.004299	142.925637	0.000015	16.9
1088	-0.029187	142.853501	0.000771	11.7
1089	-0.938582	142.781462	0.004647	12.8
1090	-0.000000	142.709519	0.000000	13.1
1091	-0.007629	142.637674	0.000227	12.2
1092	-0.000000	142.565924	0.000000	11.4
1093	-0.000000	142.494271	0.000000	12.8
1094	-0.000000	142.422714	0.000000	14.5
1095	-0.171525	142.351252	0.002276	12.4
1096	-0.112591	142.279886	0.001143	12.4
1097	-0.003983	142.208616	0.000501	13.6
1098	-0.215128	142.137440	0.001633	11.6
1099	-0.753014	142.066360	0.003909	12.9
1100	-0.792159	141.995374	0.004167	11.8
1101	-0.000000	141.924483	0.000000	12.1
1102	-0.955587	141.853685	0.005112	11.4
1103	-0.249011	141.782983	0.002408	14.9
1104	-0.976971	141.712373	0.004099	16.2
1105	-0.000000	141.641858	0.000000	12.0
1106	-0.893829	141.571436	0.005902	19.2
1107	-0.000000	141.501108	0.000000	11.8
1108	-0.000000	141.430872	0.000000	12.4
1109	-0.001149	141.360730	0.000149	17.7
1110	-0.418008	141.290680	0.003498	12.3
1111	-0.970888	141.220722	0.004254	13.3
1112	-0.000000	141.150857	0.000000	11.1
1113	-0.000000	141.081084	0.000000	15.1
1114	-0.864769	141.011403	0.005355	16.3
1115	-0.000000	140.941813	0.000000	13.2
1116	-0.000000	140.872315	0.000000	12.1
1117	-0.919139	140.802909	0.004230	12.8
1118	-1.040258	140.733593	0.004573	12.1
1119	-0.000000	140.664369	0.000000	12.4
1120	-0.000000	140.595235	0.000000	13.1
1121	-0.000000	140.526192	0.000000	12.7
1122	-0.000000	140.457239	0.000000	11.9
1123	-0.000000	140.388376	0.000000	13.1
1124	-0.259774	140.319603	0.003888	12.9
1125	-1.007556	140.250920	0.004385	11.5
1126	-0.176679	140.182326	0.001442	12.9
1127	-0.000000	140.113822	0.000000	12.6
1128	-0.000000	140.045407	0.000000	11.7
1129	-0.956011	139.977081	0.006108	13.3
1130	-0.000000	139.908844	0.000000	13.0
1131	-0.000000	139.840696	0.000000	11.3
1132	-0.000000	139.772635	0.000000	12.4
1133	-0.921306	139.704664	0.004963	12.8
1134	-0.000000	139.636780	0.000000	12.9
1135	-0.000000	139.568984	0.000000	10.8
1136	-0.966905	139.501276	0.004051	12.9
1137	-0.000000	139.433655	0.000000	17.6
1138	-0.833464	139.366122	0.004106	12.2
1139	-0.000000	139.298676	0.000000	11.6
1140	-0.764854	139.231317	0.003410	12.9
1141	-0.816209	139.164045	0.003868	11.9
1142	-0.597251	139.096859	0.002642	14.1
1143	-1.096689	139.029760	0.005496	11.9
1144	-0.000000	138.962747	0.000000	11.8
1145	-0.000000	138.895820	0.000000	12.7
1146	-1.064361	138.828978	0.005280	12.5
1147	-0.000000	138.762223	0.000000	12.9
1148	-0.000000	138.695553	0.000000	15.8
1149	-0.382625	138.628969	0.002982	13.2
1150	-0.001106	138.562469	0.000123	11.4
1151	-0.003610	138.496055	0.001621	13.1
1152	-1.073636	138.429725	0.005546	12.9
1153	-1.010289	138.363481	0.004400	12.7
1154	-0.123637	138.297320	0.002080	14.8
1155	-1.011900	138.231244	0.004909	19.1
1156	-0.871455	138.165252	0.005516	12.4
1157	-0.236842	138.099344	0.002878	12.9
1158	-0.000000	138.033520	0.000000	17.0
1159	-0.870854	137.967779	0.005351	13.0
1160	-0.000000	137.902122	0.000000	11.7
1161	-0.000000	137.836548	0.000000	12.2
1162	-0.899208	137.771057	0.004298	12.4
1163	-0.000000	137.705649	0.000000	12.7
1164	-0.233057	137.640324	0.002847	18.4
1165	-0.180652	137.575081	0.001430	11.7
1166	-0.016354	137.509921	0.000974	13.1
1167	-0.000000	137.444842	0.000000	12.3
1168	-0.354164	137.379846	0.003064	12.6
1169	-0.000000	137.314932	0.000000	12.3
1170	-0.939200	137.250100	0.004807	17.4
1171	-0.000000	137.185349	0.000000	11.1
1172	-0.000000	137.120680	0.000000	19.9
1173	-0.000000	137.056092	0.000000	13.4
1174	-0.000000	136.991585	0.000000	13.4
1175	-0.000000	136.927158	0.000000	14.4
1176	-0.723270	136.862813	0.004863	12.4
1177	-0.828246	136.798548	0.003940	12.0
1178	-0.000000	136.734363	0.000000	13.1
1179	-0.912524	136.670259	0.003905	13.4
1180	-0.458667	136.606235	0.003007	12.7
1181	-0.443788	136.542291	0.002379	12.7
1182	-0.438581	136.478426	0.002834	13.3
1183	-0.030783	136.414641	0.000412	12.7
1184	-0.000000	136.350936	0.000000	12.1
1185	-0.000000	136.287310	0.000000	13.1
1186	-0.000000	136.223763	0.000000	12.2
1187	-1.004573	136.160295	0.006694	13.2
1188	-0.788254	136.096905	0.003788	12.1
1189	-0.221766	136.033594	0.002572	12.2
1190	-0.003868	135.970362	0.001063	12.6
1191	-0.022412	135.907208	0.001010	11.3
1192	-0.000000	135.844133	0.000000	12.7
1193	-0.966797	135.781135	0.004632	12.6
1194	-0.144819	135.718215	0.002595	13.0
1195	-0.000000	135.655373	0.000000	11.8
1196	-0.466117	135.592608	0.004005	13.6
1197	-0.000000	135.529921	0.000000	13.1
1198	-0.000000	135.467311	0.000000	12.2
1199	-0.213217	135.404778	0.002450	12.2
1200	-0.729813	135.342322	0.003294	12.1
1201	-0.111442	135.279942	0.001530	14.2
1202	-0.000000	135.217640	0.000000	12.5
1203	-0.000000	135.155413	0.000000	11.1
1204	-0.000000	135.093263	0.000000	12.1
1205	-0.000000	135.031190	0.000000	11.9
1206	-0.712607	134.969192	0.003386	14.8
1207	-0.661898	134.907270	0.004104	13.2
1208	-0.137847	134.845424	0.001475	21.4
1209	-0.000000	134.783653	0.000000	11.3
1210	-0.828990	134.721958	0.004008	13.5
1211	-0.021112	134.660338	0.000137	11.7
1212	-0.958850	134.598793	0.004782	12.6
1213	-0.642979	134.537323	0.003080	12.3
1214	-0.066787	134.475927	0.001765	11.9
1215	-0.973303	134.414607	0.004603	14.5
1216	-0.907780	134.353361	0.003930	12.0
1217	-0.272400	134.292189	0.003425	13.5
1218	-0.000001	134.231092	0.000001	14.5
1219	-0.000000	134.170068	0.000000	15.9
1220	-0.825651	134.109119	0.004460	12.1
1221	-0.000000	134.048243	0.000000	12.9
1222	-0.861192	133.987441	0.004011	14.0
1223	-0.873997	133.926713	0.004023	24.4
1224	-0.836390	133.866057	0.003790	11.9
1225	-0.123813	133.805475	0.001676	11.6
1226	-0.054329	133.744966	0.000665	13.4
1227	-0.000000	133.684530	0.000000	11.8
1228	-0.000000	133.624167	0.000000	13.5
1229	-0.004432	133.563877	0.000706	12.3
1230	-0.727559	133.503658	0.003653	14.3
1231	-0.000000	133.443513	0.000000	11.4
1232	-0.223993	133.383439	0.003010	14.2
1233	-0.954079	133.323437	0.006279	15.0
1234	-0.324424	133.263508	0.002246	12.2
1235	-0.000000	133.203650	0.000000	11.8
1236	-0.000000	133.143864	0.000000	24.4
1237	-0.265195	133.084149	0.002363	12.3
1238	-0.021471	133.024506	0.000262	12.7
1239	-0.551856	132.964934	0.002766	12.5
1240	-0.461001	132.905433	0.003335	14.0
1241	-0.429272	132.846003	0.002874	11.6
1242	-0.000000	132.786643	0.000000	16.1
1243	-0.017850	132.727355	0.000890	12.8
1244	-0.136751	132.668137	0.002926	12.3
1245	-0.472717	132.608989	0.002373	12.5
1246	-0.749552	132.549912	0.004508	12.1
1247	-0.141010	132.490904	0.001407	14.4
1248	-0.541018	132.431967	0.002854	11.2
1249	-0.000000	132.373100	0.000000	13.7
1250	-0.479239	132.314302	0.003111	12.7
1251	-0.513681	132.255574	0.002562	12.8
1252	-0.000000	132.196916	0.000000	12.7
1253	-0.731449	132.138326	0.003634	15.4
1254	-0.943971	132.079806	0.005785	11.0
1255	-0.119309	132.021355	0.001263	15.1
1256	-0.019591	131.962973	0.000990	13.9
1257	-0.000000	131.904660	0.000000	15.8
1258	-0.381705	131.846415	0.002347	12.7
1259	-0.703091	131.788239	0.003131	15.0
1260	-1.016633	131.730131	0.004732	13.5
1261	-0.000000	131.672092	0.000000	14.5
1262	-0.467869	131.614121	0.002423	13.9
1263	-0.958975	131.556217	0.004819	15.8
1264	-0.011038	131.498382	0.000449	11.9
1265	-0.000000	131.440614	0.000000	13.9
1266	-0.829044	131.382914	0.004365	13.5
1267	-0.000000	131.325282	0.000000	13.9
1268	-0.029663	131.267717	0.001672	12.6
1269	-0.913525	131.210219	0.004396	12.5
1270	-0.721161	131.152788	0.003017	11.7
1271	-0.340124	131.095424	0.002781	13.8
1272	-0.000000	131.038127	0.000000	12.3
1273	-0.000000	130.980897	0.000000	11.5
1274	-0.441811	130.923733	0.002777	13.1
1275	-0.709372	130.866636	0.002977	12.4
1276	-0.000000	130.809605	0.000000	11.8
1277	-0.003398	130.752641	0.000231	15.9
1278	-0.353036	130.695742	0.002837	12.7
1279	-0.000000	130.638910	0.000000	11.9
1280	-1.083904	130.582143	0.005254	14.1
1281	-1.047761	130.525442	0.004576	12.5
1282	-0.197707	130.468807	0.001715	12.5
1283	-0.928894	130.412237	0.004772	10.8
1284	-0.000000	130.355733	0.000000	12.0
1285	-0.000000	130.299294	0.000000	13.1
1286	-0.689779	130.242920	0.004024	15.4
1287	-0.992794	130.186611	0.003788	12.7
1288	-0.000000	130.130366	0.000000	14.7
1289	-0.121456	130.074187	0.003104	11.9
1290	-0.000000	130.018072	0.000000	13.6
1291	-0.171506	129.962022	0.001929	22.8
1292	-0.055306	129.906036	0.000384	11.2
1293	-0.000000	129.850114	0.000000	14.0
1294	-0.065215	129.794257	0.000823	15.8
1295	-0.034712	129.738463	0.001532	12.3
1296	-0.762925	129.682734	0.004496	17.9
1297	-0.000000	129.627068	0.000000	17.3
1298	-0.201927	129.571466	0.002756	12.6
1299	-0.986530	129.515927	0.004499	11.4
1300	-0.000000	129.460452	0.000000	13.7
1301	-0.027591	129.405040	0.000418	11.9
1302	-0.945841	129.349692	0.004775	13.8
1303	-0.149624	129.294406	0.001607	12.1
1304	-0.991721	129.239183	0.004672	12.9
1305	-0.056589	129.184024	0.001093	12.1
1306	-0.000000	129.128927	0.000000	13.2
1307	-0.000000	129.073892	0.000000	12.0
1308	-1.040349	129.018921	0.004548	14.6
1309	-0.717272	128.964011	0.003611	12.8
1310	-0.000000	128.909164	0.000000	12.1
1311	-0.272075	128.854379	0.002594	12.8
1312	-0.000000	128.799656	0.000000	18.2
1313	-0.000000	128.744995	0.000000	12.7
1314	-0.000000	128.690396	0.000000	11.4
1315	-0.312379	128.635858	0.002489	12.4
1316	-0.108540	128.581382	0.001107	14.4
1317	-1.127138	128.526968	0.005754	11.9
1318	-1.065107	128.472615	0.003833	15.5
1319	-0.000000	128.418323	0.000000	12.0
1320	-0.826879	128.364092	0.005198	12.2
1321	-1.014280	128.309922	0.004107	13.9
1322	-0.000000	128.255814	0.000000	14.5
1323	-0.354689	128.201766	0.002344	15.1
1324	-0.000000	128.147778	0.000000	12.9
1325	-1.013086	128.093852	0.004261	12.8
1326	-1.017627	128.039985	0.005717	13.3
1327	-0.031175	127.986180	0.001460	12.3
1328	-0.725869	127.932434	0.004811	11.9
1329	-0.602640	127.878749	0.003126	14.7
1330	-0.049940	127.825123	0.001227	11.9
1331	-0.000000	127.771558	0.000000	20.2
1332	-0.000000	127.718052	0.000000	16.4
1333	-0.000000	127.664606	0.000000	14.3
1334	-0.182505	127.611220	0.001406	13.6
1335	-0.688964	127.557893	0.003619	15.0
1336	-0.961831	127.504625	0.003919	12.9
1337	-0.000000	127.451417	0.000000	12.1
1338	-0.000000	127.398268	0.000000	14.0
1339	-0.820577	127.345178	0.004137	13.1
1340	-0.000000	127.292147	0.000000	11.6
1341	-0.554697	127.239175	0.002852	12.0
1342	-0.481627	127.186261	0.002237	13.6
1343	-1.037027	127.133407	0.005081	12.9
1344	-0.000000	127.080610	0.000000	12.7
1345	-0.874397	127.027872	0.005549	15.9
1346	-0.000000	126.975193	0.000000	18.5
1347	-1.080296	126.922572	0.004885	14.2
1348	-0.580841	126.870008	0.003142	12.5
1349	-0.068471	126.817503	0.000765	15.3
1350	-0.849156	126.765056	0.003284	12.7
1351	-0.191023	126.712667	0.003482	12.6
1352	-1.031676	126.660335	0.004779	14.4
1353	-0.822973	126.608061	0.003783	12.0
1354	-0.226296	126.555844	0.002632	12.9
1355	-0.000000	126.503685	0.000000	13.2
1356	-0.000000	126.451583	0.000000	12.5
1357	-1.022316	126.399538	0.004254	11.5
1358	-0.000000	126.347550	0.000000	19.7
1359	-0.795448	126.295619	0.004957	18.4
1360	-1.074729	126.243745	0.006375	12.7
1361	-0.000000	126.191928	0.000000	18.6
1362	-0.000000	126.140168	0.000000	12.3
1363	-1.154620	126.088464	0.005537	12.7
1364	-1.135759	126.036817	0.005747	11.7
1365	-0.000000	125.985226	0.000000	12.8
1366	-0.024135	125.933691	0.001119	14.4
1367	-0.136161	125.882212	0.001940	13.2
1368	-0.000000	125.830790	0.000000	11.8
1369	-0.723160	125.779423	0.003961	13.7
1370	-0.000000	125.728113	0.000000	12.0
1371	-0.029211	125.676858	0.001046	11.8
1372	-0.628348	125.625659	0.003247	13.0
1373	-0.024399	125.574515	0.001043	15.4
1374	-0.538186	125.523427	0.003513	11.8
1375	-0.091443	125.472394	0.002302	13.2
1376	-0.828686	125.421417	0.004114	12.7
1377	-0.337592	125.370495	0.003338	11.5
1378	-0.922502	125.319628	0.004882	12.1
1379	-0.000000	125.268815	0.000000	12.3
1380	-0.597163	125.218058	0.003731	12.5
1381	-0.111568	125.167356	0.002228	12.1
1382	-0.432433	125.116708	0.003611	12.2
1383	-0.747003	125.066115	0.003266	12.2
1384	-0.000000	125.015576	0.000000	12.1
1385	-0.000000	124.965092	0.000000	12.4
1386	-0.853715	124.914662	0.004143	11.8
1387	-0.258403	124.864287	0.002481	13.6
1388	-0.303281	124.813965	0.003869	11.9
1389	-0.020414	124.763698	0.000574	11.9
1390	-0.000568	124.713485	0.000368	13.3
1391	-0.816296	124.663325	0.004194	12.3
1392	-0.000000	124.613219	0.000000	17.2
1393	-0.463513	124.563167	0.002509	11.8
1394	-0.000000	124.513168	0.000000	14.1
1395	-0.791128	124.463223	0.004621	12.8
1396	-0.000000	124.413332	0.000000	24.2
1397	-0.000000	124.363493	0.000000	11.4
1398	-0.948650	124.313708	0.004411	13.8
1399	-0.039739	124.263976	0.002174	13.4
1400	-0.000000	124.214297	0.000000	12.7
1401	-0.040702	124.164671	0.001247	14.7
1402	-1.040941	124.115097	0.005628	14.1
1403	-0.038471	124.065577	0.001449	14.1
1404	-0.000000	124.016109	0.000000	12.5
1405	-0.000000	123.966693	0.000000	11.8
1406	-0.183326	123.917330	0.001218	11.7
1407	-0.774216	123.868020	0.003609	11.6
1408	-0.108916	123.818762	0.001714	14.2
1409	-0.954505	123.769556	0.003745	11.5
1410	-0.000000	123.720402	0.000000	13.5
1411	-0.932547	123.671300	0.005035	12.6
1412	-0.825027	123.622250	0.004543	12.4
1413	-0.000000	123.573252	0.000000	12.6
1414	-0.000000	123.524305	0.000000	13.2
1415	-0.000000	123.475411	0.000000	16.3
1416	-0.004338	123.426568	0.000100	12.1
1417	-1.017604	123.377776	0.005375	15.3
1418	-0.000000	123.329036	0.000000	12.5
1419	-0.689675	123.280347	0.004013	14.2
1420	-0.106849	123.231709	0.002045	13.0
1421	-0.000000	123.183122	0.000000	13.6
1422	-0.000000	123.134587	0.000000	11.3
1423	-0.000000	123.086102	0.000000	15.2
1424	-0.000000	123.037669	0.000000	12.4
1425	-0.311873	122.989286	0.002425	17.0
1426	-0.956053	122.940954	0.004890	11.9
1427	-0.174600	122.892672	0.001690	13.2
1428	-0.000000	122.844441	0.000000	12.6
1429	-0.000000	122.796261	0.000000	11.8
1430	-0.000000	122.748130	0.000000	14.7
1431	-0.000000	122.700050	0.000000	13.4
1432	-0.754628	122.652021	0.003938	12.2
1433	-0.000000	122.604041	0.000000	11.4
1434	-0.000000	122.556111	0.000000	13.6
1435	-0.571910	122.508232	0.003414	12.0
1436	-0.000086	122.460402	0.000086	16.0
1437	-0.217979	122.412622	0.002430	12.2
1438	-0.000000	122.364891	0.000000	11.8
1439	-0.781554	122.317210	0.005650	12.9
1440	-0.000000	122.269579	0.000000	11.7
1441	-0.079586	122.221997	0.001411	13.1
1442	-0.462790	122.174465	0.002311	12.6
1443	-0.000000	122.126981	0.000000	12.6
1444	-1.008296	122.079547	0.003737	12.1
1445	-0.395923	122.032162	0.002871	13.2
1446	-0.496278	121.984826	0.002716	12.0
1447	-0.773160	121.937539	0.004946	12.9
1448	-0.000000	121.890301	0.000000	12.0
1449	-0.000000	121.843112	0.000000	13.7
1450	-0.040842	121.795971	0.000845	13.3
1451	-0.375464	121.748879	0.002692	15.2
1452	-0.000286	121.701835	0.000249	12.4
1453	-0.479778	121.654840	0.003455	13.9
1454	-0.000000	121.607893	0.000000	13.3
1455	-0.000000	121.560994	0.000000	14.3
1456	-0.000000	121.514144	0.000000	12.7
1457	-0.147949	121.467342	0.001369	13.3
1458	-0.289594	121.420588	0.002545	13.9
1459	-0.742472	121.373882	0.004440	11.7
1460	-0.949339	121.327223	0.003916	11.4
1461	-0.612920	121.280613	0.003189	11.9
1462	-0.005915	121.234050	0.000310	15.2
1463	-0.894587	121.187535	0.004196	11.9
1464	-0.000000	121.141067	0.000000	13.5
1465	-0.992040	121.094647	0.004881	18.2
1466	-0.116077	121.048274	0.002305	10.9
1467	-0.441546	121.001949	0.002735	11.6
1468	-0.407350	120.955671	0.002998	12.6
1469	-0.683215	120.909440	0.003771	14.0
1470	-0.000000	120.863256	0.000000	12.3
1471	-0.000000	120.817119	0.000000	12.0
1472	-0.767149	120.771029	0.004444	14.7
1473	-0.840582	120.724986	0.003526	16.1
1474	-0.000000	120.678990	0.000000	14.1
1475	-0.000000	120.633040	0.000000	11.9
1476	-0.792621	120.587137	0.003921	12.4
1477	-0.336918	120.541281	0.002744	12.4
1478	-0.329559	120.495471	0.002300	12.7
1479	-0.488714	120.449707	0.002649	24.1
1480	-0.000000	120.403990	0.000000	14.3
1481	-0.092905	120.358319	0.003113	13.3
1482	-0.866352	120.312694	0.004558	15.1
1483	-0.000000	120.267115	0.000000	11.6
1484	-0.000000	120.221582	0.000000	11.0
1485	-0.004147	120.176096	0.001247	13.2
1486	-0.000000	120.130655	0.000000	13.6
1487	-0.314792	120.085260	0.002395	12.1
1488	-0.000000	120.039910	0.000000	11.3
1489	-0.993695	119.994606	0.003586	12.1
1490	-0.698759	119.949348	0.003702	12.0
1491	-0.000000	119.904135	0.000000	13.3
1492	-0.577170	119.858968	0.002894	17.7
1493	-0.000000	119.813846	0.000000	12.4
1494	-0.025250	119.768769	0.000442	11.3
1495	-0.719362	119.723738	0.004240	13.8
1496	-0.000000	119.678752	0.000000	14.6
1497	-0.736357	119.633810	0.004841	12.5
1498	-0.027179	119.588914	0.001213	11.9
1499	-0.619811	119.544062	0.002950	16.1
1500	-1.037613	119.499256	0.004841	17.1
1501	-0.354994	119.454494	0.002835	12.0
1502	-0.000000	119.409777	0.000000	11.9
1503	-0.875262	119.365104	0.004380	12.2
1504	-0.237512	119.320476	0.001869	14.0
1505	-0.748811	119.275893	0.003766	16.9
1506	-0.115745	119.231353	0.001638	11.5
1507	-0.416514	119.186859	0.001787	11.9
1508	-0.036843	119.142408	0.002267	14.1
1509	-0.000000	119.098002	0.000000	12.3
1510	-0.000000	119.053639	0.000000	12.1
1511	-0.000000	119.009321	0.000000	14.0
1512	-0.186620	118.965047	0.001804	13.1
1513	-0.000000	118.920816	0.000000	20.4
1514	-0.016491	118.876630	0.001139	11.7
1515	-0.750674	118.832487	0.003863	11.8
1516	-0.000000	118.788388	0.000000	12.9
1517	-0.000000	118.744332	0.000000	14.0
1518	-0.319985	118.700320	0.003118	12.5
1519	-0.055266	118.656352	0.002586	11.1
1520	-0.000000	118.612427	0.000000	19.9
1521	-0.000000	118.568545	0.000000	12.2
1522	-0.140798	118.524706	0.001572	12.7
1523	-0.000000	118.480911	0.000000	12.2
1524	-0.617994	118.437159	0.003270	11.9
1525	-0.075174	118.393450	0.002802	12.7
1526	-0.000000	118.349784	0.000000	11.9
1527	-0.802683	118.306160	0.004246	12.1
1528	-0.000000	118.262580	0.000000	13.2
1529	-0.710045	118.219042	0.003642	12.3
1530	-0.000000	118.175548	0.000000	12.4
1531	-1.005064	118.132095	0.003965	14.8
1532	-0.000000	118.088686	0.000000	13.3
1533	-0.585189	118.045319	0.003323	13.1
1534	-0.947878	118.001994	0.004959	12.2
1535	-0.000000	117.958712	0.000000	12.7
1536	-1.023724	117.915472	0.003825	14.9
1537	-0.911081	117.872274	0.004025	11.9
1538	-0.714588	117.829118	0.004659	12.6
1539	-0.377798	117.786005	0.003050	12.3
1540	-0.367480	117.742933	0.002568	12.2
1541	-0.000000	117.699904	0.000000	12.1
1542	-0.961408	117.656916	0.004279	12.0
1543	-0.856660	117.613971	0.003577	19.1
1544	-0.332611	117.571067	0.002816	12.0
1545	-0.000000	117.528205	0.000000	14.3
1546	-0.307783	117.485384	0.002248	12.9
1547	-1.074237	117.442605	0.004501	12.6
1548	-0.000000	117.399867	0.000000	13.1
1549	-1.026727	117.357171	0.003788	13.1
1550	-0.054858	117.314517	0.000932	11.5
1551	-0.000000	117.271903	0.000000	14.9
1552	-0.630428	117.229331	0.002575	12.0
1553	-0.004273	117.186800	0.000136	12.2
1554	-0.996947	117.144311	0.004622	12.4
1555	-0.003511	117.101862	0.000483	11.4
1556	-0.000000	117.059454	0.000000	14.1
1557	-0.000004	117.017087	0.000005	14.0
1558	-0.084880	116.974762	0.002240	13.5
1559	-0.822263	116.932476	0.004722	12.0
1560	-0.200690	116.890232	0.002879	12.6
1561	-0.000000	116.848028	0.000000	10.9
1562	-0.000000	116.805865	0.000000	17.7
1563	-0.000000	116.763743	0.000000	11.7
1564	-0.573482	116.721661	0.003694	17.4
1565	-0.001626	116.679619	0.000705	13.2
1566	-1.014588	116.637618	0.005015	17.4
1567	-0.080253	116.595657	0.002009	12.6
1568	-0.034245	116.553736	0.001035	12.8
1569	-0.011484	116.511855	0.000494	13.2
1570	-0.865140	116.470015	0.005057	13.9
1571	-0.473482	116.428214	0.003077	11.8
1572	-0.165472	116.386454	0.002350	13.7
1573	-0.626783	116.344733	0.003460	11.7
1574	-0.000000	116.303052	0.000000	12.8
1575	-0.000000	116.261412	0.000000	13.0
1576	-0.000000	116.219810	0.000000	11.9
1577	-0.186454	116.178249	0.001533	13.9
1578	-0.781412	116.136727	0.003356	12.7
1579	-0.340105	116.095245	0.001970	12.3
1580	-1.001787	116.053802	0.004322	12.8
1581	-0.793374	116.012398	0.003491	15.1
1582	-0.654254	115.971034	0.003126	12.1
1583	-0.000000	115.929710	0.000000	11.4
1584	-0.000000	115.888424	0.000000	11.6
1585	-0.012501	115.847178	0.001175	15.5
1586	-1.009235	115.805970	0.004737	12.6
1587	-0.000000	115.764802	0.000000	12.7
1588	-0.780691	115.723673	0.004047	11.2
1589	-0.306033	115.682583	0.001868	14.4
1590	-0.000000	115.641532	0.000000	12.0
1591	-0.000000	115.600519	0.000000	16.5
1592	-0.442045	115.559546	0.002575	12.3
1593	-0.887592	115.518610	0.004534	13.6
1594	-0.027374	115.477714	0.000488	12.8
1595	-0.240245	115.436856	0.001960	13.7
1596	-0.037255	115.396037	0.000799	11.5
1597	-1.038666	115.355256	0.003817	11.5
1598	-1.029059	115.314514	0.004848	12.5
1599	-0.016587	115.273810	0.000642	12.0
1600	-0.420000	115.233144	0.002561	12.5
1601	-0.790018	115.192517	0.004864	13.9
1602	-1.007618	115.151927	0.004114	14.4
1603	-0.000000	115.111376	0.000000	11.8
1604	-0.000000	115.070863	0.000000	12.3
1605	-0.757228	115.030388	0.003237	13.0
1606	-0.589517	114.989951	0.003131	12.6
1607	-0.046061	114.949551	0.001112	11.8
1608	-0.000000	114.909190	0.000000	12.0
1609	-0.894995	114.868866	0.004238	13.1
1610	-0.801532	114.828580	0.004288	11.9
1611	-0.000000	114.788332	0.000000	12.8
1612	-0.000000	114.748121	0.000000	13.2
1613	-0.199386	114.707948	0.001934	11.8
1614	-0.362815	114.667812	0.004440	12.8
1615	-0.580513	114.627714	0.003262	13.0
1616	-0.219802	114.587653	0.001954	12.9
1617	-0.328493	114.547629	0.002450	13.3
1618	-0.785058	114.507643	0.003824	12.4
1619	-0.834535	114.467693	0.005362	13.1
1620	-0.486182	114.427781	0.002511	15.8
1621	-0.173769	114.387907	0.002538	12.6
1622	-0.874088	114.348069	0.004088	12.0
1623	-1.126648	114.308268	0.004624	12.0
1624	-0.201293	114.268504	0.003308	13.2
1625	-0.316740	114.228777	0.002202	11.7
1626	-0.918020	114.189086	0.003911	13.0
1627	-0.843170	114.149433	0.003493	12.9
1628	-0.200015	114.109816	0.002136	15.3
1629	-0.790349	114.070235	0.004713	12.4
1630	-0.487616	114.030692	0.002821	12.2
1631	-0.228654	113.991185	0.002968	12.7
1632	-1.044962	113.951714	0.005129	11.3
1633	-0.519766	113.912280	0.003627	12.7
1634	-0.000000	113.872882	0.000000	13.7
1635	-0.000000	113.833521	0.000000	13.6
1636	-0.943639	113.794195	0.004182	11.0
1637	-0.000000	113.754906	0.000000	12.6
1638	-0.033848	113.715653	0.001615	14.0
1639	-0.168754	113.676437	0.001651	12.1
1640	-0.997070	113.637256	0.004225	13.6
1641	-1.020936	113.598111	0.004814	12.1
1642	-0.320560	113.559002	0.002626	13.0
1643	-0.209510	113.519929	0.002352	11.6
1644	-0.453644	113.480892	0.003009	14.1
1645	-0.134078	113.441891	0.002986	12.2
1646	-0.000000	113.402925	0.000000	13.7
1647	-0.051616	113.363995	0.000701	12.6
1648	-0.247059	113.325101	0.002159	13.2
1649	-0.318696	113.286242	0.002715	13.5
1650	-0.806774	113.247419	0.005486	12.6
1651	-0.000000	113.208631	0.000000	12.0
1652	-0.561483	113.169879	0.002728	13.2
1653	-0.004206	113.131162	0.000454	12.9
1654	-0.000000	113.092480	0.000000	11.8
1655	-0.776973	113.053833	0.004473	14.3
1656	-0.138698	113.015222	0.001994	12.5
1657	-0.000000	112.976646	0.000000	12.3
1658	-0.830899	112.938105	0.004577	14.0
1659	-0.018064	112.899599	0.000181	12.2
1660	-0.029477	112.861128	0.000241	12.6
1661	-0.283823	112.822692	0.002323	12.9
1662	-0.000000	112.784291	0.000000	13.5
1663	-1.138762	112.745924	0.005291	12.1
1664	-0.000000	112.707593	0.000000	22.3
1665	-0.827414	112.669296	0.003374	12.1
1666	-0.995626	112.631034	0.004825	12.3
1667	-0.000000	112.592806	0.000000	14.0
1668	-0.872518	112.554613	0.003303	12.5
1669	-0.003492	112.516455	0.001206	13.0
1670	-0.000000	112.478331	0.000000	12.1
1671	-1.064148	112.440241	0.005184	14.8
1672	-0.769853	112.402186	0.004715	12.7
1673	-0.900627	112.364165	0.004406	17.3
1674	-0.992398	112.326179	0.003822	11.7
1675	-0.231106	112.288227	0.001971	13.6
1676	-0.898466	112.250309	0.003909	22.7
1677	-0.420441	112.212425	0.002388	13.3
1678	-0.000000	112.174575	0.000000	12.8
1679	-0.000001	112.136759	0.000001	12.7
1680	-0.123144	112.098977	0.001763	12.4
1681	-0.175862	112.061229	0.002307	12.3
1682	-0.000248	112.023515	0.000178	13.6
1683	-0.868511	111.985834	0.006184	17.9
1684	-0.965284	111.948188	0.004501	18.5
1685	-0.418128	111.910575	0.002554	15.4
1686	-0.000000	111.872996	0.000000	13.6
1687	-0.124767	111.835450	0.001334	17.4
1688	-1.025479	111.797939	0.004052	17.5
1689	-0.745464	111.760460	0.004072	18.3
1690	-0.924407	111.723015	0.003952	15.7
1691	-0.733966	111.685604	0.003569	15.0
1692	-0.000000	111.648226	0.000000	17.1
1693	-0.000000	111.610881	0.000000	16.4
1694	-0.600942	111.573570	0.003977	15.7
1695	-0.982165	111.536292	0.004486	16.6
1696	-0.000000	111.499047	0.000000	14.7
1697	-0.141824	111.461835	0.003143	16.6
1698	-0.000000	111.424656	0.000000	15.0
1699	-0.856917	111.387510	0.003794	16.0
1700	-0.940346	111.350398	0.003643	14.8
1701	-0.938494	111.313318	0.007300	17.2
1702	-0.000000	111.276271	0.000000	16.5
1703	-0.136305	111.239257	0.002689	15.0
1704	-0.000000	111.202276	0.000000	12.5
1705	-0.877211	111.165328	0.004045	12.1
1706	-0.000000	111.128412	0.000000	12.7
1707	-0.000000	111.091529	0.000000	13.7
1708	-0.000000	111.054679	0.000000	15.6
1709	-0.968696	111.017861	0.004234	11.8
1710	-1.068851	110.981076	0.005732	14.8
1711	-0.000000	110.944323	0.000000	11.5
1712	-0.000000	110.907603	0.000000	20.5
1713	-0.853808	110.870915	0.003655	12.6
1714	-0.873022	110.834259	0.004335	14.0
1715	-0.010395	110.797636	0.000471	12.0
1716	-0.602010	110.761045	0.003301	14.3
1717	-0.478633	110.724486	0.002454	10.8
1718	-0.832852	110.687959	0.004761	14.1
1719	-0.517621	110.651465	0.002547	12.3
1720	-0.000000	110.615002	0.000000	12.8
1721	-0.246299	110.578572	0.001608	12.6
1722	-0.000000	110.542173	0.000000	12.8
1723	-0.000000	110.505807	0.000000	13.6
1724	-0.554256	110.469472	0.003445	13.3
1725	-0.000000	110.433169	0.000000	14.3
1726	-0.000000	110.396898	0.000000	12.2
1727	-0.786720	110.360659	0.004126	13.3
1728	-0.645021	110.324451	0.002829	12.3
1729	-0.989321	110.288276	0.004288	12.6
1730	-0.990200	110.252131	0.005406	12.8
1731	-0.908747	110.216019	0.003744	13.0
1732	-0.121277	110.179937	0.001564	13.7
1733	-1.088654	110.143888	0.006783	13.2
1734	-0.885484	110.107869	0.004054	13.2
1735	-0.000000	110.071882	0.000000	14.5
1736	-0.789580	110.035927	0.005225	11.8
1737	-1.038489	110.000003	0.004328	13.4
1738	-0.227808	109.964110	0.001713	13.2
1739	-0.072865	109.928248	0.003200	12.9
1740	-1.047009	109.892417	0.004900	14.1
1741	-0.677115	109.856618	0.003140	12.9
1742	-0.637539	109.820850	0.003682	12.3
1743	-0.961367	109.785112	0.004888	12.9
1744	-0.100666	109.749406	0.002363	12.6
1745	-0.000000	109.713730	0.000000	12.6
1746	-0.000000	109.678086	0.000000	12.5
1747	-0.000000	109.642472	0.000000	12.1
1748	-0.092778	109.606890	0.001888	14.2
1749	-0.355995	109.571337	0.002653	13.8
1750	-0.133127	109.535816	0.001748	15.0
1751	-0.064837	109.500326	0.000906	16.7
1752	-0.901292	109.464866	0.006175	14.4
1753	-0.000000	109.429436	0.000000	23.7
1754	-0.004142	109.394038	0.000121	19.1
1755	-0.754535	109.358669	0.003676	18.7
1756	-0.000000	109.323331	0.000000	18.6
1757	-0.131976	109.288024	0.002695	17.2
1758	-0.822530	109.252747	0.004339	18.0
1759	-0.000000	109.217501	0.000000	18.6
1760	-0.892135	109.182284	0.003871	23.3
1761	-0.000000	109.147098	0.000000	15.1
1762	-0.944926	109.111942	0.005027	16.1
1763	-1.122932	109.076817	0.004498	12.5
1764	-0.000000	109.041721	0.000000	11.9
1765	-0.864090	109.006656	0.004450	12.5
1766	-0.165537	108.971620	0.001556	14.1
1767	-0.000000	108.936615	0.000000	16.3
1768	-0.021707	108.901640	0.000130	12.2
1769	-0.825239	108.866694	0.004873	13.7
1770	-0.000000	108.831779	0.000000	12.9
1771	-0.440405	108.796893	0.001956	12.8
1772	-0.202339	108.762037	0.002320	13.6
1773	-0.026749	108.727211	0.001049	14.8
1774	-0.029507	108.692415	0.001562	13.7
1775	-0.000000	108.657648	0.000000	12.6
1776	-0.644451	108.622911	0.003621	11.3
1777	-0.000000	108.588203	0.000000	12.1
1778	-0.016059	108.553525	0.000557	13.0
1779	-0.000000	108.518877	0.000000	13.0
1780	-0.177301	108.484258	0.002549	17.5
1781	-0.055507	108.449668	0.002179	12.7
1782	-0.893218	108.415108	0.006298	12.9
1783	-0.052891	108.380578	0.001054	13.5
1784	-0.885730	108.346076	0.004403	13.4
1785	-0.000000	108.311604	0.000000	12.7
1786	-0.349773	108.277161	0.001875	14.2
1787	-0.306850	108.242747	0.002938	29.1
1788	-0.000000	108.208363	0.000000	40.0
1789	-0.540526	108.174007	0.003217	23.0
1790	-0.000000	108.139681	0.000000	21.7
1791	-0.770595	108.105383	0.005381	21.7
1792	-0.000000	108.071115	0.000000	21.3
1793	-0.664768	108.036875	0.003212	19.5
1794	-0.546679	108.002665	0.003428	16.5
1795	-0.303351	107.968483	0.002593	14.9
1796	-0.000000	107.934330	0.000000	14.3
1797	-0.000000	107.900206	0.000000	12.7
1798	-1.124682	107.866111	0.005204	13.0
1799	-1.017536	107.832044	0.004227	13.4
1800	-0.575313	107.798007	0.002656	13.1
1801	-0.000000	107.763997	0.000000	12.0
1802	-0.000000	107.730017	0.000000	23.3
1803	-0.327735	107.696065	0.002319	13.4
1804	-0.000003	107.662141	0.000003	12.8
1805	-0.216204	107.628246	0.002021	13.3
1806	-0.794378	107.594379	0.004671	13.2
1807	-0.079955	107.560541	0.001501	15.8
1808	-0.866610	107.526731	0.003812	14.6
1809	-0.000000	107.492949	0.000000	16.5
1810	-0.000608	107.459196	0.000507	17.7
1811	-0.000000	107.425471	0.000000	16.7
1812	-0.000000	107.391774	0.000000	16.9
1813	-0.000000	107.358106	0.000000	20.0
1814	-0.784615	107.324465	0.004448	15.3
1815	-0.022637	107.290853	0.000933	13.8
1816	-0.853298	107.257268	0.003938	13.6
1817	-0.000000	107.223712	0.000000	12.9
1818	-0.824662	107.190184	0.004061	13.7
1819	-0.011545	107.156683	0.001309	14.6
1820	-1.031746	107.123211	0.005200	24.6
1821	-0.482749	107.089766	0.003388	15.3
1822	-0.478660	107.056349	0.002195	16.0
1823	-0.000000	107.022960	0.000000	11.6
1824	-0.057998	106.989599	0.002018	14.5
1825	-0.010369	106.956265	0.001286	13.3
1826	-0.889671	106.922960	0.003952	17.2
1827	-0.445177	106.889681	0.003104	14.6
1828	-0.219268	106.856431	0.002462	16.7
1829	-0.263516	106.823208	0.001885	12.2
1830	-1.028921	106.790012	0.005842	13.3
1831	-0.796534	106.756844	0.005394	11.9
1832	-0.793514	106.723703	0.003708	14.7
1833	-0.644834	106.690590	0.002926	11.9
1834	-0.050878	106.657505	0.001901	15.7
1835	-0.221207	106.624446	0.004067	14.4
1836	-0.000000	106.591415	0.000000	15.3
1837	-0.763977	106.558411	0.004364	11.8
1838	-0.000000	106.525435	0.000000	12.9
1839	-0.000000	106.492485	0.000000	13.0
1840	-0.233837	106.459563	0.002679	12.0
1841	-0.934207	106.426668	0.006556	13.2
1842	-0.295210	106.393800	0.002960	12.7
1843	-0.367202	106.360959	0.002344	11.6
1844	-0.780502	106.328145	0.004343	13.3
1845	-0.159876	106.295358	0.002018	11.7
1846	-0.309116	106.262598	0.002786	14.4
1847	-0.974116	106.229865	0.004274	11.2
1848	-0.000000	106.197158	0.000000	12.2
1849	-0.000000	106.164479	0.000000	13.7
1850	-0.090024	106.131826	0.001654	15.4
1851	-0.000000	106.099201	0.000000	13.5
1852	-1.196120	106.066602	0.005879	13.2
1853	-0.624937	106.034029	0.003014	13.7
1854	-0.817424	106.001483	0.004574	14.5
1855	-0.711814	105.968964	0.004250	16.4
1856	-0.129459	105.936472	0.002711	16.1
1857	-0.000000	105.904006	0.000000	13.4
1858	-1.014400	105.871566	0.004331	15.1
1859	-0.000012	105.839153	0.000007	15.4
1860	-0.045362	105.806767	0.002779	16.7
1861	-0.011030	105.774407	0.001973	16.1
1862	-0.900484	105.742073	0.004303	12.7
1863	-0.000000	105.709766	0.000000	13.3
1864	-0.000000	105.677485	0.000000	15.5
1865	-0.167409	105.645230	0.001431	16.6
1866	-0.015184	105.613001	0.000553	13.2
1867	-0.000000	105.580799	0.000000	15.6
1868	-0.000000	105.548623	0.000000	17.0
1869	-0.000000	105.516473	0.000000	14.8
1870	-0.434606	105.484349	0.004419	18.0
1871	-0.196567	105.452251	0.002408	13.6
1872	-0.012859	105.420179	0.000205	15.9
1873	-0.179269	105.388133	0.001545	12.0
1874	-0.943589	105.356113	0.004354	14.6
1875	-0.000000	105.324119	0.000000	10.8
1876	-0.000000	105.292151	0.000000	15.0
1877	-0.000000	105.260209	0.000000	14.8
1878	-0.000000	105.228293	0.000000	16.8
1879	-0.027351	105.196402	0.001979	18.9
1880	-0.843178	105.164537	0.003786	15.3
1881	-0.346801	105.132698	0.003055	13.5
1882	-1.006123	105.100885	0.004994	13.1
1883	-0.269838	105.069097	0.002299	16.0
1884	-0.152733	105.037335	0.001601	14.8
1885	-0.929736	105.005598	0.003679	15.2
1886	-0.257300	104.973887	0.001954	14.2
1887	-0.775514	104.942202	0.003197	13.7
1888	-0.000000	104.910542	0.000000	13.2
1889	-0.708918	104.878907	0.004163	16.3
1890	-0.000000	104.847298	0.000000	18.6
1891	-0.201804	104.815715	0.002704	13.8
1892	-0.000000	104.784156	0.000000	15.2
1893	-0.236776	104.752623	0.003925	14.2
1894	-0.000000	104.721116	0.000000	13.4
1895	-0.000000	104.689633	0.000000	14.9
1896	-0.733359	104.658176	0.004138	13.1
1897	-0.995701	104.626744	0.004584	15.0
1898	-0.032464	104.595337	0.000400	14.4
1899	-0.801793	104.563955	0.004517	14.6
1900	-0.785505	104.532599	0.003657	14.8
1901	-0.535638	104.501267	0.003095	14.1
1902	-0.448775	104.469960	0.002436	16.3
1903	-0.831609	104.438679	0.004450	14.7
1904	-1.052094	104.407422	0.004929	15.3
1905	-0.763427	104.376191	0.003644	15.6
1906	-0.317706	104.344984	0.002886	13.8
1907	-0.000000	104.313802	0.000000	20.0
1908	-0.746637	104.282645	0.003208	18.8
1909	-0.059275	104.251513	0.001241	27.3
1910	-0.000000	104.220405	0.000000	35.0
1911	-0.000000	104.189323	0.000000	19.4
1912	-0.002323	104.158265	0.000416	22.4
1913	-0.000000	104.127231	0.000000	20.8
1914	-0.000000	104.096222	0.000000	19.2
1915	-0.000000	104.065238	0.000000	17.4
1916	-0.757616	104.034279	0.004617	18.9
1917	-0.943370	104.003344	0.003816	35.1
1918	-0.000000	103.972433	0.000000	21.8
1919	-0.224493	103.941547	0.002342	24.2
1920	-0.002215	103.910686	0.000397	19.1
1921	-0.000000	103.879849	0.000000	12.6
1922	-0.736600	103.849036	0.004345	15.3
1923	-1.029067	103.818248	0.003473	16.7
1924	-0.160184	103.787484	0.001937	16.8
1925	-1.138719	103.756744	0.005323	12.6
1926	-0.034237	103.726029	0.000575	17.2
1927	-0.000000	103.695338	0.000000	14.2
1928	-0.000004	103.664671	0.000008	16.1
1929	-0.000000	103.634028	0.000000	13.4
1930	-0.440937	103.603409	0.002619	19.5
1931	-0.866899	103.572814	0.003858	19.5
1932	-0.091653	103.542244	0.001171	13.3
1933	-0.000000	103.511698	0.000000	16.7
1934	-0.000000	103.481175	0.000000	12.0
1935	-0.000000	103.450677	0.000000	13.4
1936	-0.654964	103.420202	0.003399	12.9
1937	-0.000000	103.389752	0.000000	11.8
1938	-0.821061	103.359325	0.005685	12.4
1939	-0.000000	103.328922	0.000000	13.7
1940	-0.023712	103.298543	0.000496	13.5
1941	-0.715844	103.268188	0.003435	12.4
1942	-0.957211	103.237857	0.004509	12.0
1943	-0.000000	103.207549	0.000000	12.5
1944	-0.575006	103.177265	0.003629	13.9
1945	-0.000000	103.147005	0.000000	12.5
1946	-0.478119	103.116768	0.002619	12.5
1947	-0.000000	103.086556	0.000000	13.0
1948	-0.000000	103.056366	0.000000	13.5
1949	-0.000000	103.026200	0.000000	12.7
1950	-0.000000	102.996058	0.000000	13.1
1951	-0.423590	102.965939	0.002983	15.6
1952	-0.476676	102.935844	0.003336	14.0
1953	-0.000000	102.905772	0.000000	12.4
1954	-0.000000	102.875724	0.000000	16.6
1955	-0.598958	102.845699	0.003368	14.0
1956	-0.000000	102.815697	0.000000	12.5
1957	-0.799818	102.785719	0.005222	11.7
1958	-0.851651	102.755764	0.003602	13.4
1959	-0.000000	102.725832	0.000000	12.4
1960	-0.843550	102.695924	0.004343	12.5
1961	-0.000000	102.666038	0.000000	12.3
1962	-0.575145	102.636176	0.003305	13.1
1963	-0.311786	102.606337	0.003603	14.2
1964	-0.275500	102.576521	0.002125	10.9
1965	-0.000000	102.546728	0.000000	12.5
1966	-0.431954	102.516959	0.003248	12.7
1967	-0.559655	102.487212	0.005483	13.5
1968	-0.000000	102.457488	0.000000	12.4
1969	-0.051853	102.427788	0.000794	25.0
1970	-0.001909	102.398110	0.000552	12.3
1971	-0.000000	102.368455	0.000000	12.0
1972	-0.937268	102.338823	0.004297	16.9
1973	-0.998231	102.309214	0.005615	12.1
1974	-0.638012	102.279628	0.002802	13.9
1975	-0.217898	102.250064	0.002567	17.1
1976	-1.117369	102.220524	0.004222	12.1
1977	-0.000000	102.191006	0.000000	11.8
1978	-0.000000	102.161511	0.000000	15.3
1979	-0.139819	102.132038	0.001426	13.5
1980	-0.000000	102.102588	0.000000	16.4
1981	-0.680053	102.073161	0.003129	14.6
1982	-0.063098	102.043757	0.001971	16.2
1983	-0.848669	102.014375	0.004001	14.6
1984	-0.000000	101.985015	0.000000	15.0
1985	-0.289277	101.955678	0.002199	15.6
1986	-1.012541	101.926364	0.004289	15.2
1987	-0.153907	101.897072	0.002355	13.4
1988	-0.000000	101.867802	0.000000	14.7
1989	-0.000000	101.838555	0.000000	13.1
1990	-0.138870	101.809330	0.001606	13.2
1991	-0.168905	101.780128	0.002066	12.6
1992	-1.077770	101.750948	0.004328	13.0
1993	-0.163065	101.721790	0.002324	13.6
1994	-0.000000	101.692654	0.000000	13.0
1995	-0.000000	101.663541	0.000000	12.4
1996	-1.138125	101.634450	0.006075	12.6
1997	-0.000000	101.605381	0.000000	11.6
1998	-0.000000	101.576335	0.000000	14.5
1999	-0.036414	101.547310	0.000783	12.5
