1:ItNr	2:Metric	3:StepSize	4:||Gradient||	Time[ms]
0	-1.027247	627.201626	0.006966	648.9
1	-0.212357	623.504937	0.004970	8.5
2	-1.345846	619.865785	0.016401	10.2
3	-0.996599	616.282728	0.007447	9.2
4	-0.000000	612.754375	0.000000	8.2
5	-0.156722	609.279381	0.004948	12.2
6	-1.030339	605.856447	0.011673	7.9
7	-0.000000	602.484317	0.000000	9.6
8	-0.000000	599.161779	0.000000	11.0
9	-0.739230	595.887656	0.015440	14.9
10	-0.007542	592.660813	0.000944	8.8
11	-1.171131	589.480151	0.013815	11.9
12	-1.042776	586.344606	0.010490	11.7
13	-0.000000	583.253145	0.000000	10.7
14	-0.000002	580.204771	0.000001	8.3
15	-0.525494	577.198517	0.008803	10.8
16	-1.123811	574.233444	0.011846	10.1
17	-1.180096	571.308645	0.012179	8.0
18	-0.702140	568.423237	0.006909	9.9
19	-0.766233	565.576365	0.012838	10.1
20	-0.000000	562.767201	0.000000	8.2
21	-0.303766	559.994938	0.004245	13.9
22	-1.157234	557.258797	0.013767	10.0
23	-0.000000	554.558018	0.000000	9.4
24	-0.969585	551.891865	0.011181	13.2
25	-0.928202	549.259621	0.016458	9.6
26	-1.032197	546.660592	0.008529	13.0
27	-1.181358	544.094102	0.013760	7.1
28	-0.000651	541.559494	0.000359	9.4
29	-0.522761	539.056129	0.005997	7.3
30	-0.001752	536.583387	0.000414	9.4
31	-0.774905	534.140663	0.009534	10.1
32	-0.000000	531.727370	0.000000	9.0
33	-0.307379	529.342935	0.005837	9.7
34	-0.265560	526.986802	0.008410	8.4
35	-0.000000	524.658430	0.000000	9.4
36	-0.000000	522.357290	0.000000	11.5
37	-0.000000	520.082868	0.000000	7.8
38	-0.010020	517.834665	0.000086	8.8
39	-0.946106	515.612193	0.012826	9.0
40	-0.791558	513.414976	0.009744	8.7
41	-0.000000	511.242551	0.000000	8.2
42	-1.195920	509.094468	0.012373	10.9
43	-1.073918	506.970285	0.012935	8.8
44	-0.000000	504.869574	0.000000	8.9
45	-0.000000	502.791916	0.000000	8.9
46	-0.000000	500.736903	0.000000	8.5
47	-0.778464	498.704137	0.006390	8.1
48	-0.000000	496.693228	0.000000	10.7
49	-0.000000	494.703798	0.000000	7.9
50	-0.004632	492.735476	0.000042	9.0
51	-0.000000	490.787900	0.000000	8.1
52	-1.103587	488.860718	0.010684	10.9
53	-1.279057	486.953585	0.009781	9.6
54	-0.322932	485.066164	0.002808	8.2
55	-0.097312	483.198126	0.004089	8.9
56	-0.000000	481.349149	0.000000	12.2
57	-0.143778	479.518920	0.003486	11.4
58	-0.877643	477.707132	0.009158	10.9
59	-0.864232	475.913485	0.008786	12.7
60	-0.109892	474.137684	0.003199	9.3
61	-1.195743	472.379445	0.008976	8.6
62	-0.000000	470.638485	0.000000	9.4
63	-0.000000	468.914531	0.000000	7.6
64	-0.759419	467.207315	0.008698	9.4
65	-1.114567	465.516573	0.008223	16.4
66	-0.000000	463.842050	0.000000	10.5
67	-1.178685	462.183494	0.016792	9.0
68	-1.248169	460.540658	0.012426	10.1
69	-0.015899	458.913303	0.000688	8.5
70	-0.000000	457.301192	0.000000	8.6
71	-0.650252	455.704096	0.009423	8.5
72	-0.000000	454.121787	0.000000	9.1
73	-0.656813	452.554045	0.006552	11.5
74	-1.169027	451.000653	0.011253	22.0
75	-1.279388	449.461399	0.012036	9.0
76	-0.000000	447.936075	0.000000	8.7
77	-0.613543	446.424477	0.007823	12.7
78	-0.000000	444.926406	0.000000	13.7
79	-0.437628	443.441666	0.006728	11.4
80	-0.254725	441.970065	0.007971	11.8
81	-1.189230	440.511415	0.010389	9.4
82	-1.128868	439.065533	0.009453	9.6
83	-1.055645	437.632238	0.019281	7.4
84	-0.004211	436.211351	0.000508	8.7
85	-0.031456	434.802701	0.002722	9.1
86	-0.000000	433.406117	0.000000	9.1
87	-0.000000	432.021430	0.000000	16.2
88	-0.000000	430.648479	0.000000	10.2
89	-0.000000	429.287101	0.000000	8.9
90	-0.001417	427.937140	0.000459	8.8
91	-0.000000	426.598440	0.000000	9.5
92	-0.872264	425.270849	0.010285	10.0
93	0.000000	423.954220	0.000000	8.8
94	-1.040241	422.648404	0.011665	10.6
95	-0.000000	421.353259	0.000000	9.5
96	-0.000000	420.068643	0.000000	10.1
97	-0.000000	418.794419	0.000000	13.1
98	-0.132549	417.530451	0.003702	8.4
99	-0.000000	416.276604	0.000000	9.4
100	-1.152627	415.032748	0.013195	8.4
101	-0.638680	413.798754	0.005069	9.5
102	-0.000000	412.574495	0.000000	9.2
103	-0.344396	411.359849	0.002764	13.7
104	-0.697786	410.154691	0.007476	9.3
105	-1.037567	408.958904	0.015332	8.5
106	-1.216676	407.772368	0.020171	9.0
107	-1.183848	406.594968	0.010051	9.2
108	-0.373896	405.426590	0.005144	8.8
109	-0.077864	404.267122	0.003686	9.4
110	-0.907096	403.116456	0.006659	11.6
111	-0.024478	401.974481	0.001409	7.6
112	-0.000000	400.841093	0.000000	9.8
113	-0.847247	399.716187	0.009199	8.6
114	-0.203805	398.599660	0.004402	16.1
115	-0.000000	397.491411	0.000000	9.5
116	-0.000000	396.391342	0.000000	12.6
117	-0.157709	395.299353	0.002018	9.6
118	-1.046426	394.215350	0.009668	10.5
119	-0.207070	393.139238	0.002496	13.0
120	-0.841407	392.070924	0.008037	8.7
121	-0.542362	391.010316	0.004121	8.8
122	-0.000000	389.957325	0.000000	9.3
123	-0.649128	388.911862	0.007480	9.3
124	-1.213637	387.873839	0.012268	9.2
125	-1.265549	386.843173	0.012027	9.4
126	-0.000000	385.819777	0.000000	9.1
127	-0.553508	384.803569	0.005183	13.9
128	-0.050302	383.794468	0.001341	14.6
129	-0.000000	382.792393	0.000000	10.4
130	-1.244146	381.797264	0.012462	12.6
131	-0.753332	380.809005	0.008343	9.2
132	-0.071093	379.827537	0.000834	8.8
133	-0.122005	378.852786	0.002167	7.8
134	-1.191122	377.884678	0.011046	9.3
135	-1.384283	376.923138	0.016339	8.7
136	-0.000000	375.968095	0.000000	10.2
137	-1.216769	375.019479	0.018777	7.4
138	-0.856439	374.077218	0.009417	8.3
139	-0.512966	373.141244	0.004049	8.9
140	-0.006449	372.211489	0.000204	14.0
141	-1.242214	371.287887	0.013073	9.6
142	-1.076017	370.370370	0.006721	9.5
143	-0.057599	369.458876	0.001298	9.3
144	-0.003048	368.553338	0.000954	9.0
145	-0.002629	367.653696	0.000628	9.0
146	-0.081471	366.759885	0.000526	10.2
147	-0.306950	365.871846	0.002541	13.4
148	-0.000094	364.989518	0.000080	9.7
149	-1.022797	364.112841	0.007509	8.3
150	-0.004289	363.241757	0.000027	8.8
151	-0.243529	362.376208	0.004197	10.2
152	-0.000000	361.516137	0.000000	11.7
153	-1.340176	360.661488	0.019821	8.3
154	-1.117755	359.812206	0.012257	10.9
155	-0.241528	358.968236	0.004332	9.3
156	-0.773093	358.129524	0.006197	9.2
157	-0.454919	357.296018	0.004881	9.6
158	-0.000000	356.467665	0.000000	11.5
159	-1.339461	355.644414	0.011410	13.4
160	-1.201235	354.826213	0.005885	10.1
161	-1.379449	354.013012	0.011013	10.5
162	-0.000000	353.204763	0.000000	9.2
163	-0.000000	352.401415	0.000000	9.5
164	-0.000000	351.602922	0.000000	10.0
165	-0.000000	350.809235	0.000000	10.2
166	-0.212238	350.020308	0.003277	8.4
167	-1.053849	349.236095	0.009491	8.2
168	-0.419370	348.456550	0.004132	9.6
169	-0.000000	347.681627	0.000000	9.1
170	-1.180761	346.911283	0.006829	9.3
171	-1.269360	346.145474	0.014698	9.3
172	-0.345114	345.384157	0.008703	9.1
173	-1.123170	344.627288	0.009351	9.3
174	-1.218008	343.874826	0.011463	15.0
175	-0.000000	343.126729	0.000000	8.8
176	-0.884500	342.382957	0.007228	9.4
177	-0.000000	341.643469	0.000000	10.6
178	-0.524767	340.908224	0.003868	8.7
179	-1.057614	340.177184	0.033109	8.8
180	-0.891464	339.450309	0.007861	8.6
181	-0.014029	338.727561	0.000200	9.0
182	-0.557747	338.008902	0.007162	9.3
183	-0.001413	337.294295	0.000728	8.6
184	-1.087478	336.583703	0.006766	8.0
185	-1.170298	335.877089	0.013730	9.6
186	-0.926213	335.174416	0.023770	9.2
187	-0.882423	334.475651	0.008751	8.2
188	-0.000000	333.780756	0.000000	9.2
189	-0.000000	333.089698	0.000000	11.2
190	-0.000000	332.402443	0.000000	9.9
191	-0.809955	331.718955	0.020272	8.4
192	-1.332194	331.039203	0.013531	8.8
193	-0.000000	330.363153	0.000000	8.7
194	-0.000630	329.690771	0.000287	9.0
195	-0.000000	329.022027	0.000000	8.9
196	-0.890415	328.356888	0.009731	9.8
197	-0.000000	327.695322	0.000000	9.4
198	-0.895255	327.037299	0.011839	8.5
199	-0.000000	326.382787	0.000000	9.1
200	-0.000005	325.731758	0.000005	8.5
201	0.000000	325.084179	0.000000	10.0
202	-0.159258	324.440023	0.002977	8.0
203	-1.095867	323.799258	0.009674	8.2
204	-0.494330	323.161858	0.004553	8.9
205	0.000000	322.527792	0.000000	8.5
206	-0.106945	321.897034	0.003719	9.0
207	-0.000000	321.269554	0.000000	9.1
208	-0.001169	320.645325	0.000532	8.8
209	-0.328602	320.024320	0.003779	8.8
210	-0.218514	319.406512	0.003646	11.8
211	-1.247499	318.791875	0.013393	8.7
212	-0.080434	318.180381	0.002299	9.1
213	-0.000000	317.572005	0.000000	10.2
214	-0.820061	316.966721	0.005927	10.3
215	0.000000	316.364504	0.000000	8.6
216	-0.000000	315.765329	0.000000	7.4
217	-0.000000	315.169170	0.000000	10.0
218	-0.864607	314.576003	0.007445	8.6
219	-1.159587	313.985804	0.007346	8.7
220	-1.001190	313.398548	0.009403	9.3
221	-0.000000	312.814213	0.000000	8.6
222	-0.111894	312.232773	0.003002	8.5
223	-0.405941	311.654207	0.006593	16.9
224	-0.969946	311.078491	0.009532	8.1
225	-0.000000	310.505602	0.000000	15.5
226	-0.000000	309.935518	0.000000	9.4
227	-0.298037	309.368217	0.006785	7.3
228	-1.215251	308.803676	0.006503	8.8
229	-0.000000	308.241874	0.000000	9.5
230	-0.842649	307.682789	0.017744	8.8
231	-0.000000	307.126400	0.000000	9.4
232	-0.000000	306.572687	0.000000	8.2
233	-0.039333	306.021627	0.001100	9.3
234	-0.600075	305.473201	0.006685	10.0
235	0.000000	304.927388	0.000000	9.1
236	-0.606733	304.384168	0.007641	8.9
237	-0.079126	303.843521	0.002435	8.0
238	-1.319160	303.305427	0.009988	8.5
239	-0.368512	302.769867	0.003769	9.4
240	-0.934668	302.236821	0.010508	10.2
241	-0.000000	301.706270	0.000000	9.9
242	-0.356759	301.178196	0.003398	9.6
243	-0.148990	300.652580	0.002035	8.4
244	-1.264650	300.129402	0.010849	13.2
245	-1.260068	299.608645	0.007561	10.1
246	0.000000	299.090291	0.000000	9.9
247	-0.933242	298.574321	0.009014	10.2
248	-0.000000	298.060718	0.000000	8.2
249	-1.385844	297.549465	0.015322	11.0
250	-1.061668	297.040543	0.009578	10.7
251	-0.118992	296.533936	0.001864	8.2
252	-0.000000	296.029626	0.000000	9.7
253	-0.466814	295.527597	0.005022	8.4
254	-1.215499	295.027832	0.008083	9.3
255	-0.000000	294.530315	0.000000	11.4
256	-0.002993	294.035028	0.000699	9.1
257	-0.432063	293.541956	0.004279	8.7
258	-0.000000	293.051083	0.000000	9.5
259	-1.012814	292.562393	0.013735	12.5
260	0.000000	292.075870	0.000000	9.8
261	-0.807251	291.591498	0.012133	13.2
262	-0.000000	291.109263	0.000000	8.6
263	-0.330501	290.629149	0.004709	9.7
264	-0.444952	290.151140	0.004506	13.1
265	-1.201723	289.675222	0.013161	8.7
266	-0.000000	289.201380	0.000000	7.5
267	-0.000000	288.729600	0.000000	10.7
268	-0.000000	288.259866	0.000000	8.7
269	-1.142249	287.792165	0.009954	8.6
270	-0.000000	287.326481	0.000000	8.3
271	-0.087111	286.862802	0.003914	13.4
272	-0.609424	286.401113	0.004278	9.2
273	-0.614794	285.941400	0.006712	10.5
274	-0.000000	285.483649	0.000000	8.1
275	-0.000000	285.027847	0.000000	9.5
276	-0.351597	284.573981	0.004260	14.3
277	-0.053596	284.122037	0.001124	7.3
278	-0.722677	283.672002	0.006998	8.7
279	-0.000000	283.223863	0.000000	8.5
280	-1.287789	282.777607	0.009612	8.6
281	-0.000000	282.333221	0.000000	17.2
282	-0.671339	281.890692	0.005765	10.3
283	-0.104301	281.450008	0.001134	13.9
284	-1.303611	281.011157	0.016176	9.6
285	-0.575586	280.574125	0.006023	8.9
286	-0.012276	280.138901	0.001246	10.7
287	-1.250389	279.705473	0.009526	8.5
288	-0.000000	279.273829	0.000000	9.0
289	0.000000	278.843956	0.000000	8.5
290	-0.656533	278.415844	0.007272	9.1
291	-0.701075	277.989479	0.005825	8.8
292	0.000000	277.564851	0.000000	9.4
293	-0.000000	277.141949	0.000000	10.5
294	-0.373203	276.720761	0.004433	8.0
295	-0.306262	276.301275	0.002912	9.1
296	-1.144174	275.883480	0.007450	8.8
297	-0.743790	275.467366	0.004433	9.4
298	-0.021502	275.052922	0.000243	9.2
299	-0.000000	274.640136	0.000000	15.5
300	-0.935768	274.228998	0.009588	8.7
301	-0.083734	273.819497	0.001867	8.3
302	0.000000	273.411623	0.000000	8.3
303	-0.936923	273.005365	0.007456	8.5
304	-0.000000	272.600712	0.000000	10.6
305	-0.000000	272.197655	0.000000	9.1
306	-0.000000	271.796184	0.000000	9.4
307	-0.004761	271.396287	0.001083	19.9
308	-0.000000	270.997956	0.000000	8.3
309	-0.556812	270.601180	0.005339	8.9
310	0.000000	270.205949	0.000000	9.0
311	-0.581688	269.812254	0.006401	8.9
312	-1.299682	269.420085	0.014832	8.6
313	-0.006888	269.029432	0.000561	10.1
314	-0.246423	268.640287	0.003725	9.1
315	-0.448419	268.252638	0.005096	8.6
316	-0.000000	267.866478	0.000000	14.5
317	-0.142118	267.481796	0.003428	13.3
318	-0.000000	267.098584	0.000000	11.5
319	-0.000000	266.716833	0.000000	17.0
320	-1.421375	266.336533	0.016462	13.8
321	-0.000000	265.957676	0.000000	15.0
322	-0.000000	265.580253	0.000000	14.5
323	-1.065571	265.204254	0.013632	12.5
324	-0.000000	264.829672	0.000000	10.1
325	-0.230785	264.456497	0.003131	15.2
326	-0.000000	264.084721	0.000000	11.8
327	0.000000	263.714335	0.000000	14.3
328	-0.692136	263.345332	0.008282	14.1
329	-0.365585	262.977702	0.002411	11.1
330	-1.208381	262.611438	0.011384	17.7
331	-1.377862	262.246531	0.014307	9.4
332	-0.030066	261.882973	0.001515	11.8
333	-0.481865	261.520756	0.007760	12.3
334	-0.438958	261.159871	0.007432	13.0
335	-1.061541	260.800312	0.009279	10.8
336	-0.000339	260.442070	0.000192	10.1
337	-0.900098	260.085137	0.006529	11.5
338	-0.363948	259.729505	0.004004	14.2
339	-0.000000	259.375167	0.000000	9.5
340	-0.000000	259.022116	0.000000	9.1
341	-0.000000	258.670343	0.000000	11.7
342	-0.000000	258.319841	0.000000	10.1
343	-1.160526	257.970602	0.009412	10.1
344	-1.062501	257.622620	0.008604	8.3
345	-0.000000	257.275887	0.000000	10.1
346	-0.523023	256.930396	0.004675	8.7
347	-0.000003	256.586139	0.000002	9.8
348	-1.394427	256.243109	0.013712	9.1
349	-0.430304	255.901300	0.005895	9.6
350	-0.003653	255.560703	0.000712	9.7
351	-0.000004	255.221313	0.000003	9.6
352	-1.166948	254.883122	0.008740	10.1
353	-1.097336	254.546124	0.013394	9.4
354	-0.280614	254.210311	0.004144	8.8
355	-1.070221	253.875677	0.009768	10.5
356	-0.018479	253.542215	0.000604	11.1
357	-0.666836	253.209918	0.005602	9.0
358	-0.000000	252.878781	0.000000	8.8
359	-1.146994	252.548795	0.008986	8.0
360	-0.160205	252.219956	0.003205	8.7
361	-0.673223	251.892255	0.007283	7.5
362	-1.140036	251.565688	0.013271	8.6
363	-0.011499	251.240247	0.000520	9.5
364	-0.000000	250.915926	0.000000	9.2
365	-0.000000	250.592720	0.000000	10.2
366	-1.082034	250.270621	0.011078	9.9
367	-0.291863	249.949624	0.006318	8.5
368	-0.000000	249.629723	0.000000	10.2
369	-0.321074	249.310911	0.002870	8.3
370	0.000000	248.993182	0.000000	8.1
371	-0.217236	248.676531	0.003517	14.0
372	-0.000000	248.360952	0.000000	7.3
373	-0.000000	248.046438	0.000000	8.8
374	-0.810572	247.732984	0.006319	10.9
375	-0.994473	247.420584	0.005844	9.6
376	-1.375266	247.109233	0.017769	9.1
377	-0.000000	246.798924	0.000000	8.6
378	-0.000000	246.489652	0.000000	9.0
379	-0.000000	246.181412	0.000000	8.6
380	-0.000000	245.874197	0.000000	9.5
381	-0.000000	245.568002	0.000000	10.4
382	-0.000000	245.262822	0.000000	7.8
383	-1.186408	244.958652	0.014110	9.0
384	-0.605927	244.655485	0.004533	9.6
385	-0.000000	244.353317	0.000000	10.3
386	-0.286644	244.052142	0.004067	9.3
387	-0.134730	243.751955	0.001093	13.3
388	-1.190430	243.452750	0.008698	7.9
389	-0.000000	243.154523	0.000000	8.7
390	-0.613296	242.857268	0.008674	9.1
391	-1.020729	242.560980	0.005459	9.1
392	-0.002594	242.265654	0.000595	9.4
393	-0.000000	241.971285	0.000000	9.0
394	-0.000000	241.677868	0.000000	10.2
395	-1.128886	241.385397	0.013994	10.0
396	-0.985293	241.093869	0.009344	7.7
397	-0.659244	240.803278	0.003507	9.6
398	-0.291415	240.513619	0.005396	11.1
399	-0.878114	240.224887	0.010157	11.0
400	-0.000000	239.937077	0.000000	13.4
401	-0.000012	239.650186	0.000009	10.4
402	-0.000000	239.364207	0.000000	8.6
403	-0.144188	239.079136	0.003322	9.1
404	-1.127178	238.794969	0.006583	9.9
405	-0.000000	238.511701	0.000000	10.3
406	-0.000000	238.229327	0.000000	9.6
407	-0.245437	237.947843	0.006075	9.4
408	-0.533316	237.667244	0.005823	9.2
409	-0.000000	237.387526	0.000000	8.5
410	-0.127060	237.108684	0.003405	7.0
411	-0.000000	236.830714	0.000000	8.4
412	-0.592025	236.553610	0.005377	9.4
413	-0.000000	236.277370	0.000000	9.8
414	-0.000000	236.001989	0.000000	9.0
415	0.000000	235.727461	0.000000	8.6
416	-1.000442	235.453784	0.008069	9.1
417	-1.131163	235.180952	0.013519	10.0
418	-0.788657	234.908962	0.007771	11.7
419	-1.254987	234.637809	0.008453	12.8
420	-0.486681	234.367488	0.005257	8.6
421	-0.011970	234.097997	0.000927	10.0
422	-0.009522	233.829331	0.001436	10.9
423	-1.100627	233.561485	0.009189	8.6
424	-0.000000	233.294456	0.000000	8.8
425	-0.000000	233.028239	0.000000	8.8
426	-1.321497	232.762831	0.014000	8.6
427	-0.001621	232.498228	0.000532	9.2
428	-0.002038	232.234425	0.001116	9.2
429	-0.000000	231.971419	0.000000	10.6
430	-1.023149	231.709205	0.008644	10.1
431	-1.482678	231.447781	0.011512	12.4
432	-1.107626	231.187141	0.007856	9.7
433	-0.000004	230.927283	0.000004	9.9
434	-0.000000	230.668202	0.000000	9.7
435	-0.135325	230.409895	0.002013	7.9
436	-0.000018	230.152358	0.000013	9.9
437	-0.000000	229.895587	0.000000	12.4
438	-0.111685	229.639578	0.001061	8.6
439	-1.258418	229.384329	0.012972	10.8
440	-0.000000	229.129834	0.000000	8.7
441	-1.299304	228.876091	0.017620	9.5
442	-0.697158	228.623096	0.003994	7.7
443	-0.094856	228.370846	0.000791	8.1
444	-0.000000	228.119336	0.000000	10.3
445	-0.000000	227.868563	0.000000	9.3
446	-0.000000	227.618525	0.000000	9.0
447	-0.000000	227.369216	0.000000	10.6
448	-1.159016	227.120635	0.007693	8.8
449	-0.624331	226.872777	0.004555	9.4
450	-0.881869	226.625638	0.005202	8.4
451	-0.399633	226.379217	0.004017	8.7
452	-0.887198	226.133509	0.010275	9.2
453	-0.148117	225.888510	0.002234	8.8
454	-0.911074	225.644218	0.005573	8.8
455	-0.000000	225.400630	0.000000	7.9
456	-0.929727	225.157741	0.006388	8.9
457	-0.234031	224.915549	0.005784	9.8
458	-0.000000	224.674051	0.000000	8.5
459	-0.000000	224.433242	0.000000	11.0
460	-0.000000	224.193121	0.000000	8.2
461	0.000000	223.953684	0.000000	9.0
462	-0.936430	223.714927	0.012689	9.7
463	0.000000	223.476848	0.000000	11.2
464	-0.067642	223.239444	0.001195	9.4
465	-0.373078	223.002710	0.007615	8.2
466	-0.008985	222.766645	0.000186	8.6
467	-0.007317	222.531245	0.000445	12.0
468	-0.000000	222.296508	0.000000	9.2
469	-0.074679	222.062429	0.000773	10.3
470	-0.000000	221.829007	0.000000	11.8
471	-0.000000	221.596238	0.000000	10.1
472	-1.266451	221.364119	0.008225	9.1
473	-0.432076	221.132647	0.004287	9.7
474	-0.140565	220.901820	0.004014	8.2
475	-1.117561	220.671634	0.011302	9.7
476	-1.061947	220.442086	0.010419	9.5
477	-0.829050	220.213174	0.006526	9.1
478	-0.000000	219.984895	0.000000	10.1
479	-0.000000	219.757246	0.000000	8.9
480	-0.707144	219.530224	0.008217	8.4
481	-0.025151	219.303826	0.002400	8.9
482	-0.004624	219.078050	0.001140	9.1
483	-0.000000	218.852893	0.000000	9.6
484	-0.004440	218.628352	0.000131	9.1
485	-0.186750	218.404424	0.003304	8.8
486	-0.061106	218.181106	0.001347	9.8
487	-1.045970	217.958397	0.012540	10.2
488	-0.008406	217.736292	0.000551	8.8
489	-0.000000	217.514790	0.000000	15.6
490	-0.000000	217.293888	0.000000	9.3
491	-0.000000	217.073584	0.000000	14.5
492	-0.000000	216.853873	0.000000	9.0
493	-0.979302	216.634755	0.008779	9.9
494	-0.000000	216.416227	0.000000	9.0
495	-1.193301	216.198285	0.009344	8.2
496	-0.000000	215.980927	0.000000	7.9
497	-0.041569	215.764151	0.002421	9.6
498	-1.175628	215.547955	0.006811	8.6
499	-0.606720	215.332335	0.010338	9.6
500	-0.014449	215.117289	0.000882	9.0
501	-0.021296	214.902815	0.002456	8.1
502	-1.208956	214.688911	0.008814	9.5
503	-1.356636	214.475573	0.015019	8.9
504	-0.985163	214.262800	0.007121	8.7
505	-0.956058	214.050588	0.009355	9.2
506	-0.000000	213.838936	0.000000	8.9
507	-0.053497	213.627842	0.000659	10.4
508	-0.096163	213.417302	0.002443	6.9
509	-0.000000	213.207314	0.000000	8.8
510	-0.118092	212.997877	0.002526	9.8
511	-1.036895	212.788987	0.007882	10.5
512	-0.178839	212.580642	0.004274	9.6
513	-0.000000	212.372841	0.000000	11.8
514	-1.005787	212.165581	0.011048	13.3
515	-0.000000	211.958859	0.000000	9.8
516	-0.000000	211.752673	0.000000	8.7
517	-1.031181	211.547021	0.006763	9.6
518	-1.366887	211.341902	0.013432	9.0
519	-0.000000	211.137311	0.000000	18.5
520	-0.061558	210.933248	0.001692	9.2
521	-0.000000	210.729710	0.000000	9.2
522	-1.093087	210.526695	0.010296	10.5
523	-0.180311	210.324200	0.002029	8.8
524	-0.000000	210.122224	0.000000	8.2
525	-0.000001	209.920765	0.000001	10.5
526	-0.000000	209.719820	0.000000	8.1
527	-0.000000	209.519387	0.000000	11.4
528	-0.000000	209.319463	0.000000	8.2
529	-1.257385	209.120048	0.010292	9.1
530	-0.000000	208.921139	0.000000	9.3
531	-0.279913	208.722733	0.006614	7.8
532	-0.755289	208.524829	0.005102	9.4
533	-0.406777	208.327425	0.005419	8.9
534	-0.000000	208.130518	0.000000	7.8
535	-1.013926	207.934107	0.006615	10.2
536	-0.000000	207.738189	0.000000	8.6
537	-1.112201	207.542762	0.006785	8.5
538	-1.311829	207.347825	0.006276	12.2
539	-0.000000	207.153376	0.000000	7.5
540	-0.000000	206.959412	0.000000	8.1
541	-0.000000	206.765932	0.000000	9.5
542	-1.312512	206.572933	0.009379	9.4
543	-0.223687	206.380414	0.002863	8.3
544	-0.886965	206.188373	0.009017	8.5
545	-0.001233	205.996807	0.000512	10.0
546	-0.781421	205.805716	0.005607	9.6
547	-1.085751	205.615096	0.006539	10.6
548	-0.811093	205.424946	0.008066	8.0
549	-0.000000	205.235265	0.000000	8.4
550	-0.000000	205.046050	0.000000	10.2
551	-0.000000	204.857299	0.000000	8.4
552	-0.000000	204.669011	0.000000	9.2
553	-0.427297	204.481184	0.003851	7.2
554	-0.220077	204.293816	0.003689	9.9
555	-1.058017	204.106905	0.010741	7.7
556	-0.010251	203.920449	0.000799	7.7
557	-0.392760	203.734447	0.004954	9.4
558	-1.445964	203.548896	0.012101	9.7
559	-1.141141	203.363795	0.009021	10.2
560	-0.000000	203.179143	0.000000	10.0
561	-0.650772	202.994937	0.007353	8.3
562	-1.184175	202.811176	0.011034	8.9
563	-0.000000	202.627857	0.000000	14.1
564	-0.000000	202.444980	0.000000	7.8
565	-0.714925	202.262543	0.008127	9.0
566	-0.000000	202.080543	0.000000	8.2
567	-1.205484	201.898979	0.007603	8.1
568	-0.000000	201.717849	0.000000	9.7
569	-0.679498	201.537153	0.008873	20.3
570	-1.314484	201.356887	0.010853	9.0
571	-0.017599	201.177050	0.002982	8.8
572	-0.190413	200.997642	0.003494	9.7
573	-0.303146	200.818659	0.003095	8.9
574	-1.040149	200.640100	0.013973	9.7
575	0.000000	200.461965	0.000000	9.4
576	-0.701138	200.284250	0.006300	8.5
577	-1.387104	200.106955	0.014279	17.0
578	-0.839880	199.930078	0.007815	8.2
579	-0.000000	199.753617	0.000000	8.1
580	-1.115188	199.577571	0.012519	9.1
581	-0.841715	199.401938	0.010894	8.3
582	-0.973517	199.226717	0.008810	8.6
583	-1.003908	199.051905	0.008135	11.4
584	-0.668434	198.877502	0.006034	7.9
585	-0.614602	198.703506	0.004929	8.4
586	-0.116051	198.529916	0.001800	8.6
587	-0.000000	198.356729	0.000000	9.4
588	-1.224792	198.183944	0.008595	11.3
589	0.000000	198.011560	0.000000	8.3
590	-0.000000	197.839576	0.000000	8.4
591	-1.113441	197.667989	0.011157	9.2
592	-0.416791	197.496798	0.004725	10.2
593	-0.000000	197.326002	0.000000	9.2
594	-0.059585	197.155600	0.001793	8.0
595	-0.870324	196.985589	0.009528	9.8
596	-1.214151	196.815969	0.011174	10.3
597	-0.235273	196.646738	0.003891	14.9
598	-0.000000	196.477894	0.000000	12.2
599	-1.306095	196.309436	0.011227	14.5
600	-0.000000	196.141363	0.000000	11.8
601	-0.000000	195.973673	0.000000	9.4
602	-0.000000	195.806365	0.000000	12.1
603	-0.000013	195.639437	0.000013	13.5
604	-0.090743	195.472888	0.001681	12.4
605	-0.073896	195.306717	0.001819	10.0
606	-0.000000	195.140922	0.000000	11.1
607	-0.000000	194.975501	0.000000	13.6
608	-0.000000	194.810454	0.000000	14.3
609	-0.922500	194.645779	0.006456	13.5
610	-0.039653	194.481475	0.001239	9.5
611	-0.330928	194.317540	0.003423	12.0
612	-0.840891	194.153973	0.007371	17.4
613	-0.008158	193.990773	0.000363	11.8
614	-0.010027	193.827938	0.000132	13.9
615	-0.000000	193.665467	0.000000	12.4
616	-1.237009	193.503358	0.014176	10.5
617	-1.068088	193.341611	0.013136	10.6
618	-0.000028	193.180224	0.000022	13.1
619	-0.002918	193.019196	0.000267	13.0
620	-0.000000	192.858525	0.000000	12.8
621	-0.000008	192.698210	0.000010	11.7
622	-0.000000	192.538251	0.000000	8.2
623	-1.314300	192.378644	0.010746	10.8
624	-0.440043	192.219391	0.003660	10.2
625	-1.373336	192.060488	0.010143	9.9
626	-1.095575	191.901935	0.010792	10.7
627	-1.239780	191.743730	0.008736	11.5
628	-0.911510	191.585873	0.008986	8.2
629	-0.035013	191.428362	0.001645	10.6
630	-0.479452	191.271196	0.006405	8.9
631	-1.268338	191.114374	0.005024	8.4
632	-0.619302	190.957893	0.004460	11.5
633	-1.328034	190.801755	0.007736	8.1
634	-1.061811	190.645956	0.009627	8.3
635	-0.139717	190.490495	0.004637	9.0
636	-1.319100	190.335373	0.013688	8.8
637	0.000000	190.180587	0.000000	12.6
638	-0.657675	190.026136	0.003884	10.4
639	-0.679882	189.872019	0.008577	8.0
640	-1.062391	189.718235	0.010475	12.0
641	-0.726246	189.564782	0.004431	7.8
642	-0.947357	189.411661	0.010775	6.9
643	-1.431105	189.258868	0.014296	9.6
644	-0.000010	189.106404	0.000009	7.9
645	-1.037040	188.954267	0.009798	9.1
646	-0.389366	188.802456	0.006263	9.2
647	-1.079138	188.650969	0.007253	9.1
648	-0.268018	188.499807	0.003223	10.5
649	-1.316385	188.348967	0.012844	8.5
650	-0.961821	188.198448	0.008025	9.1
651	-0.000000	188.048250	0.000000	12.2
652	-0.368875	187.898371	0.003887	8.9
653	-0.000000	187.748810	0.000000	8.4
654	-0.838807	187.599566	0.007587	8.8
655	-0.000000	187.450638	0.000000	10.9
656	-1.231267	187.302025	0.006879	9.6
657	-0.982499	187.153725	0.007440	9.4
658	-0.654955	187.005739	0.004071	9.6
659	-0.210453	186.858064	0.002400	10.4
660	-0.000560	186.710699	0.000264	10.8
661	-0.000000	186.563645	0.000000	9.5
662	-0.000000	186.416898	0.000000	8.8
663	-0.000000	186.270459	0.000000	9.1
664	-1.070049	186.124326	0.009931	9.5
665	-0.000000	185.978499	0.000000	9.8
666	-0.000000	185.832976	0.000000	9.1
667	0.000000	185.687756	0.000000	10.4
668	-1.356772	185.542838	0.008582	9.9
669	-0.000000	185.398222	0.000000	8.5
670	-0.649842	185.253906	0.006881	7.6
671	-0.000000	185.109889	0.000000	8.3
672	-0.203036	184.966170	0.005011	8.9
673	-1.076045	184.822748	0.007455	7.6
674	-0.000000	184.679623	0.000000	13.0
675	-0.295910	184.536792	0.003973	8.1
676	-0.632120	184.394256	0.005862	7.7
677	-0.026140	184.252013	0.001333	9.5
678	-0.000000	184.110062	0.000000	11.6
679	-0.000000	183.968403	0.000000	9.1
680	-0.000000	183.827034	0.000000	8.4
681	-1.260714	183.685954	0.009411	7.9
682	-0.000000	183.545163	0.000000	10.2
683	-0.897002	183.404658	0.005939	8.7
684	-0.027258	183.264441	0.001596	10.2
685	-0.078860	183.124509	0.000880	9.1
686	-0.974319	182.984861	0.011092	7.4
687	-0.049114	182.845497	0.001896	9.8
688	-0.884973	182.706416	0.014142	9.3
689	-0.001823	182.567616	0.000118	10.1
690	-0.000000	182.429098	0.000000	8.0
691	-0.000000	182.290859	0.000000	7.1
692	-0.000000	182.152899	0.000000	9.2
693	-0.813736	182.015217	0.005692	8.6
694	-1.294768	181.877813	0.015940	8.9
695	-0.001597	181.740684	0.000433	12.3
696	-0.780973	181.603832	0.006027	8.4
697	-0.384595	181.467253	0.004116	8.4
698	-1.120329	181.330948	0.008622	12.8
699	-0.830006	181.194916	0.011435	11.2
700	0.000000	181.059155	0.000000	9.1
701	0.000000	180.923666	0.000000	9.3
702	-1.043901	180.788446	0.006981	8.8
703	-0.192020	180.653496	0.003745	9.8
704	-1.045822	180.518814	0.005078	9.6
705	-0.000138	180.384399	0.000089	9.3
706	-0.544079	180.250251	0.007993	9.3
707	-0.038408	180.116369	0.001648	8.7
708	-0.000000	179.982752	0.000000	9.6
709	-1.083928	179.849398	0.008010	10.2
710	-0.000000	179.716308	0.000000	8.7
711	-0.000000	179.583480	0.000000	10.0
712	-0.000000	179.450913	0.000000	9.0
713	-0.696875	179.318607	0.006883	9.0
714	-0.000000	179.186561	0.000000	11.5
715	-0.000000	179.054774	0.000000	8.8
716	-0.938472	178.923245	0.006735	8.2
717	-1.264496	178.791973	0.007442	11.1
718	-0.000000	178.660958	0.000000	8.5
719	-0.394348	178.530199	0.008201	8.3
720	-1.072147	178.399694	0.009017	8.4
721	-1.315112	178.269444	0.010716	10.4
722	-0.000000	178.139447	0.000000	8.9
723	-0.000000	178.009702	0.000000	9.9
724	-0.395833	177.880209	0.005687	9.9
725	-1.416142	177.750967	0.011881	7.8
726	-0.001344	177.621975	0.000109	8.8
727	-0.000000	177.493232	0.000000	9.3
728	-1.254210	177.364738	0.009187	9.3
729	-1.178672	177.236492	0.013752	9.6
730	-1.163471	177.108492	0.009127	7.6
731	-0.953509	176.980739	0.009049	8.8
732	-1.191180	176.853231	0.007930	9.1
733	-0.000000	176.725968	0.000000	9.6
734	-0.000000	176.598949	0.000000	11.6
735	-0.358289	176.472173	0.001886	10.2
736	-0.446661	176.345639	0.004794	11.0
737	-0.076433	176.219348	0.001801	10.2
738	-0.797501	176.093296	0.009401	8.9
739	-0.904797	175.967486	0.008755	8.7
740	-0.985618	175.841914	0.007756	8.9
741	-0.288345	175.716581	0.004651	9.1
742	-0.447617	175.591486	0.004723	7.7
743	-0.858221	175.466629	0.011183	8.0
744	-0.000000	175.342008	0.000000	8.9
745	-0.182860	175.217622	0.001306	12.8
746	-0.511084	175.093472	0.004474	8.8
747	-0.000000	174.969556	0.000000	10.0
748	-0.425222	174.845873	0.003413	10.4
749	-1.011850	174.722423	0.009382	10.3
750	-1.316949	174.599206	0.015699	10.2
751	-0.000000	174.476220	0.000000	8.3
752	-0.428133	174.353464	0.004034	9.6
753	-0.848608	174.230939	0.008080	8.9
754	-1.363934	174.108643	0.013232	9.6
755	-0.000000	173.986576	0.000000	9.5
756	-0.140882	173.864737	0.002774	9.4
757	-0.000345	173.743124	0.000059	10.5
758	-1.262729	173.621739	0.014841	9.6
759	-0.483855	173.500579	0.005301	8.3
760	-1.204764	173.379645	0.012779	11.3
761	-0.000000	173.258935	0.000000	9.7
762	-0.221769	173.138449	0.007642	11.5
763	-0.000000	173.018186	0.000000	12.3
764	-0.026172	172.898146	0.001207	14.3
765	-0.034340	172.778327	0.000539	13.9
766	-0.182121	172.658730	0.003685	14.6
767	-0.494208	172.539353	0.002897	9.2
768	-0.903978	172.420196	0.005464	12.2
769	-0.000000	172.301258	0.000000	11.1
770	-0.000000	172.182539	0.000000	19.0
771	-0.000000	172.064037	0.000000	14.8
772	-0.291506	171.945753	0.003552	13.7
773	-0.000000	171.827686	0.000000	11.5
774	-1.138951	171.709834	0.011476	15.0
775	-0.362414	171.592198	0.006587	8.9
776	-0.000000	171.474776	0.000000	13.5
777	-1.282385	171.357568	0.012274	14.0
778	-0.013670	171.240574	0.000654	11.4
779	-0.000007	171.123793	0.000009	13.4
780	-0.479509	171.007223	0.006851	11.7
781	-0.000000	170.890865	0.000000	15.1
782	-1.342886	170.774718	0.009235	13.1
783	-0.000000	170.658782	0.000000	13.5
784	-0.000000	170.543055	0.000000	12.0
785	-0.501493	170.427537	0.006674	14.6
786	-0.000000	170.312227	0.000000	9.6
787	-0.000000	170.197125	0.000000	11.5
788	-0.370708	170.082231	0.004651	13.4
789	-0.000000	169.967543	0.000000	13.0
790	-0.700135	169.853061	0.005248	10.0
791	-0.161272	169.738784	0.001683	8.5
792	-0.342725	169.624713	0.002169	13.4
793	-0.237733	169.510845	0.002091	8.9
794	-0.847763	169.397181	0.010087	8.6
795	-0.083613	169.283720	0.003199	9.2
796	-0.328785	169.170462	0.006218	8.4
797	-1.182516	169.057405	0.013487	10.5
798	-0.167434	168.944549	0.002086	8.5
799	-0.243164	168.831895	0.003554	8.7
800	-0.614512	168.719440	0.003842	9.1
801	-0.120942	168.607185	0.002931	9.6
802	-1.394394	168.495129	0.012767	8.5
803	-0.736073	168.383271	0.005365	9.9
804	-0.914006	168.271611	0.006473	9.0
805	-0.169091	168.160148	0.004513	8.9
806	-0.058044	168.048882	0.001491	9.2
807	-0.000000	167.937812	0.000000	8.5
808	-0.477323	167.826938	0.002385	9.0
809	-0.493230	167.716258	0.004097	11.1
810	-0.005965	167.605773	0.000630	9.0
811	-0.135563	167.495482	0.003184	14.3
812	-0.252172	167.385384	0.003962	9.9
813	-0.000000	167.275479	0.000000	8.9
814	-0.173466	167.165766	0.003913	9.4
815	-1.122388	167.056245	0.006288	8.4
816	-0.000000	166.946915	0.000000	9.3
817	-0.537192	166.837776	0.007156	9.6
818	-0.247932	166.728826	0.004000	7.9
819	-0.000000	166.620067	0.000000	9.5
820	-0.000000	166.511496	0.000000	16.2
821	-0.000000	166.403113	0.000000	16.0
822	-0.000000	166.294919	0.000000	8.4
823	-0.351863	166.186912	0.003678	9.8
824	-1.189842	166.079091	0.006000	7.8
825	-0.542140	165.971458	0.003512	9.9
826	-0.227977	165.864009	0.003584	10.1
827	-0.000000	165.756747	0.000000	9.4
828	-1.082665	165.649669	0.009833	9.6
829	-0.000000	165.542775	0.000000	10.1
830	-0.000000	165.436065	0.000000	7.2
831	-0.086220	165.329538	0.001896	9.2
832	-0.017371	165.223194	0.000743	8.8
833	-0.000000	165.117032	0.000000	9.6
834	-1.019090	165.011052	0.010426	12.5
835	-1.232660	164.905253	0.008571	8.6
836	-1.188115	164.799635	0.009395	10.3
837	-0.267454	164.694197	0.003963	10.2
838	-0.365343	164.588939	0.006867	8.2
839	-0.995221	164.483859	0.010410	9.2
840	-0.006388	164.378959	0.001964	9.6
841	-0.089313	164.274237	0.002064	10.7
842	-0.948617	164.169692	0.009001	10.0
843	-0.854565	164.065325	0.006014	13.8
844	-1.301023	163.961135	0.010891	8.7
845	-0.000001	163.857120	0.000001	9.6
846	-0.003505	163.753282	0.001051	9.1
847	-0.210922	163.649619	0.006491	9.8
848	-0.404821	163.546130	0.003956	11.6
849	-0.000000	163.442816	0.000000	8.5
850	-0.000000	163.339676	0.000000	10.4
851	-1.326185	163.236709	0.007710	9.4
852	-0.118193	163.133915	0.001240	8.3
853	-0.000000	163.031294	0.000000	9.3
854	-0.000000	162.928844	0.000000	9.0
855	-0.186952	162.826566	0.002413	8.0
856	-1.254202	162.724459	0.014986	8.6
857	-0.000000	162.622523	0.000000	8.6
858	-0.069606	162.520757	0.001087	21.0
859	-0.548044	162.419160	0.006375	8.7
860	-0.004618	162.317733	0.001696	9.3
861	-0.414599	162.216474	0.007091	8.4
862	-0.153889	162.115383	0.003572	8.9
863	-0.016840	162.014461	0.000959	9.3
864	-0.000000	161.913705	0.000000	8.6
865	-0.950696	161.813117	0.007240	8.2
866	-0.000000	161.712695	0.000000	8.2
867	-1.266356	161.612439	0.011331	10.0
868	-0.821093	161.512349	0.005218	8.5
869	-0.279122	161.412424	0.003322	9.0
870	-0.748563	161.312663	0.010185	8.7
871	-0.000000	161.213067	0.000000	8.4
872	-0.000000	161.113635	0.000000	9.5
873	-0.000000	161.014366	0.000000	8.3
874	-0.037882	160.915260	0.000969	8.7
875	-0.331347	160.816316	0.006297	8.4
876	-1.247873	160.717535	0.009972	8.6
877	-1.212893	160.618915	0.011078	8.0
878	-0.032649	160.520456	0.000834	10.3
879	-0.039469	160.422158	0.001692	10.2
880	-0.000000	160.324021	0.000000	12.3
881	-0.000000	160.226043	0.000000	11.6
882	-0.000000	160.128225	0.000000	10.1
883	-0.703312	160.030566	0.008071	8.7
884	-0.000000	159.933066	0.000000	12.3
885	-0.418787	159.835723	0.004219	16.1
886	-0.494189	159.738539	0.004724	10.9
887	-0.135493	159.641512	0.003315	20.2
888	-1.353014	159.544642	0.008923	13.8
889	-0.293606	159.447929	0.002859	14.4
890	-1.304985	159.351372	0.007940	11.7
891	-0.000000	159.254971	0.000000	10.3
892	-0.054925	159.158725	0.000970	16.7
893	-0.000000	159.062634	0.000000	11.7
894	-1.038335	158.966697	0.006078	14.5
895	-0.000000	158.870915	0.000000	19.9
896	-1.035270	158.775286	0.008156	12.5
897	-1.315410	158.679811	0.009231	11.9
898	-0.972491	158.584489	0.005643	14.0
899	-0.363036	158.489319	0.005737	9.4
900	-0.000000	158.394302	0.000000	10.0
901	-1.154809	158.299436	0.012395	11.4
902	-0.981596	158.204721	0.009521	12.1
903	-0.016979	158.110158	0.000456	9.7
904	-0.000000	158.015745	0.000000	11.8
905	-0.000000	157.921482	0.000000	14.7
906	-0.000000	157.827369	0.000000	13.5
907	-0.000000	157.733406	0.000000	11.7
908	-0.000000	157.639591	0.000000	9.4
909	-0.894188	157.545925	0.007343	8.0
910	-0.000000	157.452408	0.000000	10.2
911	-0.615971	157.359038	0.003670	10.8
912	-0.965655	157.265816	0.007657	9.5
913	-0.623742	157.172741	0.004791	10.4
914	-0.509900	157.079813	0.005633	9.9
915	-0.717454	156.987031	0.005312	10.0
916	-0.000000	156.894395	0.000000	9.8
917	-0.496174	156.801904	0.003471	9.2
918	-1.056120	156.709559	0.010198	10.2
919	-0.003856	156.617359	0.000886	13.2
920	-1.473388	156.525304	0.013218	15.7
921	-1.219080	156.433392	0.010981	9.2
922	-1.283122	156.341624	0.008146	13.1
923	-1.246002	156.250000	0.012686	15.6
924	-0.244485	156.158519	0.004075	14.9
925	-0.005538	156.067180	0.000007	10.5
926	-0.691832	155.975984	0.004606	13.5
927	-0.387558	155.884930	0.005967	10.3
928	-0.046237	155.794017	0.001051	12.7
929	-0.477880	155.703246	0.005001	14.4
930	-0.000000	155.612615	0.000000	14.5
931	-0.000000	155.522125	0.000000	19.9
932	-0.020797	155.431775	0.001287	12.9
933	-0.896870	155.341565	0.005434	13.5
934	-0.000224	155.251495	0.000002	13.7
935	-0.007705	155.161563	0.000889	12.3
936	-0.016334	155.071771	0.002018	7.6
937	-0.064588	154.982117	0.001120	10.6
938	-0.825816	154.892601	0.009006	7.2
939	-1.163485	154.803222	0.012027	9.1
940	-0.000000	154.713981	0.000000	10.0
941	-1.161267	154.624878	0.014110	9.6
942	-1.144902	154.535910	0.009737	8.7
943	-1.287555	154.447080	0.015522	10.5
944	-0.778348	154.358385	0.006250	10.1
945	-0.000000	154.269826	0.000000	9.6
946	-0.000000	154.181402	0.000000	8.5
947	-1.042280	154.093114	0.010950	9.0
948	-0.096066	154.004960	0.003625	14.4
949	-1.239078	153.916940	0.008017	9.6
950	-0.285783	153.829054	0.005989	8.2
951	-0.580356	153.741303	0.005148	11.4
952	-1.380346	153.653684	0.011844	8.4
953	-0.932272	153.566198	0.007121	8.1
954	-0.000000	153.478846	0.000000	10.4
955	0.000000	153.391625	0.000000	8.6
956	-1.239522	153.304537	0.007596	10.4
957	-0.910572	153.217580	0.007514	8.5
958	-1.323457	153.130755	0.009843	8.9
959	-0.242923	153.044061	0.002398	9.3
960	-0.336950	152.957498	0.005109	8.1
961	-0.070804	152.871065	0.004194	8.8
962	-0.018775	152.784762	0.001727	10.0
963	-1.344264	152.698589	0.013634	8.9
964	-0.248904	152.612545	0.003565	10.4
965	-0.070329	152.526631	0.002985	8.2
966	-0.940727	152.440845	0.008815	8.9
967	-1.135582	152.355188	0.005735	9.7
968	-0.573290	152.269660	0.004216	21.4
969	-1.282069	152.184259	0.008596	7.8
970	-0.468538	152.098986	0.006183	8.4
971	-1.193128	152.013840	0.009381	10.4
972	-0.066293	151.928821	0.001778	8.8
973	-0.019358	151.843928	0.001306	9.5
974	-0.000000	151.759163	0.000000	10.6
975	-0.846645	151.674523	0.004609	9.2
976	-0.750989	151.590009	0.007126	9.8
977	-0.016440	151.505620	0.000994	10.3
978	-0.174142	151.421357	0.004745	8.7
979	-0.000000	151.337218	0.000000	9.8
980	-1.209207	151.253204	0.010210	8.0
981	-0.018715	151.169314	0.002485	8.9
982	-0.876508	151.085549	0.008025	8.2
983	-1.106718	151.001907	0.009279	8.5
984	-0.130316	150.918388	0.003190	8.2
985	-0.948708	150.834992	0.007464	8.7
986	-0.606308	150.751719	0.005877	10.7
987	-1.282494	150.668569	0.012826	8.5
988	-1.063420	150.585541	0.008198	9.5
989	-0.814873	150.502634	0.006600	9.9
990	-1.191106	150.419849	0.010602	8.8
991	-0.343118	150.337186	0.002918	9.1
992	-0.826923	150.254644	0.004180	9.2
993	-0.009870	150.172222	0.000807	8.5
994	-1.159992	150.089921	0.007165	10.0
995	0.000000	150.007740	0.000000	8.6
996	-1.240912	149.925679	0.008306	12.8
997	-0.000000	149.843737	0.000000	9.5
998	-1.307343	149.761915	0.009494	7.9
999	-1.076502	149.680212	0.010572	9.3
1000	-0.140598	149.598627	0.003314	10.1
1001	-0.000000	149.517161	0.000000	9.7
1002	-1.191010	149.435814	0.012136	8.8
1003	-0.124654	149.354584	0.002204	8.7
1004	-0.000000	149.273472	0.000000	8.9
1005	-1.300787	149.192477	0.014027	8.6
1006	-0.697432	149.111599	0.004419	9.9
1007	-0.000023	149.030838	0.000021	10.7
1008	-0.122482	148.950194	0.003592	7.7
1009	-0.132274	148.869666	0.006171	9.0
1010	-1.249910	148.789253	0.012577	13.6
1011	-0.302646	148.708957	0.003988	7.2
1012	-0.588460	148.628776	0.004944	8.8
1013	-1.236546	148.548710	0.007265	7.7
1014	-0.000000	148.468759	0.000000	9.1
1015	-0.000000	148.388923	0.000000	9.7
1016	-0.690569	148.309201	0.004997	8.3
1017	-0.951950	148.229594	0.006602	9.5
1018	-1.085268	148.150100	0.007971	9.9
1019	-0.000000	148.070719	0.000000	8.5
1020	-0.000000	147.991452	0.000000	8.6
1021	-0.775058	147.912298	0.006072	10.2
1022	-0.022656	147.833257	0.000633	10.1
1023	-0.000000	147.754329	0.000000	8.4
1024	-0.040052	147.675512	0.001909	9.3
1025	-0.181543	147.596808	0.002351	10.6
1026	-0.008319	147.518216	0.002040	8.8
1027	-0.017338	147.439735	0.000165	8.4
1028	-0.000000	147.361365	0.000000	7.2
1029	-0.021029	147.283106	0.001882	9.1
1030	-0.845695	147.204958	0.008148	9.6
1031	-0.928122	147.126920	0.010418	8.0
1032	-0.255472	147.048993	0.003234	10.2
1033	-1.304288	146.971175	0.009126	8.2
1034	-0.823313	146.893468	0.011009	8.9
1035	-1.246652	146.815869	0.006621	20.5
1036	-0.318467	146.738380	0.004530	8.7
1037	-1.108506	146.661000	0.007381	8.5
1038	-1.361483	146.583729	0.012462	8.2
1039	-0.131480	146.506566	0.003676	8.9
1040	-0.000000	146.429511	0.000000	8.0
1041	-0.464342	146.352565	0.005795	10.0
1042	-0.013842	146.275726	0.001214	8.8
1043	-0.059772	146.198994	0.001031	9.3
1044	-0.000000	146.122370	0.000000	12.3
1045	-0.000000	146.045853	0.000000	8.0
1046	-0.000000	145.969442	0.000000	9.3
1047	-0.174029	145.893139	0.003146	7.3
1048	-0.000000	145.816941	0.000000	9.8
1049	-1.161243	145.740849	0.009252	9.1
1050	-0.044593	145.664863	0.001704	7.8
1051	-0.301709	145.588983	0.004640	9.9
1052	-0.011125	145.513208	0.000782	9.9
1053	-1.321724	145.437538	0.016100	8.4
1054	-0.948836	145.361973	0.007671	11.3
1055	-0.060238	145.286513	0.000985	8.5
1056	-0.000000	145.211157	0.000000	9.7
1057	-0.000000	145.135905	0.000000	12.0
1058	-0.006147	145.060757	0.000767	11.1
1059	-0.000000	144.985712	0.000000	9.4
1060	-0.000000	144.910771	0.000000	10.7
1061	-1.115130	144.835934	0.006135	9.4
1062	-0.000000	144.761199	0.000000	8.9
1063	-0.000000	144.686567	0.000000	8.6
1064	0.000000	144.612037	0.000000	8.7
1065	-0.000000	144.537610	0.000000	11.0
1066	-1.181327	144.463285	0.010501	9.0
1067	-0.444004	144.389062	0.009279	8.9
1068	-0.412941	144.314940	0.007610	8.2
1069	-0.000000	144.240920	0.000000	12.5
1070	-1.357976	144.167001	0.009216	9.9
1071	-0.041478	144.093182	0.003762	8.1
1072	-1.252879	144.019465	0.013203	9.2
1073	-1.389161	143.945848	0.009435	8.9
1074	-0.928423	143.872331	0.006070	9.1
1075	-0.688313	143.798914	0.004218	9.4
1076	-0.256933	143.725597	0.002637	8.5
1077	-0.788469	143.652380	0.007792	10.3
1078	-0.541724	143.579262	0.004992	9.1
1079	-1.013543	143.506243	0.011785	7.6
1080	-0.005496	143.433323	0.000862	9.6
1081	-0.709103	143.360502	0.006132	9.3
1082	-1.409110	143.287780	0.008934	11.8
1083	-0.000000	143.215155	0.000000	9.4
1084	-0.000000	143.142629	0.000000	8.8
1085	-1.113819	143.070201	0.012217	9.8
1086	-0.000000	142.997870	0.000000	8.9
1087	-1.089004	142.925637	0.010370	8.0
1088	-1.293485	142.853501	0.007029	9.0
1089	-0.918617	142.781462	0.008625	8.9
1090	-0.220433	142.709519	0.003688	8.3
1091	-0.963451	142.637674	0.010252	9.0
1092	-0.759122	142.565924	0.004809	8.3
1093	-0.949850	142.494271	0.005070	10.6
1094	0.000000	142.422714	0.000000	18.5
1095	-0.000000	142.351252	0.000000	8.9
1096	-1.349024	142.279886	0.012759	8.8
1097	-1.114438	142.208616	0.005769	9.2
1098	-0.000000	142.137440	0.000000	9.7
1099	-0.224996	142.066360	0.001899	7.9
1100	-0.995691	141.995374	0.008952	9.4
1101	-0.000000	141.924483	0.000000	8.4
1102	-1.352074	141.853685	0.013835	9.6
1103	-0.000444	141.782983	0.000173	9.6
1104	-0.000000	141.712373	0.000000	8.3
1105	-0.625208	141.641858	0.005144	8.8
1106	-0.341015	141.571436	0.005741	12.6
1107	-1.285264	141.501108	0.007301	7.8
1108	-1.098344	141.430872	0.009383	8.6
1109	-1.267066	141.360730	0.011688	9.1
1110	0.000000	141.290680	0.000000	8.6
1111	-0.055578	141.220722	0.002182	9.6
1112	-0.454108	141.150857	0.004296	20.9
1113	-0.327535	141.081084	0.004511	8.8
1114	-0.346594	141.011403	0.002990	8.5
1115	-0.006590	140.941813	0.000900	10.3
1116	-0.000000	140.872315	0.000000	9.9
1117	-0.000000	140.802909	0.000000	8.7
1118	-0.400792	140.733593	0.003898	9.5
1119	-0.000165	140.664369	0.000099	14.2
1120	-0.000000	140.595235	0.000000	8.2
1121	-0.000000	140.526192	0.000000	9.6
1122	-0.195644	140.457239	0.005631	7.5
1123	-0.413384	140.388376	0.004354	8.4
1124	-0.000000	140.319603	0.000000	10.0
1125	-0.684519	140.250920	0.004839	11.6
1126	-1.095469	140.182326	0.008318	8.7
1127	-0.134391	140.113822	0.001610	10.4
1128	-0.000000	140.045407	0.000000	8.0
1129	-0.435780	139.977081	0.003846	8.8
1130	-0.000000	139.908844	0.000000	9.0
1131	-1.111288	139.840696	0.010429	8.4
1132	-0.022537	139.772635	0.001354	9.1
1133	-0.486302	139.704664	0.004445	8.6
1134	-0.726839	139.636780	0.004802	9.1
1135	-0.000000	139.568984	0.000000	9.0
1136	-0.000000	139.501276	0.000000	9.2
1137	-0.000000	139.433655	0.000000	9.1
1138	-0.000000	139.366122	0.000000	9.1
1139	-0.000329	139.298676	0.000198	8.8
1140	-1.172038	139.231317	0.007468	9.0
1141	-0.000001	139.164045	0.000001	8.3
1142	-1.073847	139.096859	0.007086	9.6
1143	-0.977904	139.029760	0.012844	8.5
1144	-0.000068	138.962747	0.000053	9.3
1145	-1.317597	138.895820	0.009269	8.3
1146	-0.000000	138.828978	0.000000	8.7
1147	-0.870161	138.762223	0.007020	9.5
1148	-0.265555	138.695553	0.003634	9.2
1149	-0.022529	138.628969	0.000426	8.7
1150	-0.116604	138.562469	0.001335	8.6
1151	-0.000000	138.496055	0.000000	12.5
1152	-0.121557	138.429725	0.002765	8.8
1153	-0.995216	138.363481	0.008488	11.4
1154	-0.002313	138.297320	0.000901	7.0
1155	-0.000000	138.231244	0.000000	8.8
1156	-1.050648	138.165252	0.010911	9.3
1157	-0.647868	138.099344	0.012145	9.1
1158	-0.268126	138.033520	0.003602	17.3
1159	-1.279755	137.967779	0.009954	10.0
1160	-0.000000	137.902122	0.000000	10.7
1161	-1.216857	137.836548	0.008485	11.9
1162	-0.589681	137.771057	0.004695	11.5
1163	-0.000000	137.705649	0.000000	9.1
1164	-0.040916	137.640324	0.001759	11.7
1165	-0.000000	137.575081	0.000000	12.3
1166	-1.293197	137.509921	0.006711	8.2
1167	-0.000000	137.444842	0.000000	13.2
1168	-0.689498	137.379846	0.006414	15.5
1169	0.000000	137.314932	0.000000	12.1
1170	-0.000000	137.250100	0.000000	12.6
1171	-0.413590	137.185349	0.003264	10.0
1172	-0.096647	137.120680	0.002718	9.3
1173	0.000000	137.056092	0.000000	11.0
1174	-1.231288	136.991585	0.012044	12.2
1175	-1.282511	136.927158	0.013107	9.4
1176	-0.325232	136.862813	0.003978	12.6
1177	-0.000000	136.798548	0.000000	11.8
1178	-0.631259	136.734363	0.005182	11.2
1179	-0.904336	136.670259	0.004450	8.5
1180	-1.312930	136.606235	0.008883	13.1
1181	-0.000000	136.542291	0.000000	13.2
1182	-1.333588	136.478426	0.009171	10.2
1183	-0.401053	136.414641	0.004447	8.5
1184	-1.040698	136.350936	0.004999	8.7
1185	-0.733550	136.287310	0.005747	12.6
1186	-0.000000	136.223763	0.000000	8.8
1187	-0.000000	136.160295	0.000000	10.1
1188	-0.644956	136.096905	0.004987	9.6
1189	-0.325357	136.033594	0.002887	8.5
1190	-0.000000	135.970362	0.000000	9.8
1191	-0.027912	135.907208	0.000524	8.6
1192	-0.893326	135.844133	0.008707	8.7
1193	-0.392529	135.781135	0.002421	8.7
1194	-0.000000	135.718215	0.000000	8.3
1195	-0.000000	135.655373	0.000000	7.8
1196	-1.376838	135.592608	0.014791	11.4
1197	-0.000000	135.529921	0.000000	9.4
1198	-0.593063	135.467311	0.005586	8.3
1199	-1.396235	135.404778	0.010705	8.3
1200	-0.637769	135.342322	0.005317	10.9
1201	-0.098675	135.279942	0.001452	8.7
1202	-0.000000	135.217640	0.000000	8.6
1203	-0.000000	135.155413	0.000000	8.8
1204	-0.221482	135.093263	0.002259	10.6
1205	-0.000000	135.031190	0.000000	11.1
1206	-1.123792	134.969192	0.008466	9.2
1207	-0.406716	134.907270	0.005094	8.7
1208	-0.000000	134.845424	0.000000	10.8
1209	-0.092448	134.783653	0.002253	9.4
1210	-0.000006	134.721958	0.000005	8.8
1211	-0.000000	134.660338	0.000000	7.5
1212	-1.181087	134.598793	0.011044	16.5
1213	-0.291657	134.537323	0.003205	7.8
1214	-0.062611	134.475927	0.001587	8.5
1215	-0.737066	134.414607	0.005618	15.3
1216	-0.000000	134.353361	0.000000	8.3
1217	-0.089411	134.292189	0.000806	8.3
1218	-0.138420	134.231092	0.003794	9.0
1219	-1.038747	134.170068	0.012835	9.2
1220	-0.000000	134.109119	0.000000	14.0
1221	-0.984749	134.048243	0.009892	8.4
1222	-0.000000	133.987441	0.000000	9.0
1223	-1.008912	133.926713	0.011753	8.0
1224	-0.630429	133.866057	0.004012	9.0
1225	-0.400133	133.805475	0.002911	8.3
1226	-0.343278	133.744966	0.003372	8.8
1227	-0.000000	133.684530	0.000000	8.7
1228	-0.299821	133.624167	0.004226	8.2
1229	-1.016341	133.563877	0.010730	8.2
1230	-0.111344	133.503658	0.003497	7.4
1231	-0.383284	133.443513	0.003780	7.6
1232	-0.000000	133.383439	0.000000	9.7
1233	-1.274686	133.323437	0.013746	9.1
1234	-0.389999	133.263508	0.003747	10.3
1235	-0.452496	133.203650	0.007686	8.5
1236	-1.273858	133.143864	0.010477	8.0
1237	-0.453329	133.084149	0.006582	9.5
1238	-0.131161	133.024506	0.001979	9.4
1239	-0.666114	132.964934	0.004083	9.0
1240	-0.968325	132.905433	0.007159	9.4
1241	-0.153726	132.846003	0.002547	8.8
1242	-0.000000	132.786643	0.000000	10.1
1243	-0.051194	132.727355	0.002154	9.7
1244	-0.054611	132.668137	0.002576	9.4
1245	-1.319584	132.608989	0.012536	10.8
1246	-0.000000	132.549912	0.000000	8.5
1247	-1.010575	132.490904	0.010636	9.4
1248	-0.061764	132.431967	0.001169	7.9
1249	-0.890340	132.373100	0.009426	9.1
1250	-0.000000	132.314302	0.000000	11.9
1251	-0.994791	132.255574	0.007837	8.9
1252	-0.004039	132.196916	0.000149	9.3
1253	-0.345449	132.138326	0.005932	9.3
1254	-0.216493	132.079806	0.003422	9.7
1255	-0.000000	132.021355	0.000000	9.6
1256	-0.000031	131.962973	0.000024	8.8
1257	-1.129007	131.904660	0.012361	8.9
1258	-0.000000	131.846415	0.000000	10.1
1259	-0.015142	131.788239	0.000798	9.9
1260	-0.663792	131.730131	0.004492	8.8
1261	-0.077841	131.672092	0.001973	9.9
1262	-0.000000	131.614121	0.000000	10.2
1263	-0.886779	131.556217	0.007784	8.5
1264	-1.024024	131.498382	0.009110	8.5
1265	-0.940291	131.440614	0.007652	8.9
1266	-0.477453	131.382914	0.005104	9.0
1267	-0.049250	131.325282	0.000450	8.6
1268	-0.000000	131.267717	0.000000	9.2
1269	-0.373242	131.210219	0.005106	9.1
1270	-1.068190	131.152788	0.006531	19.6
1271	-1.284323	131.095424	0.007866	8.3
1272	-0.931109	131.038127	0.010633	8.2
1273	-0.147567	130.980897	0.003119	9.0
1274	-0.000000	130.923733	0.000000	8.3
1275	-1.138644	130.866636	0.010830	12.9
1276	-0.643102	130.809605	0.003706	8.4
1277	-1.252896	130.752641	0.009558	9.2
1278	-0.236559	130.695742	0.004772	16.4
1279	-0.000000	130.638910	0.000000	9.1
1280	-0.272967	130.582143	0.003487	8.1
1281	-0.000000	130.525442	0.000000	10.5
1282	-0.000000	130.468807	0.000000	9.2
1283	-0.000000	130.412237	0.000000	9.7
1284	-0.594502	130.355733	0.006677	9.1
1285	-0.482606	130.299294	0.004130	15.9
1286	-0.000000	130.242920	0.000000	8.5
1287	-0.271715	130.186611	0.005991	9.1
1288	-0.707164	130.130366	0.006665	14.2
1289	-1.333470	130.074187	0.019149	8.7
1290	-1.333197	130.018072	0.011269	14.8
1291	-1.348371	129.962022	0.012420	13.1
1292	-0.000000	129.906036	0.000000	8.5
1293	-0.000000	129.850114	0.000000	8.5
1294	0.000000	129.794257	0.000000	9.5
1295	-0.645764	129.738463	0.004921	8.7
1296	-0.000000	129.682734	0.000000	8.8
1297	-0.683092	129.627068	0.002505	8.9
1298	-0.297730	129.571466	0.004588	9.0
1299	-1.214193	129.515927	0.010043	9.5
1300	-0.007705	129.460452	0.000149	8.6
1301	-0.000000	129.405040	0.000000	9.4
1302	-1.106505	129.349692	0.007645	9.3
1303	-0.000000	129.294406	0.000000	9.0
1304	-0.750317	129.239183	0.005645	9.9
1305	-1.418823	129.184024	0.012203	12.5
1306	-1.357028	129.128927	0.013166	8.7
1307	-1.040565	129.073892	0.009899	10.7
1308	-0.009149	129.018921	0.000894	9.0
1309	-0.000000	128.964011	0.000000	9.3
1310	-0.000000	128.909164	0.000000	8.5
1311	-0.064062	128.854379	0.001767	9.0
1312	-0.037481	128.799656	0.001713	9.9
1313	-0.000016	128.744995	0.000009	7.9
1314	-1.204734	128.690396	0.010793	8.8
1315	-1.289203	128.635858	0.007495	14.7
1316	-1.160711	128.581382	0.005801	12.7
1317	-1.222530	128.526968	0.009863	12.3
1318	-0.019464	128.472615	0.001919	7.8
1319	-0.000000	128.418323	0.000000	9.2
1320	-0.333652	128.364092	0.004078	9.2
1321	-0.096182	128.309922	0.003685	9.3
1322	-1.063228	128.255814	0.008471	9.1
1323	-0.117193	128.201766	0.002644	8.9
1324	-1.101441	128.147778	0.010291	8.7
1325	-0.252470	128.093852	0.002625	8.0
1326	-0.000000	128.039985	0.000000	8.8
1327	-1.250682	127.986180	0.012209	8.2
1328	-0.523901	127.932434	0.006132	8.7
1329	-0.407007	127.878749	0.004187	8.9
1330	0.000000	127.825123	0.000000	8.1
1331	-0.000000	127.771558	0.000000	10.0
1332	-0.000000	127.718052	0.000000	7.8
1333	-0.470654	127.664606	0.005225	9.6
1334	-0.657974	127.611220	0.004052	10.6
1335	-1.110861	127.557893	0.011654	9.8
1336	-0.001490	127.504625	0.000411	9.8
1337	-1.056531	127.451417	0.015324	8.8
1338	-0.000000	127.398268	0.000000	8.8
1339	-0.000000	127.345178	0.000000	9.7
1340	-0.000000	127.292147	0.000000	8.1
1341	-1.259494	127.239175	0.011886	12.8
1342	-0.789031	127.186261	0.005777	8.2
1343	-0.124018	127.133407	0.001102	7.3
1344	-1.120214	127.080610	0.008452	10.0
1345	-0.011910	127.027872	0.001857	8.0
1346	-0.393687	126.975193	0.003124	10.3
1347	-1.404857	126.922572	0.014499	9.0
1348	-1.162935	126.870008	0.013756	8.5
1349	-0.000000	126.817503	0.000000	8.1
1350	-1.366108	126.765056	0.015076	12.6
1351	-1.003889	126.712667	0.007635	9.5
1352	-1.050021	126.660335	0.008460	8.4
1353	-0.000000	126.608061	0.000000	9.6
1354	-0.000000	126.555844	0.000000	8.9
1355	-0.184853	126.503685	0.002608	8.0
1356	-0.000000	126.451583	0.000000	8.9
1357	-0.706642	126.399538	0.006399	8.6
1358	-1.128050	126.347550	0.009249	9.7
1359	0.000000	126.295619	0.000000	12.6
1360	-0.000000	126.243745	0.000000	7.9
1361	-0.000000	126.191928	0.000000	9.1
1362	-0.956652	126.140168	0.011055	9.1
1363	-0.100742	126.088464	0.001473	8.5
1364	-0.014001	126.036817	0.000510	9.6
1365	-0.000000	125.985226	0.000000	8.3
1366	-0.661930	125.933691	0.006554	10.1
1367	-0.003423	125.882212	0.000694	8.6
1368	-0.689736	125.830790	0.005460	9.5
1369	-0.000773	125.779423	0.000339	9.3
1370	-0.528595	125.728113	0.004143	7.6
1371	-0.171394	125.676858	0.002925	10.9
1372	-1.243734	125.625659	0.006163	9.0
1373	-0.669189	125.574515	0.006807	11.4
1374	-0.000000	125.523427	0.000000	9.0
1375	-0.220037	125.472394	0.004786	9.5
1376	-0.197220	125.421417	0.002482	9.4
1377	-0.007335	125.370495	0.000502	11.0
1378	-0.000000	125.319628	0.000000	8.5
1379	-1.245388	125.268815	0.006435	10.2
1380	-1.115823	125.218058	0.008082	8.1
1381	-1.373298	125.167356	0.008914	7.8
1382	-0.000000	125.116708	0.000000	9.1
1383	-1.027560	125.066115	0.009746	9.0
1384	-0.244317	125.015576	0.003662	8.8
1385	-0.000000	124.965092	0.000000	9.0
1386	-0.000000	124.914662	0.000000	8.4
1387	-0.000000	124.864287	0.000000	7.2
1388	-0.003528	124.813965	0.000525	8.6
1389	-0.551500	124.763698	0.004893	13.7
1390	-0.980211	124.713485	0.007700	8.8
1391	-1.349004	124.663325	0.008501	9.8
1392	-0.278190	124.613219	0.003545	9.9
1393	-0.053589	124.563167	0.002666	8.7
1394	-0.000000	124.513168	0.000000	9.1
1395	-1.119821	124.463223	0.009491	13.8
1396	-0.000000	124.413332	0.000000	7.0
1397	-1.109183	124.363493	0.011202	8.3
1398	-1.235586	124.313708	0.008098	7.8
1399	-0.000000	124.263976	0.000000	9.0
1400	-1.217698	124.214297	0.013984	9.2
1401	-0.000000	124.164671	0.000000	9.7
1402	-0.147090	124.115097	0.001529	8.4
1403	-1.197301	124.065577	0.012302	9.5
1404	-0.150110	124.016109	0.004565	9.1
1405	-1.007601	123.966693	0.008131	15.7
1406	-0.003674	123.917330	0.000935	8.4
1407	-0.836948	123.868020	0.005471	8.2
1408	-0.000000	123.818762	0.000000	8.6
1409	-0.915701	123.769556	0.004103	7.7
1410	-1.193145	123.720402	0.010152	10.1
1411	-1.336629	123.671300	0.009947	8.2
1412	-0.992215	123.622250	0.008355	9.2
1413	-0.000000	123.573252	0.000000	9.5
1414	-0.310854	123.524305	0.004028	9.2
1415	-1.210493	123.475411	0.006569	10.7
1416	-0.522906	123.426568	0.007167	8.2
1417	-0.002956	123.377776	0.000733	9.8
1418	-0.071264	123.329036	0.002645	7.5
1419	-0.023303	123.280347	0.000948	8.6
1420	-0.000000	123.231709	0.000000	10.8
1421	-0.000000	123.183122	0.000000	9.3
1422	-0.050568	123.134587	0.001464	8.2
1423	-1.388479	123.086102	0.013222	10.1
1424	-0.238942	123.037669	0.003538	7.8
1425	-0.144758	122.989286	0.002678	11.3
1426	-0.000000	122.940954	0.000000	9.4
1427	-0.047008	122.892672	0.001299	8.0
1428	-1.242504	122.844441	0.009338	7.3
1429	-0.125394	122.796261	0.002477	9.0
1430	-0.000000	122.748130	0.000000	9.8
1431	-0.960778	122.700050	0.007545	8.6
1432	-1.413303	122.652021	0.012237	11.9
1433	-1.117051	122.604041	0.010844	12.0
1434	-1.074448	122.556111	0.013551	9.0
1435	-0.000000	122.508232	0.000000	12.3
1436	-0.009642	122.460402	0.000158	14.3
1437	-0.240816	122.412622	0.005980	11.1
1438	-1.271368	122.364891	0.012803	9.6
1439	-0.016056	122.317210	0.002565	9.4
1440	-0.423495	122.269579	0.005530	11.0
1441	-0.000002	122.221997	0.000001	10.7
1442	0.000000	122.174465	0.000000	9.1
1443	-0.000000	122.126981	0.000000	10.1
1444	-0.000000	122.079547	0.000000	8.8
1445	-0.000000	122.032162	0.000000	10.0
1446	-0.050549	121.984826	0.002576	9.5
1447	-0.566130	121.937539	0.005716	7.8
1448	-1.084307	121.890301	0.007688	10.1
1449	-0.139572	121.843112	0.003603	9.3
1450	-0.539560	121.795971	0.004569	9.5
1451	-1.074407	121.748879	0.005883	9.6
1452	-1.250868	121.701835	0.008460	7.0
1453	-0.000000	121.654840	0.000000	8.8
1454	-0.000000	121.607893	0.000000	11.9
1455	-1.420904	121.560994	0.012697	8.5
1456	-0.039849	121.514144	0.003779	9.3
1457	-1.383201	121.467342	0.014588	9.0
1458	-0.024107	121.420588	0.000477	8.4
1459	-0.807124	121.373882	0.005727	9.2
1460	-0.125884	121.327223	0.002445	9.8
1461	-0.760990	121.280613	0.006959	8.6
1462	-0.000000	121.234050	0.000000	7.2
1463	-0.000000	121.187535	0.000000	9.3
1464	-1.245922	121.141067	0.008875	8.9
1465	-1.191104	121.094647	0.008500	9.0
1466	-0.826315	121.048274	0.007876	8.7
1467	-1.215861	121.001949	0.006449	9.0
1468	-0.018754	120.955671	0.000373	9.6
1469	-1.051219	120.909440	0.011378	13.3
1470	-0.000000	120.863256	0.000000	8.6
1471	-0.066145	120.817119	0.002627	9.3
1472	-0.000000	120.771029	0.000000	8.9
1473	-0.763209	120.724986	0.005036	8.4
1474	-0.000000	120.678990	0.000000	10.2
1475	-0.937139	120.633040	0.007228	9.2
1476	-0.504136	120.587137	0.005270	9.7
1477	-0.000000	120.541281	0.000000	8.1
1478	-0.102212	120.495471	0.001147	9.1
1479	-0.099216	120.449707	0.003431	8.5
1480	-0.811280	120.403990	0.005769	9.6
1481	-0.000000	120.358319	0.000000	8.7
1482	-1.296731	120.312694	0.012384	7.1
1483	-0.000000	120.267115	0.000000	9.6
1484	-0.000000	120.221582	0.000000	7.4
1485	-1.305512	120.176096	0.007612	8.2
1486	-1.414645	120.130655	0.017073	13.1
1487	-0.487423	120.085260	0.006030	8.0
1488	-0.355351	120.039910	0.003994	8.5
1489	-0.351729	119.994606	0.003257	8.2
1490	-0.000000	119.949348	0.000000	8.9
1491	-1.019155	119.904135	0.006317	10.1
1492	-0.035695	119.858968	0.000552	8.4
1493	-1.340414	119.813846	0.009218	11.0
1494	-1.286734	119.768769	0.010619	9.6
1495	-0.000000	119.723738	0.000000	11.2
1496	-1.084671	119.678752	0.012511	9.8
1497	-0.669209	119.633810	0.004814	8.2
1498	-0.058680	119.588914	0.002089	8.9
1499	-0.952230	119.544062	0.007797	9.0
1500	-1.216937	119.499256	0.012945	8.1
1501	-1.300807	119.454494	0.011614	8.1
1502	-0.000000	119.409777	0.000000	10.4
1503	-0.014324	119.365104	0.001143	9.6
1504	-0.592064	119.320476	0.005616	8.3
1505	-0.008646	119.275893	0.001343	8.6
1506	-0.009731	119.231353	0.000509	9.0
1507	-0.189739	119.186859	0.005671	7.9
1508	-1.123043	119.142408	0.008413	9.4
1509	-0.313349	119.098002	0.004684	8.7
1510	-1.132378	119.053639	0.007494	11.4
1511	-0.366788	119.009321	0.002682	8.9
1512	-0.950754	118.965047	0.009104	8.4
1513	-0.000000	118.920816	0.000000	9.4
1514	-0.000000	118.876630	0.000000	8.0
1515	-0.020101	118.832487	0.000724	8.1
1516	-1.326140	118.788388	0.014652	8.6
1517	-0.491878	118.744332	0.004710	8.4
1518	-0.018450	118.700320	0.001025	10.4
1519	-0.000000	118.656352	0.000000	8.9
1520	-1.259588	118.612427	0.008429	9.3
1521	-0.931308	118.568545	0.010518	15.5
1522	-1.277082	118.524706	0.010094	10.9
1523	-0.168354	118.480911	0.003555	8.8
1524	-0.000000	118.437159	0.000000	11.0
1525	-0.840129	118.393450	0.006039	8.2
1526	-0.224270	118.349784	0.004419	9.6
1527	-1.314362	118.306160	0.008318	10.6
1528	-0.000000	118.262580	0.000000	8.7
1529	-0.281699	118.219042	0.003932	9.6
1530	-1.389563	118.175548	0.012032	8.9
1531	-1.439434	118.132095	0.010079	8.4
1532	-0.129574	118.088686	0.002884	10.4
1533	-1.193613	118.045319	0.007372	8.7
1534	-0.041372	118.001994	0.001478	9.8
1535	-0.007727	117.958712	0.000171	10.8
1536	-0.000000	117.915472	0.000000	9.7
1537	-0.158287	117.872274	0.001482	10.0
1538	-1.213778	117.829118	0.008395	8.2
1539	-0.000000	117.786005	0.000000	8.8
1540	-0.000000	117.742933	0.000000	10.7
1541	-0.738855	117.699904	0.005942	8.4
1542	0.000000	117.656916	0.000000	9.6
1543	-0.019212	117.613971	0.001024	8.1
1544	-0.003954	117.571067	0.001346	8.7
1545	-0.999960	117.528205	0.006769	10.5
1546	-0.864265	117.485384	0.006058	7.3
1547	-0.000000	117.442605	0.000000	9.6
1548	-0.712553	117.399867	0.005117	7.6
1549	-0.323307	117.357171	0.003872	9.3
1550	-0.621539	117.314517	0.005924	8.1
1551	-0.035987	117.271903	0.000764	12.5
1552	-0.000000	117.229331	0.000000	8.8
1553	-0.000000	117.186800	0.000000	8.9
1554	-1.049498	117.144311	0.012079	14.0
1555	-0.099404	117.101862	0.001886	10.2
1556	-0.000000	117.059454	0.000000	10.1
1557	-0.556920	117.017087	0.003852	8.5
1558	-0.000000	116.974762	0.000000	9.1
1559	-1.027955	116.932476	0.011131	8.3
1560	-0.067527	116.890232	0.002731	8.5
1561	-0.020621	116.848028	0.001614	8.2
1562	-1.251699	116.805865	0.013789	8.9
1563	-0.000000	116.763743	0.000000	9.9
1564	-0.235519	116.721661	0.004276	8.7
1565	-0.677733	116.679619	0.006250	10.2
1566	-0.206139	116.637618	0.001773	8.1
1567	-1.407107	116.595657	0.009994	7.8
1568	-0.405617	116.553736	0.003698	9.2
1569	-0.000000	116.511855	0.000000	10.6
1570	-0.907550	116.470015	0.007559	8.7
1571	-1.189835	116.428214	0.014224	9.2
1572	-1.384741	116.386454	0.009948	8.0
1573	-1.370076	116.344733	0.008243	9.5
1574	-1.462176	116.303052	0.010142	8.9
1575	-0.759085	116.261412	0.008645	10.1
1576	-0.000351	116.219810	0.000158	11.0
1577	-1.036940	116.178249	0.006003	8.1
1578	-0.055449	116.136727	0.002067	9.3
1579	-1.146282	116.095245	0.010662	10.8
1580	-0.296210	116.053802	0.003971	12.5
1581	-1.074425	116.012398	0.009699	8.5
1582	-0.277960	115.971034	0.004971	9.0
1583	-0.300860	115.929710	0.003651	8.9
1584	-1.135905	115.888424	0.008879	11.8
1585	-0.023195	115.847178	0.001336	9.5
1586	-0.000000	115.805970	0.000000	8.6
1587	-0.000000	115.764802	0.000000	9.8
1588	-0.447857	115.723673	0.003901	9.2
1589	-0.589966	115.682583	0.004476	9.5
1590	-1.201083	115.641532	0.008290	9.8
1591	-0.000000	115.600519	0.000000	8.5
1592	-0.000000	115.559546	0.000000	10.5
1593	-0.251926	115.518610	0.002847	8.1
1594	-0.965809	115.477714	0.005541	9.4
1595	-0.974533	115.436856	0.006422	8.5
1596	-0.012526	115.396037	0.000807	8.5
1597	-0.688806	115.355256	0.005050	10.7
1598	-0.656077	115.314514	0.007717	8.0
1599	-0.477216	115.273810	0.003646	9.4
1600	-1.143692	115.233144	0.010528	9.4
1601	-0.000000	115.192517	0.000000	7.9
1602	-0.000000	115.151927	0.000000	9.8
1603	-1.293081	115.111376	0.008324	8.9
1604	-0.112367	115.070863	0.002658	8.6
1605	-0.000000	115.030388	0.000000	10.0
1606	-0.990085	114.989951	0.010216	8.9
1607	-1.102369	114.949551	0.010785	9.7
1608	-1.230941	114.909190	0.011900	8.2
1609	-0.302978	114.868866	0.005767	11.0
1610	-1.418574	114.828580	0.013056	9.1
1611	-0.111524	114.788332	0.003202	9.2
1612	-1.164003	114.748121	0.007214	9.4
1613	-0.327519	114.707948	0.003129	12.0
1614	-0.000000	114.667812	0.000000	9.1
1615	-0.958954	114.627714	0.012218	9.1
1616	-0.960366	114.587653	0.010842	7.7
1617	-0.991852	114.547629	0.007110	8.5
1618	-1.281421	114.507643	0.012533	9.2
1619	-0.720284	114.467693	0.003592	7.8
1620	-0.000000	114.427781	0.000000	8.6
1621	-0.277607	114.387907	0.002692	9.0
1622	-0.095034	114.348069	0.002102	9.3
1623	-0.106613	114.308268	0.002883	9.4
1624	-1.465086	114.268504	0.010696	9.6
1625	-1.053407	114.228777	0.011015	10.0
1626	-0.000000	114.189086	0.000000	8.5
1627	-0.960566	114.149433	0.006525	9.8
1628	-1.082205	114.109816	0.005916	10.1
1629	-0.000000	114.070235	0.000000	10.6
1630	-0.013120	114.030692	0.003158	10.6
1631	-0.845369	113.991185	0.007679	13.6
1632	-0.000000	113.951714	0.000000	10.7
1633	-0.000000	113.912280	0.000000	7.8
1634	-0.021433	113.872882	0.003102	9.9
1635	-1.322776	113.833521	0.011421	8.9
1636	-0.821338	113.794195	0.009774	9.8
1637	-1.028020	113.754906	0.011102	10.2
1638	-0.000000	113.715653	0.000000	8.2
1639	-0.202089	113.676437	0.003683	9.3
1640	-0.000000	113.637256	0.000000	10.9
1641	-0.098058	113.598111	0.003795	8.6
1642	-0.000000	113.559002	0.000000	7.2
1643	-0.023716	113.519929	0.001079	10.7
1644	-0.993926	113.480892	0.005567	10.3
1645	-1.497053	113.441891	0.011706	8.5
1646	-1.374020	113.402925	0.008220	8.3
1647	-1.202892	113.363995	0.008082	11.3
1648	-1.409249	113.325101	0.014760	8.2
1649	-1.068190	113.286242	0.010050	9.1
1650	-0.000000	113.247419	0.000000	7.3
1651	-0.168250	113.208631	0.001945	8.9
1652	-0.305010	113.169879	0.006883	8.1
1653	-0.000074	113.131162	0.000064	7.7
1654	-0.000000	113.092480	0.000000	8.8
1655	-1.288513	113.053833	0.009922	9.3
1656	-0.000762	113.015222	0.000032	8.8
1657	-0.000000	112.976646	0.000000	14.6
1658	-0.000000	112.938105	0.000000	8.3
1659	-1.486100	112.899599	0.007376	8.7
1660	-0.329245	112.861128	0.002759	9.9
1661	-0.081030	112.822692	0.001531	8.4
1662	-0.000002	112.784291	0.000002	8.8
1663	-0.000543	112.745924	0.000265	8.8
1664	-0.000000	112.707593	0.000000	8.2
1665	-0.000000	112.669296	0.000000	8.3
1666	-0.099703	112.631034	0.003766	8.2
1667	-0.000000	112.592806	0.000000	9.4
1668	-0.716451	112.554613	0.005390	8.2
1669	-0.000686	112.516455	0.000263	10.4
1670	-0.012064	112.478331	0.000072	9.1
1671	-1.071166	112.440241	0.007372	10.1
1672	-1.391433	112.402186	0.011557	12.0
1673	-0.000000	112.364165	0.000000	8.3
1674	-0.617297	112.326179	0.003587	8.8
1675	-1.012786	112.288227	0.005285	10.9
1676	-0.000000	112.250309	0.000000	9.1
1677	-1.115539	112.212425	0.008109	8.5
1678	-1.281978	112.174575	0.009267	8.8
1679	-0.315864	112.136759	0.006969	8.6
1680	-0.910732	112.098977	0.009540	9.0
1681	-0.000000	112.061229	0.000000	12.0
1682	-0.006240	112.023515	0.000552	9.6
1683	-0.238113	111.985834	0.004648	10.3
1684	-1.258457	111.948188	0.008449	10.5
1685	-0.429830	111.910575	0.004361	8.7
1686	-1.299881	111.872996	0.015328	12.4
1687	-0.458455	111.835450	0.004679	8.4
1688	-0.090371	111.797939	0.001332	9.1
1689	-0.734303	111.760460	0.005762	7.2
1690	-1.250652	111.723015	0.007730	9.2
1691	-0.348941	111.685604	0.005112	8.2
1692	-0.000000	111.648226	0.000000	7.1
1693	-0.673092	111.610881	0.005222	9.3
1694	-0.933229	111.573570	0.006093	8.7
1695	-1.310512	111.536292	0.010622	9.5
1696	-0.757685	111.499047	0.006330	8.5
1697	-1.251197	111.461835	0.006508	8.7
1698	-0.077796	111.424656	0.002429	9.2
1699	-0.935201	111.387510	0.005630	8.7
1700	-0.000000	111.350398	0.000000	9.4
1701	-0.000334	111.313318	0.000215	9.3
1702	-0.000000	111.276271	0.000000	9.6
1703	-0.637843	111.239257	0.003737	9.1
1704	-0.462145	111.202276	0.003835	8.9
1705	-1.061684	111.165328	0.005805	10.4
1706	-1.126063	111.128412	0.008893	9.5
1707	-0.000000	111.091529	0.000000	8.4
1708	-1.377925	111.054679	0.010973	11.3
1709	-0.985658	111.017861	0.011781	8.9
1710	-1.125330	110.981076	0.013499	10.9
1711	-0.000000	110.944323	0.000000	9.6
1712	-0.009330	110.907603	0.000669	8.8
1713	-0.000000	110.870915	0.000000	10.1
1714	-0.000000	110.834259	0.000000	8.6
1715	-0.625594	110.797636	0.003675	8.7
1716	-1.041481	110.761045	0.010369	10.2
1717	-0.792282	110.724486	0.006486	18.9
1718	-0.014644	110.687959	0.000342	10.3
1719	0.000000	110.651465	0.000000	7.9
1720	-0.000502	110.615002	0.000343	8.6
1721	-0.000000	110.578572	0.000000	8.4
1722	-1.048341	110.542173	0.014864	10.2
1723	-0.361470	110.505807	0.002456	8.3
1724	-0.006259	110.469472	0.001182	11.3
1725	-0.000000	110.433169	0.000000	10.2
1726	-0.908086	110.396898	0.010147	10.4
1727	-0.000000	110.360659	0.000000	10.7
1728	-1.116655	110.324451	0.006790	9.6
1729	-1.006508	110.288276	0.010824	9.1
1730	-1.058240	110.252131	0.006980	10.7
1731	-0.000000	110.216019	0.000000	9.5
1732	-1.423666	110.179937	0.010280	9.1
1733	-0.960653	110.143888	0.003897	9.5
1734	-0.000000	110.107869	0.000000	19.1
1735	-0.000000	110.071882	0.000000	9.4
1736	-0.529619	110.035927	0.007004	9.1
1737	-1.387914	110.000003	0.012467	10.0
1738	-1.347793	109.964110	0.010327	9.8
1739	-0.929076	109.928248	0.010071	7.7
1740	-0.000000	109.892417	0.000000	9.7
1741	-0.160347	109.856618	0.004336	9.0
1742	-1.055049	109.820850	0.007728	10.2
1743	-1.211531	109.785112	0.006788	9.8
1744	-0.419334	109.749406	0.007073	7.2
1745	-0.195651	109.713730	0.007032	9.5
1746	-0.022479	109.678086	0.000675	12.1
1747	-0.773356	109.642472	0.006123	9.0
1748	-0.038662	109.606890	0.002412	8.4
1749	-0.854783	109.571337	0.004208	7.3
1750	-1.325573	109.535816	0.009957	9.6
1751	-0.000000	109.500326	0.000000	8.1
1752	-0.000000	109.464866	0.000000	9.4
1753	-0.641326	109.429436	0.006005	9.5
1754	-0.000000	109.394038	0.000000	8.9
1755	-1.326932	109.358669	0.008267	8.8
1756	-0.425614	109.323331	0.005795	8.6
1757	-0.021193	109.288024	0.002211	10.3
1758	-0.000000	109.252747	0.000000	9.5
1759	-0.000000	109.217501	0.000000	8.3
1760	-0.926352	109.182284	0.011093	9.1
1761	-0.000000	109.147098	0.000000	8.2
1762	-0.103021	109.111942	0.002649	9.7
1763	-0.000000	109.076817	0.000000	8.9
1764	-0.449142	109.041721	0.003960	10.4
1765	-0.190146	109.006656	0.003892	9.3
1766	-0.077165	108.971620	0.002127	8.8
1767	-0.014808	108.936615	0.000597	8.4
1768	-0.991257	108.901640	0.011915	9.8
1769	-0.859737	108.866694	0.004837	7.8
1770	-0.024645	108.831779	0.000463	9.8
1771	-1.299676	108.796893	0.010180	8.7
1772	-0.966888	108.762037	0.011603	10.8
1773	-0.632122	108.727211	0.006157	9.4
1774	-0.318539	108.692415	0.005763	7.9
1775	-1.317916	108.657648	0.012138	9.6
1776	0.000000	108.622911	0.000000	6.9
1777	-1.058489	108.588203	0.011267	9.4
1778	-1.053129	108.553525	0.006123	12.2
1779	-1.348805	108.518877	0.007400	9.4
1780	-0.002621	108.484258	0.000227	8.7
1781	-0.043571	108.449668	0.002523	8.4
1782	-0.084316	108.415108	0.001982	7.6
1783	-1.229125	108.380578	0.008265	9.7
1784	-0.048808	108.346076	0.001437	8.5
1785	-1.320862	108.311604	0.011820	9.6
1786	-0.000000	108.277161	0.000000	8.4
1787	-1.235401	108.242747	0.006909	10.7
1788	-0.000000	108.208363	0.000000	12.5
1789	-0.014234	108.174007	0.000986	9.3
1790	-0.549475	108.139681	0.003514	8.8
1791	-0.012704	108.105383	0.000521	10.1
1792	-0.058921	108.071115	0.003381	8.1
1793	-1.369529	108.036875	0.013880	10.5
1794	-1.187767	108.002665	0.007431	10.1
1795	-1.099531	107.968483	0.006624	10.1
1796	-0.586164	107.934330	0.004772	11.1
1797	-0.994776	107.900206	0.008131	8.1
1798	-1.130938	107.866111	0.009759	9.6
1799	-0.561249	107.832044	0.004983	8.8
1800	-1.193450	107.798007	0.011318	8.6
1801	-0.012146	107.763997	0.000125	8.9
1802	-1.351614	107.730017	0.009024	9.3
1803	-0.820605	107.696065	0.006578	7.3
1804	-1.372745	107.662141	0.012134	10.9
1805	-0.000000	107.628246	0.000000	9.1
1806	-0.980452	107.594379	0.007398	7.8
1807	-1.350624	107.560541	0.013962	10.0
1808	-0.000000	107.526731	0.000000	9.2
1809	-0.000000	107.492949	0.000000	9.1
1810	-1.048724	107.459196	0.008081	10.6
1811	-0.000015	107.425471	0.000018	7.2
1812	-1.198851	107.391774	0.009983	8.8
1813	-0.000000	107.358106	0.000000	8.0
1814	-0.364517	107.324465	0.004067	8.8
1815	-1.102238	107.290853	0.007579	9.1
1816	-1.164507	107.257268	0.007630	8.6
1817	-0.000000	107.223712	0.000000	9.0
1818	-1.212073	107.190184	0.012159	10.0
1819	-0.000000	107.156683	0.000000	11.7
1820	-0.144008	107.123211	0.007248	8.7
1821	-0.008122	107.089766	0.000637	9.2
1822	-0.000000	107.056349	0.000000	9.7
1823	-0.338984	107.022960	0.003992	7.0
1824	-0.000000	106.989599	0.000000	8.7
1825	-0.085971	106.956265	0.002524	8.7
1826	-0.007284	106.922960	0.000265	10.2
1827	-0.000000	106.889681	0.000000	9.2
1828	-0.000000	106.856431	0.000000	9.7
1829	-0.000000	106.823208	0.000000	10.0
1830	-1.077687	106.790012	0.007938	8.2
1831	-0.000000	106.756844	0.000000	9.0
1832	-0.973510	106.723703	0.007964	12.7
1833	-0.000000	106.690590	0.000000	10.0
1834	-0.517448	106.657505	0.005295	8.0
1835	-0.114717	106.624446	0.003626	8.3
1836	-1.000181	106.591415	0.008666	8.8
1837	-0.012328	106.558411	0.000364	8.8
1838	-0.945018	106.525435	0.006576	9.6
1839	-1.226771	106.492485	0.011906	9.0
1840	-0.969836	106.459563	0.006536	8.5
1841	-0.119315	106.426668	0.001681	8.5
1842	-0.014735	106.393800	0.002306	9.7
1843	-1.095887	106.360959	0.011980	10.0
1844	-1.245123	106.328145	0.008465	8.8
1845	-1.201094	106.295358	0.014449	9.7
1846	-1.028398	106.262598	0.008566	11.2
1847	-1.235730	106.229865	0.011116	11.8
1848	-1.262757	106.197158	0.007746	8.8
1849	-0.283792	106.164479	0.006587	8.1
1850	-0.000000	106.131826	0.000000	7.2
1851	-0.326145	106.099201	0.004846	9.1
1852	-0.205045	106.066602	0.002323	8.4
1853	-0.000047	106.034029	0.000040	10.9
1854	-0.223063	106.001483	0.005254	8.7
1855	-1.271975	105.968964	0.011506	8.4
1856	-1.012229	105.936472	0.008554	9.3
1857	-1.127143	105.904006	0.005284	8.5
1858	-0.000829	105.871566	0.000240	9.7
1859	-1.014019	105.839153	0.008115	8.2
1860	-0.108124	105.806767	0.001892	10.2
1861	-0.000000	105.774407	0.000000	10.1
1862	-0.000000	105.742073	0.000000	8.4
1863	-1.016603	105.709766	0.008605	9.1
1864	-1.024018	105.677485	0.006167	8.7
1865	-0.852307	105.645230	0.004923	9.4
1866	-0.000000	105.613001	0.000000	10.3
1867	0.000000	105.580799	0.000000	8.2
1868	-0.204917	105.548623	0.003890	11.1
1869	-0.000000	105.516473	0.000000	8.6
1870	-0.000000	105.484349	0.000000	8.6
1871	-0.000000	105.452251	0.000000	9.3
1872	-0.000000	105.420179	0.000000	8.9
1873	-1.227396	105.388133	0.010658	8.8
1874	-0.000000	105.356113	0.000000	9.1
1875	-0.447260	105.324119	0.004829	11.1
1876	-0.000000	105.292151	0.000000	11.5
1877	-1.137072	105.260209	0.006531	9.8
1878	-0.000000	105.228293	0.000000	8.4
1879	-0.166106	105.196402	0.004469	11.8
1880	-0.034882	105.164537	0.001764	8.5
1881	-0.210953	105.132698	0.005435	9.0
1882	-1.296192	105.100885	0.012058	9.0
1883	-0.024005	105.069097	0.002007	8.0
1884	-0.000000	105.037335	0.000000	9.9
1885	-1.341464	105.005598	0.008944	8.5
1886	-0.000000	104.973887	0.000000	9.4
1887	-1.416924	104.942202	0.013660	9.4
1888	-1.037608	104.910542	0.007336	9.1
1889	-0.067228	104.878907	0.001898	9.5
1890	-1.205531	104.847298	0.009719	11.2
1891	-0.002391	104.815715	0.000158	8.5
1892	-0.005162	104.784156	0.000156	9.8
1893	-0.000000	104.752623	0.000000	9.3
1894	-0.762913	104.721116	0.005743	8.8
1895	-1.504192	104.689633	0.009353	9.4
1896	-0.000000	104.658176	0.000000	8.3
1897	-0.000000	104.626744	0.000000	9.9
1898	-0.000000	104.595337	0.000000	9.1
1899	-1.417479	104.563955	0.008519	9.0
1900	-0.044630	104.532599	0.004033	9.9
1901	-1.216339	104.501267	0.008596	8.4
1902	-0.168080	104.469960	0.002490	9.8
1903	-1.265835	104.438679	0.010641	9.3
1904	-1.358601	104.407422	0.011378	9.5
1905	-0.347873	104.376191	0.005833	9.8
1906	-0.000000	104.344984	0.000000	11.0
1907	-0.584283	104.313802	0.004273	8.3
1908	-1.059533	104.282645	0.010151	7.4
1909	-0.194517	104.251513	0.003810	8.5
1910	-1.127458	104.220405	0.005766	11.6
1911	-0.122289	104.189323	0.004135	8.2
1912	-0.771563	104.158265	0.005863	10.2
1913	-0.000000	104.127231	0.000000	9.3
1914	-0.000000	104.096222	0.000000	7.4
1915	-0.000000	104.065238	0.000000	9.6
1916	-0.000000	104.034279	0.000000	8.5
1917	-0.598578	104.003344	0.004299	9.1
1918	-0.110761	103.972433	0.002468	10.1
1919	-0.914466	103.941547	0.006464	8.4
1920	-0.004875	103.910686	0.000530	9.7
1921	-0.255366	103.879849	0.003401	8.1
1922	-0.000000	103.849036	0.000000	8.6
1923	-1.064271	103.818248	0.010338	8.4
1924	-0.000000	103.787484	0.000000	11.1
1925	-0.327158	103.756744	0.003903	9.5
1926	-0.945482	103.726029	0.012854	8.2
1927	-1.161826	103.695338	0.009939	10.4
1928	-0.000000	103.664671	0.000000	8.7
1929	-0.000000	103.634028	0.000000	8.4
1930	-1.265673	103.603409	0.008274	9.8
1931	-0.328311	103.572814	0.005870	8.9
1932	-0.000000	103.542244	0.000000	10.0
1933	-0.000000	103.511698	0.000000	8.2
1934	-1.069803	103.481175	0.005573	9.0
1935	-0.479183	103.450677	0.003974	8.2
1936	-1.039661	103.420202	0.009275	14.5
1937	-1.065755	103.389752	0.013554	8.8
1938	-0.000000	103.359325	0.000000	8.7
1939	-0.073297	103.328922	0.001823	8.5
1940	-0.000000	103.298543	0.000000	9.3
1941	-0.880101	103.268188	0.006780	8.1
1942	-0.000000	103.237857	0.000000	8.4
1943	-0.260368	103.207549	0.002934	9.7
1944	-0.090062	103.177265	0.003758	7.7
1945	-0.000000	103.147005	0.000000	9.0
1946	-0.000000	103.116768	0.000000	8.4
1947	-0.000000	103.086556	0.000000	9.0
1948	-1.168978	103.056366	0.008206	8.9
1949	-0.094333	103.026200	0.002127	8.0
1950	-0.684359	102.996058	0.008465	8.6
1951	-0.000000	102.965939	0.000000	8.5
1952	-0.044432	102.935844	0.001312	8.5
1953	-0.850457	102.905772	0.006374	9.4
1954	-0.000000	102.875724	0.000000	9.2
1955	-0.000000	102.845699	0.000000	9.4
1956	-0.000000	102.815697	0.000000	7.5
1957	-0.000005	102.785719	0.000004	10.3
1958	-0.000000	102.755764	0.000000	8.7
1959	-1.297145	102.725832	0.009803	11.0
1960	-0.346316	102.695924	0.003191	9.3
1961	-0.001771	102.666038	0.000512	7.3
1962	-0.000000	102.636176	0.000000	8.1
1963	-0.080661	102.606337	0.001976	9.4
1964	-0.167050	102.576521	0.002302	7.5
1965	-0.000052	102.546728	0.000039	8.8
1966	-0.000000	102.516959	0.000000	9.7
1967	-1.131726	102.487212	0.011246	11.6
1968	-0.492321	102.457488	0.005577	8.4
1969	-0.987784	102.427788	0.013824	8.2
1970	-0.000000	102.398110	0.000000	9.5
1971	-0.014698	102.368455	0.000699	8.0
1972	-1.372751	102.338823	0.014865	9.0
1973	-0.000000	102.309214	0.000000	8.6
1974	-0.991315	102.279628	0.005396	8.8
1975	-0.000000	102.250064	0.000000	13.6
1976	-0.056588	102.220524	0.002313	9.8
1977	-0.000000	102.191006	0.000000	10.3
1978	-0.065481	102.161511	0.002332	9.7
1979	-1.027887	102.132038	0.007017	9.3
1980	-0.434789	102.102588	0.003673	9.0
1981	-0.000000	102.073161	0.000000	8.7
1982	-0.010307	102.043757	0.001245	7.6
1983	-0.000132	102.014375	0.000096	9.5
1984	-0.155845	101.985015	0.002720	8.4
1985	-0.000067	101.955678	0.000037	8.7
1986	-0.976988	101.926364	0.013762	8.5
1987	-0.348968	101.897072	0.003111	9.6
1988	-1.365704	101.867802	0.011012	9.3
1989	-0.182601	101.838555	0.005096	8.1
1990	-0.000000	101.809330	0.000000	9.3
1991	0.000000	101.780128	0.000000	7.7
1992	-0.000000	101.750948	0.000000	10.0
1993	-0.042456	101.721790	0.001939	8.5
1994	-0.316605	101.692654	0.003198	9.2
1995	-1.032432	101.663541	0.006868	10.0
1996	-0.000000	101.634450	0.000000	8.0
1997	-0.000062	101.605381	0.000026	8.7
1998	-1.135156	101.576335	0.008359	8.7
1999	-0.497562	101.547310	0.004506	8.8
