1:ItNr	2:Metric	3:StepSize	4:||Gradient||	Time[ms]
0	-0.194349	627.201626	0.002822	603.2
1	-0.179546	623.504937	0.003364	9.6
2	-0.000000	619.865785	0.000000	8.7
3	-0.009085	616.282728	0.000184	9.8
4	-0.000000	612.754375	0.000000	9.4
5	-0.975573	609.279381	0.007125	8.2
6	-1.008182	605.856447	0.006736	8.4
7	-0.000000	602.484317	0.000000	9.9
8	-0.069188	599.161779	0.001192	9.3
9	-0.882960	595.887656	0.007408	10.2
10	-0.000000	592.660813	0.000000	8.8
11	-0.000000	589.480151	0.000000	12.3
12	-1.059460	586.344606	0.009328	10.3
13	-0.000000	583.253145	0.000000	8.3
14	-0.000000	580.204771	0.000000	10.0
15	-0.918165	577.198517	0.007119	9.8
16	-1.051101	574.233444	0.009104	10.1
17	-0.854677	571.308645	0.006546	10.4
18	-0.991336	568.423237	0.007574	9.8
19	-0.000000	565.576365	0.000000	10.8
20	-0.000000	562.767201	0.000000	9.1
21	-0.000000	559.994938	0.000000	9.0
22	-0.968493	557.258797	0.007827	12.0
23	-0.007298	554.558018	0.000064	9.1
24	-0.024134	551.891865	0.000319	11.0
25	-0.669731	549.259621	0.006043	13.1
26	-0.000000	546.660592	0.000000	9.1
27	-0.980753	544.094102	0.007346	9.9
28	-0.075949	541.559494	0.006461	9.7
29	-0.972838	539.056129	0.007340	8.2
30	-0.866450	536.583387	0.006643	11.5
31	-0.765762	534.140663	0.009052	9.2
32	-0.950469	531.727370	0.007740	8.8
33	-0.921386	529.342935	0.008774	10.4
34	-0.191835	526.986802	0.004589	10.0
35	-0.964023	524.658430	0.005728	10.7
36	-0.000000	522.357290	0.000000	10.2
37	-0.894935	520.082868	0.007372	9.1
38	-0.909950	517.834665	0.006789	9.5
39	-1.065046	515.612193	0.008098	8.8
40	-0.083395	513.414976	0.003231	8.3
41	-1.167452	511.242551	0.009606	9.7
42	-1.093905	509.094468	0.007844	9.8
43	-0.000000	506.970285	0.000000	9.1
44	-1.077462	504.869574	0.009197	10.3
45	-0.178900	502.791916	0.003589	8.2
46	-0.000000	500.736903	0.000000	13.2
47	-0.000000	498.704137	0.000000	9.9
48	-0.944751	496.693228	0.007848	9.3
49	-0.815035	494.703798	0.005137	9.4
50	-0.000000	492.735476	0.000000	16.9
51	-0.724624	490.787900	0.004970	10.0
52	-1.033624	488.860718	0.006770	9.9
53	-0.000000	486.953585	0.000000	9.7
54	-0.873030	485.066164	0.006513	9.6
55	-0.000000	483.198126	0.000000	11.3
56	-1.014778	481.349149	0.008067	9.5
57	-1.034532	479.518920	0.009152	9.0
58	-0.565858	477.707132	0.006934	8.7
59	-0.000000	475.913485	0.000000	10.1
60	-1.207118	474.137684	0.010869	9.4
61	-0.467979	472.379445	0.004446	8.7
62	-1.110329	470.638485	0.008191	10.2
63	-0.005283	468.914531	0.000294	9.9
64	-0.000000	467.207315	0.000000	9.0
65	-1.073091	465.516573	0.006270	7.8
66	-0.000000	463.842050	0.000000	11.5
67	-0.168723	462.183494	0.003321	10.6
68	-0.988065	460.540658	0.007930	10.3
69	-0.000000	458.913303	0.000000	8.9
70	-0.791881	457.301192	0.007344	10.2
71	-0.000000	455.704096	0.000000	10.4
72	-0.000000	454.121787	0.000000	10.3
73	-1.176625	452.554045	0.010598	10.6
74	-1.087441	451.000653	0.013263	12.2
75	-0.000099	449.461399	0.000078	8.9
76	-0.000147	447.936075	0.000139	10.6
77	-0.000000	446.424477	0.000001	11.2
78	-0.000000	444.926406	0.000000	11.0
79	-0.120056	443.441666	0.003950	10.7
80	-1.115096	441.970065	0.009554	9.8
81	-0.841853	440.511415	0.006042	9.5
82	-0.000000	439.065533	0.000000	9.0
83	-0.920463	437.632238	0.006474	10.1
84	-0.116941	436.211351	0.001270	8.3
85	-0.187355	434.802701	0.003922	8.9
86	-0.000000	433.406117	0.000000	9.6
87	-0.000000	432.021430	0.000000	9.8
88	-0.104665	430.648479	0.002449	10.0
89	-0.000000	429.287101	0.000000	10.8
90	-1.184221	427.937140	0.010592	8.9
91	-0.937859	426.598440	0.007645	11.7
92	-1.115040	425.270849	0.008674	9.0
93	-1.129415	423.954220	0.007833	9.1
94	-0.270314	422.648404	0.003449	8.5
95	-0.000000	421.353259	0.000000	8.3
96	-1.102446	420.068643	0.006732	10.8
97	-0.469675	418.794419	0.005149	10.2
98	-0.839287	417.530451	0.009212	9.8
99	-0.003105	416.276604	0.001076	8.4
100	-0.000000	415.032748	0.000000	9.2
101	-0.087500	413.798754	0.002932	10.7
102	-0.014518	412.574495	0.000261	10.1
103	-1.084999	411.359849	0.007582	9.6
104	-0.000000	410.154691	0.000000	10.2
105	-0.000000	408.958904	0.000000	10.4
106	-1.173062	407.772368	0.010084	9.5
107	-0.000000	406.594968	0.000000	9.2
108	-0.588049	405.426590	0.005039	8.8
109	-1.034763	404.267122	0.007177	12.7
110	-0.230096	403.116456	0.004566	9.0
111	-0.379659	401.974481	0.005395	8.2
112	-0.796962	400.841093	0.005117	10.1
113	-0.990826	399.716187	0.005655	9.0
114	-0.000000	398.599660	0.000000	9.5
115	-0.897729	397.491411	0.008754	9.2
116	-0.000000	396.391342	0.000000	9.6
117	-0.180806	395.299353	0.003662	8.3
118	-0.974806	394.215350	0.012549	10.2
119	-0.018560	393.139238	0.000276	9.0
120	-0.626873	392.070924	0.007408	10.1
121	-0.032509	391.010316	0.001591	10.4
122	-0.000000	389.957325	0.000000	12.1
123	-0.000000	388.911862	0.000000	11.0
124	-0.000000	387.873839	0.000000	9.6
125	-0.000000	386.843173	0.000000	8.8
126	-0.000000	385.819777	0.000000	9.1
127	-0.115607	384.803569	0.001912	9.4
128	-0.000000	383.794468	0.000000	8.5
129	-0.160839	382.792393	0.003188	10.6
130	-0.000000	381.797264	0.000000	8.0
131	-0.000000	380.809005	0.000000	9.3
132	-0.000000	379.827537	0.000000	9.6
133	-0.856246	378.852786	0.007679	8.8
134	-0.818426	377.884678	0.005646	9.4
135	-0.986608	376.923138	0.005939	12.4
136	-0.330375	375.968095	0.003478	10.1
137	-0.000000	375.019479	0.000000	12.6
138	-0.000000	374.077218	0.000000	11.7
139	-0.000000	373.141244	0.000000	7.8
140	-0.697993	372.211489	0.006036	11.7
141	-0.376112	371.287887	0.004748	9.8
142	-0.000000	370.370370	0.000000	9.8
143	-0.000000	369.458876	0.000000	9.2
144	-0.000000	368.553338	0.000000	21.4
145	-0.000000	367.653696	0.000000	10.4
146	-0.094515	366.759885	0.001635	10.0
147	-0.000000	365.871846	0.000000	9.2
148	-0.806406	364.989518	0.006167	10.1
149	-1.024308	364.112841	0.007112	11.2
150	-0.066052	363.241757	0.002028	8.4
151	-0.944689	362.376208	0.010721	10.7
152	-0.148888	361.516137	0.002682	9.7
153	-1.112054	360.661488	0.005666	9.4
154	-0.000000	359.812206	0.000000	9.8
155	-0.305929	358.968236	0.004946	10.7
156	-0.000000	358.129524	0.000000	8.9
157	-0.786255	357.296018	0.005540	9.2
158	-0.000000	356.467665	0.000000	11.4
159	-0.935636	355.644414	0.010751	8.0
160	-0.000000	354.826213	0.000000	9.9
161	-0.004301	354.013012	0.000806	8.9
162	-0.000000	353.204763	0.000000	10.3
163	-0.497413	352.401415	0.005654	8.7
164	-0.107844	351.602922	0.001611	8.1
165	-0.000000	350.809235	0.000000	10.4
166	-0.391819	350.020308	0.005600	11.6
167	-1.060521	349.236095	0.010607	10.1
168	-1.103834	348.456550	0.006003	8.7
169	-1.152964	347.681627	0.007106	9.0
170	-0.961377	346.911283	0.006189	9.7
171	-0.961564	346.145474	0.006048	9.9
172	-0.000000	345.384157	0.000000	9.3
173	-0.542499	344.627288	0.004742	9.4
174	-0.808495	343.874826	0.005218	10.6
175	-0.017353	343.126729	0.000641	9.1
176	-0.000000	342.382957	0.000000	8.4
177	-1.064610	341.643469	0.007630	12.4
178	-1.023205	340.908224	0.006615	13.1
179	-0.747389	340.177184	0.005586	8.5
180	-0.000000	339.450309	0.000000	9.9
181	-0.000000	338.727561	0.000000	8.9
182	-1.006792	338.008902	0.010600	8.8
183	-1.070568	337.294295	0.007699	13.1
184	-0.778927	336.583703	0.008678	9.3
185	-0.657231	335.877089	0.006394	9.6
186	-0.000000	335.174416	0.000000	9.6
187	-1.087150	334.475651	0.009205	8.4
188	-1.186953	333.780756	0.008564	9.5
189	-0.240137	333.089698	0.003079	9.6
190	-0.002139	332.402443	0.001019	9.2
191	-0.000000	331.718955	0.000000	9.9
192	-0.891129	331.039203	0.004708	9.3
193	-0.000000	330.363153	0.000000	10.1
194	-0.000000	329.690771	0.000000	9.5
195	-1.128592	329.022027	0.007028	9.4
196	-0.000000	328.356888	0.000000	11.4
197	-0.000000	327.695322	0.000000	9.8
198	-0.000000	327.037299	0.000000	9.3
199	-0.285034	326.382787	0.002617	10.1
200	-1.056681	325.731758	0.007379	8.9
201	-0.000000	325.084179	0.000000	10.1
202	-0.378229	324.440023	0.003374	9.6
203	-0.000000	323.799258	0.000000	11.2
204	-1.107947	323.161858	0.006949	10.7
205	-0.691229	322.527792	0.008839	10.8
206	-0.896919	321.897034	0.006022	9.7
207	-0.377111	321.269554	0.004184	21.3
208	-0.934989	320.645325	0.006557	9.0
209	-0.000000	320.024320	0.000000	8.8
210	-1.039041	319.406512	0.007742	8.9
211	-0.000001	318.791875	0.000001	9.9
212	-0.072370	318.180381	0.001162	9.9
213	-0.000000	317.572005	0.000000	8.8
214	-0.687971	316.966721	0.004618	11.7
215	-0.039365	316.364504	0.000856	9.1
216	-0.003988	315.765329	0.000000	9.0
217	-0.978334	315.169170	0.013040	10.1
218	-0.000000	314.576003	0.000000	9.5
219	-0.016637	313.985804	0.000236	8.7
220	-0.195481	313.398548	0.001827	10.0
221	-0.880685	312.814213	0.006536	8.8
222	-0.002536	312.232773	0.001452	8.5
223	-0.340894	311.654207	0.003606	8.2
224	-0.000000	311.078491	0.000000	9.6
225	-0.000000	310.505602	0.000000	9.8
226	-1.168337	309.935518	0.007876	8.4
227	-0.000000	309.368217	0.000000	9.6
228	-0.082045	308.803676	0.002078	9.8
229	-0.261722	308.241874	0.004456	11.6
230	-0.000000	307.682789	0.000000	9.9
231	-1.081868	307.126400	0.005728	10.0
232	-1.023042	306.572687	0.008494	10.0
233	-1.158151	306.021627	0.007220	10.8
234	-0.000000	305.473201	0.000000	10.3
235	-0.000000	304.927388	0.000000	10.4
236	-0.029687	304.384168	0.000537	9.8
237	-0.210545	303.843521	0.001576	8.2
238	-0.212891	303.305427	0.003423	9.4
239	-1.272155	302.769867	0.009468	10.0
240	-0.920360	302.236821	0.005266	9.0
241	-0.308942	301.706270	0.002685	8.8
242	-1.036250	301.178196	0.008913	8.4
243	-0.370522	300.652580	0.003474	8.8
244	-0.797061	300.129402	0.006627	12.9
245	-0.342930	299.608645	0.003211	7.8
246	-0.903979	299.090291	0.006404	9.4
247	-0.461763	298.574321	0.003194	11.9
248	-1.155085	298.060718	0.011224	13.6
249	-0.863649	297.549465	0.008923	8.9
250	-0.000000	297.040543	0.000000	10.1
251	-0.882870	296.533936	0.009897	10.1
252	-0.212947	296.029626	0.002085	8.4
253	-0.502653	295.527597	0.003799	19.6
254	-0.445010	295.027832	0.005826	9.2
255	-0.822049	294.530315	0.006754	9.9
256	-0.000000	294.035028	0.000000	9.3
257	-0.543793	293.541956	0.005860	10.2
258	-0.967722	293.051083	0.006326	10.6
259	-0.000000	292.562393	0.000000	9.5
260	-0.492424	292.075870	0.003697	9.0
261	-0.792287	291.591498	0.005345	10.7
262	-0.142483	291.109263	0.002440	11.0
263	-0.133741	290.629149	0.002410	9.6
264	-0.000000	290.151140	0.000000	8.3
265	-0.000000	289.675222	0.000000	8.7
266	-0.915895	289.201380	0.005969	10.8
267	-0.000000	288.729600	0.000000	8.6
268	-1.087952	288.259866	0.007517	9.9
269	-0.488688	287.792165	0.005342	9.9
270	-0.000000	287.326481	0.000000	9.7
271	-0.000000	286.862802	0.000000	8.9
272	-0.463763	286.401113	0.004997	11.8
273	-0.000000	285.941400	0.000000	8.4
274	-0.013483	285.483649	0.000445	8.8
275	-0.744525	285.027847	0.005031	13.9
276	-1.106707	284.573981	0.008284	9.0
277	-0.000000	284.122037	0.000000	9.1
278	-0.056536	283.672002	0.001682	10.2
279	-0.653680	283.223863	0.005027	9.6
280	-0.847801	282.777607	0.004813	12.4
281	-0.000025	282.333221	0.000009	11.7
282	-0.914326	281.890692	0.009909	9.4
283	-0.000000	281.450008	0.000000	11.0
284	-0.201355	281.011157	0.002113	11.9
285	-0.000000	280.574125	0.000000	9.0
286	-0.147201	280.138901	0.002832	12.4
287	-1.174520	279.705473	0.010057	17.2
288	-0.000000	279.273829	0.000000	13.6
289	-0.396025	278.843956	0.002677	13.7
290	-1.057560	278.415844	0.011336	17.7
291	-1.106151	277.989479	0.007777	15.8
292	-0.000000	277.564851	0.000001	18.2
293	-0.988237	277.141949	0.006867	13.8
294	-1.143564	276.720761	0.009167	12.0
295	-0.127426	276.301275	0.002231	10.8
296	-1.329913	275.883480	0.010332	9.7
297	-0.000000	275.467366	0.000000	10.6
298	-0.385644	275.052922	0.003632	11.0
299	-0.950886	274.640136	0.007498	9.9
300	-0.038004	274.228998	0.001493	9.9
301	-0.000000	273.819497	0.000000	10.3
302	-0.000000	273.411623	0.000000	9.8
303	-0.841365	273.005365	0.004472	14.8
304	-0.890908	272.600712	0.006464	10.3
305	-0.559747	272.197655	0.004738	10.5
306	-0.629714	271.796184	0.004177	16.5
307	-1.057521	271.396287	0.006508	9.2
308	-0.000000	270.997956	0.000000	12.5
309	-0.000000	270.601180	0.000000	14.3
310	-0.002764	270.205949	0.000575	16.4
311	-0.030630	269.812254	0.001732	14.2
312	-1.083051	269.420085	0.007214	14.2
313	-0.632388	269.029432	0.004238	16.3
314	-0.329813	268.640287	0.004667	11.9
315	-0.000000	268.252638	0.000000	16.7
316	-0.000000	267.866478	0.000000	15.3
317	-0.280335	267.481796	0.003337	15.9
318	-0.583021	267.098584	0.005986	9.1
319	-1.220769	266.716833	0.008729	10.1
320	-0.000000	266.336533	0.000000	10.9
321	-1.152774	265.957676	0.007288	9.5
322	-0.000000	265.580253	0.000000	8.7
323	-0.000000	265.204254	0.000000	9.3
324	-1.224818	264.829672	0.011670	8.7
325	-0.000000	264.456497	0.000000	9.5
326	-0.000000	264.084721	0.000000	8.7
327	-0.038288	263.714335	0.000524	8.8
328	-0.000000	263.345332	0.000000	10.2
329	-0.000000	262.977702	0.000000	15.7
330	-0.176589	262.611438	0.003205	9.9
331	-0.000000	262.246531	0.000000	10.3
332	-0.000000	261.882973	0.000000	10.1
333	-0.229549	261.520756	0.002223	12.5
334	-0.059696	261.159871	0.001082	9.4
335	-0.000000	260.800312	0.000000	9.3
336	-0.145571	260.442070	0.002761	9.6
337	-0.039022	260.085137	0.001542	10.0
338	-1.114813	259.729505	0.007207	10.4
339	-0.475192	259.375167	0.004360	12.2
340	-0.025781	259.022116	0.000307	11.5
341	-0.648210	258.670343	0.004699	8.2
342	-0.000000	258.319841	0.000000	9.3
343	-0.000064	257.970602	0.000050	10.3
344	-0.000000	257.622620	0.000000	9.5
345	-0.000000	257.275887	0.000000	8.2
346	-0.893551	256.930396	0.005323	9.8
347	-0.575435	256.586139	0.006090	9.2
348	-0.000000	256.243109	0.000000	10.1
349	-0.048684	255.901300	0.002255	9.2
350	-0.000000	255.560703	0.000000	13.6
351	-0.000320	255.221313	0.000086	9.5
352	-0.774688	254.883122	0.006157	12.3
353	-1.211878	254.546124	0.007312	10.7
354	-0.000025	254.210311	0.000007	9.4
355	-0.563754	253.875677	0.006890	11.0
356	-0.000000	253.542215	0.000000	9.1
357	-0.033006	253.209918	0.000744	10.3
358	-0.000000	252.878781	0.000000	10.0
359	-0.000000	252.548795	0.000000	7.7
360	-0.000000	252.219956	0.000000	9.1
361	-0.000000	251.892255	0.000000	15.2
362	-0.295192	251.565688	0.004615	10.2
363	-0.941645	251.240247	0.007962	8.6
364	-0.049994	250.915926	0.000989	9.0
365	-0.804280	250.592720	0.006778	9.6
366	-0.000000	250.270621	0.000000	9.8
367	-0.924575	249.949624	0.005941	9.7
368	-1.033553	249.629723	0.008470	10.1
369	-0.000000	249.310911	0.000000	8.8
370	-0.525988	248.993182	0.004769	11.7
371	-0.335155	248.676531	0.003763	9.2
372	-0.839170	248.360952	0.005184	9.5
373	-0.005235	248.046438	0.000211	9.0
374	-0.360435	247.732984	0.003084	9.7
375	-0.051937	247.420584	0.001650	9.6
376	-0.898842	247.109233	0.006206	8.2
377	-0.000000	246.798924	0.000000	9.1
378	-0.000000	246.489652	0.000000	9.4
379	-0.255308	246.181412	0.004189	8.4
380	-0.019057	245.874197	0.000629	8.9
381	-0.000000	245.568002	0.000000	11.5
382	-0.000000	245.262822	0.000000	9.8
383	-0.000000	244.958652	0.000000	9.5
384	-0.426992	244.655485	0.003817	8.8
385	-0.439913	244.353317	0.003737	10.9
386	-0.000000	244.052142	0.000000	10.8
387	-1.215695	243.751955	0.008811	9.0
388	-0.000000	243.452750	0.000000	12.6
389	-1.197173	243.154523	0.009434	9.8
390	-0.049227	242.857268	0.001807	9.4
391	-0.757917	242.560980	0.003877	10.2
392	-0.533730	242.265654	0.004860	9.0
393	-1.196190	241.971285	0.007865	9.5
394	-0.000000	241.677868	0.000000	8.5
395	-1.000685	241.385397	0.009780	10.2
396	-0.391160	241.093869	0.002482	9.3
397	-1.257437	240.803278	0.009755	12.1
398	-0.000000	240.513619	0.000000	11.0
399	-0.904917	240.224887	0.005364	8.6
400	-0.000000	239.937077	0.000000	7.6
401	-0.512216	239.650186	0.004977	10.4
402	-0.490445	239.364207	0.004435	11.1
403	-0.896162	239.079136	0.008952	11.2
404	-0.785614	238.794969	0.005272	10.8
405	-0.064232	238.511701	0.001134	8.9
406	-0.580094	238.229327	0.003912	11.4
407	-1.064471	237.947843	0.010645	18.3
408	-0.870580	237.667244	0.006507	8.4
409	-0.811049	237.387526	0.006591	10.2
410	-0.000000	237.108684	0.000000	10.1
411	-0.000000	236.830714	0.000000	9.9
412	-0.000000	236.553610	0.000000	9.2
413	-0.000000	236.277370	0.000000	9.2
414	-0.100760	236.001989	0.001898	8.8
415	-0.000000	235.727461	0.000000	8.1
416	-0.476724	235.453784	0.004517	9.0
417	-0.000000	235.180952	0.000000	8.4
418	-0.000000	234.908962	0.000000	9.2
419	-1.150857	234.637809	0.012156	9.4
420	-0.023804	234.367488	0.001821	8.6
421	-0.278359	234.097997	0.004769	9.4
422	-0.000000	233.829331	0.000000	9.6
423	-1.134652	233.561485	0.007592	9.0
424	-0.000000	233.294456	0.000000	10.2
425	-0.757496	233.028239	0.004767	9.7
426	-0.000000	232.762831	0.000000	14.9
427	-0.285467	232.498228	0.005010	11.0
428	-0.000000	232.234425	0.000000	8.2
429	-1.135175	231.971419	0.007176	8.4
430	-0.000000	231.709205	0.000000	8.9
431	-1.036963	231.447781	0.011805	9.1
432	-0.572535	231.187141	0.005517	9.6
433	-0.004458	230.927283	0.000147	10.1
434	-0.013571	230.668202	0.002615	9.2
435	-1.096877	230.409895	0.007609	16.9
436	-0.000000	230.152358	0.000000	10.5
437	-0.000000	229.895587	0.000000	9.6
438	-0.860121	229.639578	0.008105	9.2
439	-0.593317	229.384329	0.004099	8.9
440	-0.000000	229.129834	0.000000	8.7
441	-1.028792	228.876091	0.006041	10.0
442	-0.908159	228.623096	0.007320	11.4
443	-0.285392	228.370846	0.003545	9.9
444	-0.000000	228.119336	0.000000	9.3
445	-1.062139	227.868563	0.010482	10.3
446	-0.352453	227.618525	0.003659	9.5
447	-0.050128	227.369216	0.001853	8.9
448	-0.000000	227.120635	0.000000	12.6
449	-0.038083	226.872777	0.001650	8.0
450	-0.000000	226.625638	0.000000	8.9
451	-0.131007	226.379217	0.002426	10.2
452	-0.000000	226.133509	0.000000	8.7
453	-0.000000	225.888510	0.000000	11.1
454	-1.081417	225.644218	0.007527	22.2
455	-0.052846	225.400630	0.001154	8.0
456	-0.382304	225.157741	0.005026	8.3
457	-0.894489	224.915549	0.005569	9.6
458	-0.442195	224.674051	0.004392	10.7
459	-0.448971	224.433242	0.004139	9.7
460	-0.000000	224.193121	0.000000	9.4
461	-0.000000	223.953684	0.000000	9.8
462	-1.102254	223.714927	0.009278	9.3
463	-0.830331	223.476848	0.004363	10.3
464	-0.769074	223.239444	0.005459	9.5
465	-0.000000	223.002710	0.000000	9.4
466	-0.171435	222.766645	0.002431	12.0
467	-0.894081	222.531245	0.007082	8.7
468	-1.082784	222.296508	0.007233	9.6
469	-1.192138	222.062429	0.007641	9.8
470	-0.222640	221.829007	0.002291	9.0
471	-1.207615	221.596238	0.010085	8.5
472	-0.000000	221.364119	0.000000	9.9
473	-0.000000	221.132647	0.000000	8.7
474	-1.112176	220.901820	0.005782	9.7
475	-0.837162	220.671634	0.006091	9.3
476	-0.239390	220.442086	0.004901	10.1
477	-0.000000	220.213174	0.000000	9.9
478	-0.328358	219.984895	0.002447	8.6
479	-0.954754	219.757246	0.005153	8.3
480	-1.147330	219.530224	0.007386	9.4
481	-0.440179	219.303826	0.003542	9.9
482	-0.000003	219.078050	0.000004	10.4
483	-0.000247	218.852893	0.000191	10.3
484	-0.957424	218.628352	0.007620	10.6
485	-0.246285	218.404424	0.001653	10.4
486	-0.000000	218.181106	0.000000	9.9
487	-0.116251	217.958397	0.001812	10.6
488	-1.070804	217.736292	0.009813	9.3
489	-1.246798	217.514790	0.007772	8.5
490	-0.072103	217.293888	0.001961	9.7
491	-0.807351	217.073584	0.006292	9.5
492	-0.874670	216.853873	0.005377	10.9
493	-0.000000	216.634755	0.000000	10.2
494	-0.241666	216.416227	0.003388	13.1
495	-1.077097	216.198285	0.007120	9.5
496	-0.000000	215.980927	0.000000	10.9
497	-1.013415	215.764151	0.007146	9.6
498	-0.131153	215.547955	0.003602	7.9
499	-1.145482	215.332335	0.008647	11.9
500	-0.157306	215.117289	0.001068	10.3
501	-0.242842	214.902815	0.002921	9.0
502	-0.000000	214.688911	0.000000	10.1
503	-0.184725	214.475573	0.002455	9.2
504	-1.283261	214.262800	0.009255	8.5
505	-0.000000	214.050588	0.000000	10.3
506	-0.691054	213.838936	0.005272	9.2
507	-0.545960	213.627842	0.005263	8.6
508	-1.026553	213.417302	0.006352	11.2
509	-0.000000	213.207314	0.000000	9.4
510	-0.374351	212.997877	0.004248	10.4
511	-0.000000	212.788987	0.000000	13.0
512	-0.929348	212.580642	0.006042	8.2
513	-0.000000	212.372841	0.000000	10.1
514	-1.113199	212.165581	0.006896	10.9
515	-0.014805	211.958859	0.001680	9.6
516	-0.776044	211.752673	0.007001	9.9
517	-0.000000	211.547021	0.000000	9.3
518	-1.166391	211.341902	0.006750	8.9
519	-0.000000	211.137311	0.000000	10.1
520	-0.000000	210.933248	0.000000	10.0
521	-0.000000	210.729710	0.000000	8.2
522	-0.000000	210.526695	0.000000	13.3
523	-0.316245	210.324200	0.002813	8.1
524	-0.047555	210.122224	0.000864	8.4
525	-0.000000	209.920765	0.000000	8.8
526	-0.705963	209.719820	0.005333	8.8
527	-0.000000	209.519387	0.000000	9.9
528	-0.000000	209.319463	0.000000	10.1
529	-1.009294	209.120048	0.007654	9.7
530	-0.957124	208.921139	0.008324	8.7
531	-1.111805	208.722733	0.006381	8.9
532	-0.000000	208.524829	0.000000	10.3
533	-0.098221	208.327425	0.001626	8.8
534	-1.166292	208.130518	0.006695	9.0
535	-0.000000	207.934107	0.000000	10.4
536	-0.853345	207.738189	0.005938	9.1
537	-0.000000	207.542762	0.000000	12.0
538	-0.000000	207.347825	0.000000	9.5
539	-0.006563	207.153376	0.000366	8.7
540	-0.510217	206.959412	0.004456	9.3
541	-0.000000	206.765932	0.000000	13.1
542	-0.071848	206.572933	0.002834	8.7
543	-0.006720	206.380414	0.000774	9.5
544	-0.006511	206.188373	0.001755	10.0
545	-0.000000	205.996807	0.000000	8.0
546	-0.000000	205.805716	0.000000	18.7
547	-0.909983	205.615096	0.006925	9.5
548	-0.563390	205.424946	0.004166	9.0
549	-0.543211	205.235265	0.003553	9.1
550	-1.137793	205.046050	0.006933	10.5
551	-0.050937	204.857299	0.000263	10.4
552	-0.000000	204.669011	0.000000	8.8
553	-0.000000	204.481184	0.000000	9.1
554	-0.000000	204.293816	0.000000	9.3
555	-0.339663	204.106905	0.003407	13.0
556	-0.129048	203.920449	0.002807	10.5
557	-0.000001	203.734447	0.000000	10.1
558	-0.000005	203.548896	0.000006	9.2
559	-0.927263	203.363795	0.005935	12.5
560	-0.696846	203.179143	0.006587	9.0
561	-0.000000	202.994937	0.000000	8.5
562	-1.199566	202.811176	0.007102	9.6
563	-0.000000	202.627857	0.000000	8.5
564	-0.892915	202.444980	0.007426	9.4
565	-0.624252	202.262543	0.005681	9.6
566	-1.124872	202.080543	0.006979	11.5
567	-0.000000	201.898979	0.000000	9.7
568	-0.000000	201.717849	0.000000	8.6
569	-0.564112	201.537153	0.003588	10.3
570	-0.970109	201.356887	0.007364	11.5
571	-0.848323	201.177050	0.005364	9.0
572	-0.049228	200.997642	0.001584	9.1
573	-0.920447	200.818659	0.006208	8.9
574	-1.142218	200.640100	0.009950	8.4
575	-0.000000	200.461965	0.000000	11.1
576	-1.138976	200.284250	0.007219	9.6
577	-0.916053	200.106955	0.006069	9.4
578	-0.000000	199.930078	0.000000	11.4
579	-1.039763	199.753617	0.005732	9.0
580	-0.000000	199.577571	0.000000	8.8
581	-1.172285	199.401938	0.007950	9.5
582	-0.000000	199.226717	0.000000	9.5
583	-0.306595	199.051905	0.003567	9.3
584	-1.209409	198.877502	0.009372	8.8
585	-0.137941	198.703506	0.002839	10.3
586	-0.000000	198.529916	0.000000	12.5
587	-0.000005	198.356729	0.000004	10.8
588	-0.822511	198.183944	0.004293	8.9
589	-0.431174	198.011560	0.002635	11.3
590	-0.727530	197.839576	0.005947	9.7
591	-0.000000	197.667989	0.000000	12.7
592	-0.000000	197.496798	0.000000	9.9
593	-0.830854	197.326002	0.007311	9.7
594	-1.377660	197.155600	0.009515	9.5
595	-0.912490	196.985589	0.006801	9.3
596	-1.054821	196.815969	0.006105	10.0
597	-0.898486	196.646738	0.008417	9.4
598	-0.452753	196.477894	0.004790	9.4
599	-0.183308	196.309436	0.001380	9.3
600	-1.102130	196.141363	0.006894	8.3
601	-1.211662	195.973673	0.007638	8.9
602	-1.197515	195.806365	0.009869	9.2
603	-0.162117	195.639437	0.004526	9.6
604	-1.079068	195.472888	0.007427	9.6
605	-0.420113	195.306717	0.003187	9.3
606	-0.000000	195.140922	0.000000	7.9
607	-1.065301	194.975501	0.006811	8.8
608	-1.189637	194.810454	0.008445	9.9
609	-0.007695	194.645779	0.000127	9.1
610	-0.794245	194.481475	0.005658	9.9
611	-0.724227	194.317540	0.007956	9.2
612	-0.202755	194.153973	0.002600	10.7
613	-0.307382	193.990773	0.003997	8.6
614	-1.115390	193.827938	0.006692	9.5
615	-0.080027	193.665467	0.001286	8.6
616	-0.000000	193.503358	0.000000	10.1
617	-0.701307	193.341611	0.006716	9.2
618	-1.272302	193.180224	0.006409	9.9
619	-0.000000	193.019196	0.000000	8.2
620	-1.010003	192.858525	0.007215	7.8
621	-1.036657	192.698210	0.006176	11.2
622	-1.103394	192.538251	0.009644	8.5
623	-0.000000	192.378644	0.000000	9.3
624	-0.992094	192.219391	0.006957	9.8
625	-0.965681	192.060488	0.005288	8.3
626	-0.000000	191.901935	0.000000	9.6
627	-0.424017	191.743730	0.003505	8.5
628	-0.670508	191.585873	0.004972	9.7
629	-0.928856	191.428362	0.005195	8.3
630	-0.000000	191.271196	0.000000	8.9
631	-0.970037	191.114374	0.006793	9.9
632	-0.818020	190.957893	0.005647	7.7
633	-0.057475	190.801755	0.001336	9.5
634	-1.056191	190.645956	0.006505	8.8
635	-0.000000	190.490495	0.000000	9.2
636	-0.000000	190.335373	0.000000	12.5
637	-1.000333	190.180587	0.006632	9.0
638	-0.000000	190.026136	0.000000	9.1
639	-0.112758	189.872019	0.001173	10.7
640	-0.063062	189.718235	0.001660	9.5
641	-0.000000	189.564782	0.000000	8.6
642	-0.444640	189.411661	0.003915	9.4
643	-0.005499	189.258868	0.000098	11.0
644	-0.000000	189.106404	0.000000	8.9
645	-1.240716	188.954267	0.008029	9.5
646	-0.000077	188.802456	0.000063	9.6
647	-0.000000	188.650969	0.000000	9.6
648	-0.646188	188.499807	0.005197	8.7
649	-0.000000	188.348967	0.000000	11.4
650	-0.000000	188.198448	0.000000	12.4
651	-0.946037	188.048250	0.007775	9.4
652	-0.509599	187.898371	0.004421	9.2
653	-0.000680	187.748810	0.000474	10.1
654	-0.000003	187.599566	0.000006	10.8
655	-1.038339	187.450638	0.005676	8.6
656	-0.000000	187.302025	0.000000	10.8
657	-0.000000	187.153725	0.000000	8.2
658	-1.147299	187.005739	0.008811	9.2
659	-1.188018	186.858064	0.006136	10.0
660	-0.000000	186.710699	0.000000	10.0
661	-0.887087	186.563645	0.006511	9.6
662	-0.000000	186.416898	0.000000	10.4
663	-0.666884	186.270459	0.003840	8.7
664	-0.361313	186.124326	0.005079	10.2
665	-0.272159	185.978499	0.003423	9.0
666	-0.000000	185.832976	0.000000	9.0
667	-0.000000	185.687756	0.000000	10.3
668	-0.879567	185.542838	0.006993	9.0
669	-0.000000	185.398222	0.000000	9.7
670	-0.000000	185.253906	0.000000	18.7
671	-0.000000	185.109889	0.000000	8.4
672	-0.000000	184.966170	0.000001	9.8
673	-0.000000	184.822748	0.000000	10.1
674	-0.000000	184.679623	0.000000	10.0
675	-0.384958	184.536792	0.003383	10.3
676	-0.438128	184.394256	0.004269	9.9
677	-0.943507	184.252013	0.006672	9.6
678	-1.178610	184.110062	0.007489	8.5
679	-0.000000	183.968403	0.000000	10.2
680	-0.000000	183.827034	0.000000	9.0
681	-0.000033	183.685954	0.000038	14.4
682	-0.762724	183.545163	0.007199	10.8
683	-1.188967	183.404658	0.008688	10.8
684	-1.036470	183.264441	0.008302	9.6
685	-0.009232	183.124509	0.000847	9.7
686	-0.097628	182.984861	0.000759	9.4
687	-0.202265	182.845497	0.001576	9.1
688	-0.000000	182.706416	0.000000	10.2
689	-0.518446	182.567616	0.004663	9.9
690	-1.101481	182.429098	0.007066	10.0
691	-0.000000	182.290859	0.000000	10.5
692	-0.379512	182.152899	0.003680	9.7
693	-0.763823	182.015217	0.004170	9.4
694	-0.829556	181.877813	0.005530	10.0
695	-1.360857	181.740684	0.010811	9.4
696	-0.784612	181.603832	0.004178	9.9
697	-1.039042	181.467253	0.005885	8.5
698	-0.406901	181.330948	0.003939	11.1
699	-0.000000	181.194916	0.000000	10.8
700	-0.185979	181.059155	0.002568	15.3
701	-0.000000	180.923666	0.000000	9.3
702	-0.000000	180.788446	0.000000	17.1
703	-0.000000	180.653496	0.000000	15.0
704	-0.991348	180.518814	0.006027	17.0
705	-0.211924	180.384399	0.002847	15.1
706	-0.000000	180.250251	0.000000	15.2
707	-0.129067	180.116369	0.002410	15.1
708	-0.000000	179.982752	0.000000	14.8
709	-0.893655	179.849398	0.007307	15.0
710	-1.218564	179.716308	0.006828	14.6
711	-1.127955	179.583480	0.007343	16.3
712	-0.000000	179.450913	0.000000	8.7
713	-0.074231	179.318607	0.002672	9.7
714	-1.116231	179.186561	0.006222	10.0
715	-0.000000	179.054774	0.000000	9.5
716	-0.318881	178.923245	0.002483	11.3
717	-0.000000	178.791973	0.000000	10.0
718	-1.243535	178.660958	0.007196	9.0
719	-0.000000	178.530199	0.000000	12.0
720	-0.000000	178.399694	0.000000	9.9
721	-0.000000	178.269444	0.000000	8.8
722	-0.999122	178.139447	0.006932	14.3
723	-0.213873	178.009702	0.002484	10.4
724	-0.392263	177.880209	0.003592	11.7
725	-0.000000	177.750967	0.000000	10.7
726	-1.177516	177.621975	0.007714	11.8
727	-1.106972	177.493232	0.010481	9.1
728	-1.360791	177.364738	0.009392	11.5
729	-0.186127	177.236492	0.001527	10.3
730	-0.477112	177.108492	0.006291	9.2
731	-0.903116	176.980739	0.005388	9.1
732	-0.253598	176.853231	0.002274	16.7
733	-0.015125	176.725968	0.003218	11.1
734	-0.037243	176.598949	0.000583	10.0
735	-1.248901	176.472173	0.010458	9.0
736	-0.000000	176.345639	0.000000	15.5
737	-1.116434	176.219348	0.008399	14.3
738	-0.372478	176.093296	0.002617	11.8
739	-0.000000	175.967486	0.000000	8.8
740	-0.000000	175.841914	0.000000	9.7
741	-0.000000	175.716581	0.000000	10.4
742	-0.000000	175.591486	0.000000	8.8
743	-0.378108	175.466629	0.003231	10.2
744	-0.039537	175.342008	0.002828	8.7
745	-0.184899	175.217622	0.003665	8.4
746	-0.000000	175.093472	0.000000	9.6
747	-0.321634	174.969556	0.002222	8.5
748	-0.432244	174.845873	0.003681	10.0
749	-0.000000	174.722423	0.000000	8.2
750	-0.000000	174.599206	0.000000	8.7
751	-0.565996	174.476220	0.005580	7.7
752	-1.115850	174.353464	0.007392	11.0
753	-0.656193	174.230939	0.005361	10.3
754	-0.408388	174.108643	0.003401	8.7
755	-0.000000	173.986576	0.000000	8.5
756	-0.589578	173.864737	0.003776	12.4
757	-0.000000	173.743124	0.000000	9.4
758	-0.806803	173.621739	0.005069	8.5
759	-0.000000	173.500579	0.000000	9.3
760	-0.715229	173.379645	0.005566	9.6
761	-0.894249	173.258935	0.007707	10.3
762	-0.000000	173.138449	0.000000	13.1
763	-0.846038	173.018186	0.005943	8.5
764	-0.000000	172.898146	0.000000	10.8
765	-0.000000	172.778327	0.000000	7.9
766	-0.031910	172.658730	0.000906	8.0
767	-0.967751	172.539353	0.006903	8.9
768	-0.000000	172.420196	0.000000	9.0
769	-1.254633	172.301258	0.009187	9.8
770	-0.070559	172.182539	0.002317	10.4
771	-0.989152	172.064037	0.005957	9.1
772	-1.308330	171.945753	0.009143	22.6
773	-0.000000	171.827686	0.000000	8.1
774	-0.000000	171.709834	0.000000	9.4
775	-0.000000	171.592198	0.000000	8.8
776	-0.000000	171.474776	0.000000	8.7
777	-0.000000	171.357568	0.000000	9.7
778	-0.000000	171.240574	0.000000	10.1
779	-0.000015	171.123793	0.000013	10.0
780	-1.073916	171.007223	0.009545	10.3
781	-0.000000	170.890865	0.000000	9.2
782	-0.090038	170.774718	0.002903	9.9
783	-0.811390	170.658782	0.005877	8.7
784	-0.000000	170.543055	0.000000	9.8
785	-1.001806	170.427537	0.006186	11.0
786	-1.069033	170.312227	0.005328	9.3
787	-0.000000	170.197125	0.000000	8.1
788	-0.005732	170.082231	0.001008	10.5
789	-0.000000	169.967543	0.000000	9.3
790	-0.082364	169.853061	0.001653	11.0
791	-1.425067	169.738784	0.010530	10.0
792	-0.441631	169.624713	0.002470	8.9
793	-0.000000	169.510845	0.000000	11.7
794	-0.056288	169.397181	0.002660	9.5
795	-0.000000	169.283720	0.000000	9.5
796	-0.000547	169.170462	0.000027	9.2
797	-1.051311	169.057405	0.005713	9.5
798	-1.217620	168.944549	0.007090	9.6
799	-1.269450	168.831895	0.007022	12.8
800	-0.275330	168.719440	0.002337	9.2
801	-1.221084	168.607185	0.009122	15.6
802	-1.170961	168.495129	0.006920	7.6
803	-0.406508	168.383271	0.003747	9.4
804	-0.000000	168.271611	0.000000	10.8
805	-0.341120	168.160148	0.006408	13.4
806	-0.000000	168.048882	0.000000	33.1
807	-1.176587	167.937812	0.006851	20.8
808	-1.078740	167.826938	0.009420	28.4
809	-0.614138	167.716258	0.005336	20.9
810	-0.410216	167.605773	0.002786	16.5
811	-0.000000	167.495482	0.000000	13.9
812	-1.047891	167.385384	0.007897	8.1
813	-0.043181	167.275479	0.001017	10.5
814	-0.072830	167.165766	0.000560	10.5
815	-0.745395	167.056245	0.004223	9.5
816	-0.000000	166.946915	0.000000	8.8
817	-0.324842	166.837776	0.002962	9.9
818	-1.039991	166.728826	0.006767	8.6
819	-0.000000	166.620067	0.000000	9.8
820	-0.085702	166.511496	0.001057	9.0
821	-0.000028	166.403113	0.000033	11.2
822	-0.000000	166.294919	0.000000	11.1
823	-1.100840	166.186912	0.007777	9.9
824	-0.755629	166.079091	0.005318	7.8
825	-0.030320	165.971458	0.000889	8.8
826	-0.069614	165.864009	0.001519	9.8
827	-1.300214	165.756747	0.009815	10.5
828	-1.163607	165.649669	0.012779	9.4
829	-0.393574	165.542775	0.002753	8.2
830	-0.000000	165.436065	0.000000	9.8
831	-0.244414	165.329538	0.003972	8.7
832	-0.657869	165.223194	0.005380	9.3
833	-0.000000	165.117032	0.000000	8.9
834	-1.256656	165.011052	0.008897	7.9
835	-0.000000	164.905253	0.000000	10.1
836	-0.000000	164.799635	0.000000	8.9
837	-0.879945	164.694197	0.005536	9.6
838	-1.025387	164.588939	0.007219	18.0
839	-0.709379	164.483859	0.004335	9.4
840	-0.000000	164.378959	0.000000	8.8
841	-0.000000	164.274237	0.000000	10.4
842	-0.693017	164.169692	0.006500	9.7
843	-0.000000	164.065325	0.000000	10.0
844	-0.960245	163.961135	0.007502	9.9
845	-1.118204	163.857120	0.009546	9.2
846	-0.000000	163.753282	0.000000	9.6
847	-0.000000	163.649619	0.000000	10.5
848	-1.048264	163.546130	0.008774	8.8
849	-0.000000	163.442816	0.000000	8.8
850	-0.397948	163.339676	0.006527	9.8
851	-1.188097	163.236709	0.010448	12.9
852	-0.000000	163.133915	0.000000	9.6
853	-0.000000	163.031294	0.000000	9.9
854	-0.211438	162.928844	0.001309	9.3
855	-0.000000	162.826566	0.000000	9.3
856	-0.090841	162.724459	0.001353	10.1
857	-1.379892	162.622523	0.010505	8.7
858	-0.000000	162.520757	0.000000	15.3
859	-1.266210	162.419160	0.007834	9.4
860	-0.000000	162.317733	0.000000	9.3
861	-0.000000	162.216474	0.000000	9.9
862	-0.000000	162.115383	0.000000	9.9
863	-1.066616	162.014461	0.006636	8.9
864	-0.000000	161.913705	0.000000	10.5
865	-0.879606	161.813117	0.007875	10.0
866	-0.000000	161.712695	0.000000	13.3
867	-0.000000	161.612439	0.000000	8.8
868	-0.000000	161.512349	0.000000	9.0
869	-0.794725	161.412424	0.004303	9.1
870	-0.260028	161.312663	0.002047	10.3
871	-1.098163	161.213067	0.007659	7.9
872	-0.035148	161.113635	0.000884	8.2
873	-0.494018	161.014366	0.003900	10.2
874	-0.000000	160.915260	0.000000	8.3
875	-0.852643	160.816316	0.004104	11.0
876	-0.000000	160.717535	0.000000	8.7
877	-0.154673	160.618915	0.002198	16.8
878	-0.228711	160.520456	0.002840	11.1
879	-0.000000	160.422158	0.000000	10.0
880	-0.000000	160.324021	0.000000	9.0
881	-0.385403	160.226043	0.001823	8.8
882	-0.000000	160.128225	0.000000	9.5
883	-0.433615	160.030566	0.005497	9.8
884	-0.000000	159.933066	0.000000	13.3
885	-0.000000	159.835723	0.000000	8.4
886	-1.125525	159.738539	0.006481	9.9
887	-0.781515	159.641512	0.004610	8.8
888	-0.271664	159.544642	0.003185	8.7
889	-0.526804	159.447929	0.003789	8.3
890	-0.129580	159.351372	0.004008	9.7
891	-1.011195	159.254971	0.009242	9.2
892	-1.077906	159.158725	0.009195	9.8
893	-0.000000	159.062634	0.000000	8.8
894	-0.003997	158.966697	0.001207	8.8
895	-0.000000	158.870915	0.000000	9.7
896	-0.000000	158.775286	0.000000	9.4
897	-0.000000	158.679811	0.000000	9.1
898	-0.159361	158.584489	0.001981	8.9
899	-0.000000	158.489319	0.000000	10.2
900	-0.037340	158.394302	0.000907	9.7
901	-1.016109	158.299436	0.010457	9.4
902	-0.924603	158.204721	0.007635	9.7
903	-0.358826	158.110158	0.003522	9.5
904	-0.642761	158.015745	0.004041	10.4
905	-0.000000	157.921482	0.000000	9.2
906	-1.112969	157.827369	0.004782	8.4
907	-0.802242	157.733406	0.004360	8.9
908	-0.654686	157.639591	0.005022	10.1
909	-0.013500	157.545925	0.000249	8.4
910	-0.000000	157.452408	0.000000	9.3
911	-0.344907	157.359038	0.003875	10.9
912	-1.339778	157.265816	0.009664	7.6
913	-0.000000	157.172741	0.000000	11.2
914	-0.000000	157.079813	0.000000	10.4
915	-0.000000	156.987031	0.000000	8.5
916	-1.040520	156.894395	0.004979	10.7
917	-0.000000	156.801904	0.000000	8.0
918	-0.000000	156.709559	0.000000	8.6
919	-0.000000	156.617359	0.000000	8.1
920	-0.872647	156.525304	0.005057	8.8
921	-0.840930	156.433392	0.004742	9.2
922	-0.382296	156.341624	0.004382	8.7
923	-0.823100	156.250000	0.005538	20.0
924	-0.000000	156.158519	0.000000	7.6
925	-0.151149	156.067180	0.003868	8.5
926	-0.925245	155.975984	0.005415	7.5
927	-0.000015	155.884930	0.000015	8.4
928	-0.000000	155.794017	0.000000	9.4
929	-1.155219	155.703246	0.006369	10.5
930	-0.082010	155.612615	0.002816	10.6
931	-1.288301	155.522125	0.008662	10.7
932	-0.000745	155.431775	0.000438	8.3
933	-0.893599	155.341565	0.006878	9.4
934	-0.076856	155.251495	0.001782	10.9
935	-0.000174	155.161563	0.000023	9.6
936	-0.609019	155.071771	0.003768	9.0
937	-0.000000	154.982117	0.000000	9.0
938	-0.000000	154.892601	0.000000	9.8
939	-1.023023	154.803222	0.006302	9.9
940	-0.515575	154.713981	0.004296	10.2
941	-0.693656	154.624878	0.004525	11.6
942	-0.044712	154.535910	0.000886	13.5
943	-0.470655	154.447080	0.002772	8.8
944	-1.098883	154.358385	0.007447	10.6
945	-0.000000	154.269826	0.000000	11.6
946	-1.123104	154.181402	0.007619	9.1
947	-0.000000	154.093114	0.000000	11.0
948	-0.000000	154.004960	0.000000	9.9
949	-0.000051	153.916940	0.000044	8.5
950	-0.000000	153.829054	0.000000	8.7
951	-0.000000	153.741303	0.000000	9.2
952	-0.000057	153.653684	0.000038	9.3
953	-0.876026	153.566198	0.004378	8.8
954	-1.011232	153.478846	0.006107	8.2
955	-1.126183	153.391625	0.006267	10.3
956	-1.153398	153.304537	0.005755	8.6
957	-0.289365	153.217580	0.004023	9.1
958	-1.261810	153.130755	0.009144	9.1
959	-0.000000	153.044061	0.000000	9.0
960	-0.078203	152.957498	0.002027	11.0
961	-0.000000	152.871065	0.000000	9.0
962	-0.000000	152.784762	0.000000	9.3
963	-0.917674	152.698589	0.004887	8.9
964	-1.037619	152.612545	0.005248	8.5
965	-0.947614	152.526631	0.007550	10.8
966	-1.126886	152.440845	0.007266	8.4
967	-0.162726	152.355188	0.002225	8.6
968	-0.578771	152.269660	0.005044	9.3
969	-0.759697	152.184259	0.005419	8.2
970	-0.000000	152.098986	0.000000	10.1
971	-0.065727	152.013840	0.001378	9.8
972	-0.000000	151.928821	0.000000	8.2
973	-0.898339	151.843928	0.008171	9.7
974	-1.133768	151.759163	0.006307	8.9
975	-0.000000	151.674523	0.000000	8.8
976	-1.142714	151.590009	0.007690	8.9
977	-0.094557	151.505620	0.004238	9.4
978	-0.465011	151.421357	0.003850	9.4
979	-0.017212	151.337218	0.000539	9.3
980	-1.079955	151.253204	0.007091	14.1
981	-0.508303	151.169314	0.004844	19.4
982	-0.718269	151.085549	0.006032	9.4
983	-0.000000	151.001907	0.000000	8.7
984	-0.000514	150.918388	0.000027	9.5
985	-1.206368	150.834992	0.005838	9.5
986	-0.000000	150.751719	0.000000	8.9
987	-0.060522	150.668569	0.001475	10.2
988	-0.964060	150.585541	0.007728	9.7
989	-0.000000	150.502634	0.000000	9.6
990	-0.000000	150.419849	0.000000	10.5
991	-0.335922	150.337186	0.003319	11.4
992	-1.127559	150.254644	0.008401	8.7
993	-0.000000	150.172222	0.000000	11.5
994	-0.000000	150.089921	0.000000	8.7
995	-0.000000	150.007740	0.000000	13.5
996	-0.335046	149.925679	0.002941	9.1
997	-0.447556	149.843737	0.003382	10.8
998	-0.000000	149.761915	0.000000	8.7
999	-1.128955	149.680212	0.007432	9.3
1000	-0.000000	149.598627	0.000000	10.6
1001	-1.097624	149.517161	0.006542	37.4
1002	-0.000000	149.435814	0.000000	8.3
1003	-0.000000	149.354584	0.000000	12.4
1004	-0.000000	149.273472	0.000000	9.1
1005	-0.623558	149.192477	0.003807	15.0
1006	-0.000000	149.111599	0.000000	8.7
1007	-0.000000	149.030838	0.000000	9.6
1008	-0.000000	148.950194	0.000000	10.4
1009	-0.000000	148.869666	0.000000	9.4
1010	-0.000000	148.789253	0.000000	9.8
1011	-1.106121	148.708957	0.006962	10.3
1012	-0.170420	148.628776	0.002350	8.6
1013	-0.242562	148.548710	0.003768	9.1
1014	-0.311295	148.468759	0.003410	9.2
1015	-0.000000	148.388923	0.000000	9.0
1016	-1.360592	148.309201	0.010198	10.8
1017	-0.150717	148.229594	0.002665	8.7
1018	-0.248754	148.150100	0.003105	11.1
1019	-0.000000	148.070719	0.000000	7.8
1020	-0.022946	147.991452	0.001593	8.6
1021	-0.000000	147.912298	0.000000	9.6
1022	-0.241799	147.833257	0.001997	10.0
1023	-0.000000	147.754329	0.000000	15.9
1024	-0.000000	147.675512	0.000000	7.8
1025	-1.152306	147.596808	0.006958	12.8
1026	-0.000000	147.518216	0.000000	8.6
1027	-0.000000	147.439735	0.000000	8.7
1028	-0.489404	147.361365	0.004323	10.1
1029	-0.000000	147.283106	0.000000	9.7
1030	-0.000000	147.204958	0.000000	9.7
1031	-0.238138	147.126920	0.002795	9.0
1032	-0.000000	147.048993	0.000000	8.7
1033	-1.257549	146.971175	0.008490	10.3
1034	-0.730948	146.893468	0.007372	9.1
1035	-0.000000	146.815869	0.000000	13.0
1036	-0.067964	146.738380	0.003263	9.2
1037	-0.022254	146.661000	0.000348	8.3
1038	-0.571201	146.583729	0.005027	9.4
1039	-0.278549	146.506566	0.004265	9.7
1040	-0.000000	146.429511	0.000000	8.7
1041	-0.702230	146.352565	0.004922	11.3
1042	-1.211588	146.275726	0.007472	11.1
1043	-0.885576	146.198994	0.004869	9.5
1044	-1.071493	146.122370	0.008424	15.2
1045	-1.010818	146.045853	0.007173	8.7
1046	-1.034991	145.969442	0.006982	7.6
1047	-0.000000	145.893139	0.000000	11.1
1048	-0.639683	145.816941	0.003365	10.2
1049	-0.506368	145.740849	0.004078	9.4
1050	-0.000000	145.664863	0.000000	11.9
1051	-0.000000	145.588983	0.000000	9.7
1052	-1.146491	145.513208	0.007283	9.1
1053	-1.091809	145.437538	0.009059	9.2
1054	-0.000000	145.361973	0.000000	9.2
1055	-0.000000	145.286513	0.000000	9.2
1056	-0.342657	145.211157	0.003272	9.8
1057	-0.931931	145.135905	0.007051	8.8
1058	-0.204196	145.060757	0.002547	8.9
1059	-0.002014	144.985712	0.000740	9.1
1060	-0.000000	144.910771	0.000000	8.6
1061	-0.000000	144.835934	0.000000	10.0
1062	-0.343979	144.761199	0.004978	8.5
1063	-1.290363	144.686567	0.006443	10.6
1064	-0.165808	144.612037	0.003065	11.3
1065	-0.000000	144.537610	0.000000	9.1
1066	-0.000000	144.463285	0.000000	9.9
1067	-0.416452	144.389062	0.002572	8.8
1068	-0.865317	144.314940	0.006375	9.7
1069	-0.000000	144.240920	0.000000	9.6
1070	-0.012736	144.167001	0.001447	10.3
1071	-0.204543	144.093182	0.002911	8.6
1072	-0.000000	144.019465	0.000000	10.6
1073	-0.213850	143.945848	0.002837	8.3
1074	-0.000000	143.872331	0.000000	10.6
1075	-0.684829	143.798914	0.004160	10.8
1076	-1.065476	143.725597	0.007477	10.9
1077	-0.452726	143.652380	0.003429	10.1
1078	-0.927222	143.579262	0.004937	9.8
1079	-0.370336	143.506243	0.002633	11.9
1080	-0.048027	143.433323	0.001230	9.6
1081	-0.000000	143.360502	0.000000	9.7
1082	-0.387977	143.287780	0.003902	9.8
1083	-1.353784	143.215155	0.011578	15.1
1084	-1.023780	143.142629	0.007842	9.5
1085	-1.322971	143.070201	0.007760	10.7
1086	-0.733800	142.997870	0.005263	10.4
1087	-0.000000	142.925637	0.000000	11.4
1088	-0.947964	142.853501	0.005092	10.8
1089	-1.135666	142.781462	0.006288	9.5
1090	-0.676915	142.709519	0.004198	9.7
1091	-0.022725	142.637674	0.000536	11.3
1092	-1.121007	142.565924	0.005855	11.5
1093	-0.019755	142.494271	0.000901	9.3
1094	-0.719041	142.422714	0.004682	10.3
1095	-1.060607	142.351252	0.007774	10.5
1096	-0.000000	142.279886	0.000000	9.6
1097	-0.004301	142.208616	0.000002	9.5
1098	-0.008340	142.137440	0.001020	10.1
1099	-0.983344	142.066360	0.006096	16.5
1100	-0.105923	141.995374	0.004075	9.5
1101	-0.000692	141.924483	0.000249	10.2
1102	-1.144009	141.853685	0.007085	11.4
1103	-1.205109	141.782983	0.006770	10.6
1104	-0.000000	141.712373	0.000000	10.5
1105	-0.551218	141.641858	0.004169	11.3
1106	-0.000000	141.571436	0.000000	9.6
1107	-0.000000	141.501108	0.000000	13.2
1108	-0.014183	141.430872	0.001015	12.3
1109	-1.104999	141.360730	0.008464	10.2
1110	-0.000000	141.290680	0.000000	10.0
1111	-0.011591	141.220722	0.001199	11.9
1112	-1.155994	141.150857	0.007632	17.1
1113	-0.000000	141.081084	0.000000	10.3
1114	-0.125143	141.011403	0.002703	10.2
1115	-0.949517	140.941813	0.007168	9.0
1116	-0.000003	140.872315	0.000003	10.7
1117	-0.847327	140.802909	0.005605	9.2
1118	-0.284051	140.733593	0.002995	13.1
1119	-0.000000	140.664369	0.000000	8.8
1120	-0.658367	140.595235	0.006360	9.0
1121	-0.000000	140.526192	0.000000	10.7
1122	-0.424017	140.457239	0.004640	10.2
1123	-0.000000	140.388376	0.000000	9.7
1124	-1.036534	140.319603	0.006380	12.0
1125	-0.000000	140.250920	0.000000	10.3
1126	-0.590604	140.182326	0.004595	10.0
1127	-0.199345	140.113822	0.002929	8.6
1128	-0.000832	140.045407	0.001074	9.4
1129	-0.000000	139.977081	0.000000	10.8
1130	-0.205325	139.908844	0.002336	10.9
1131	-0.000124	139.840696	0.000055	11.5
1132	-1.192018	139.772635	0.007428	10.0
1133	-0.000000	139.704664	0.000000	10.3
1134	-0.000000	139.636780	0.000000	10.1
1135	-1.122211	139.568984	0.006307	9.8
1136	-0.000000	139.501276	0.000000	9.2
1137	-1.345900	139.433655	0.009413	9.7
1138	-0.402321	139.366122	0.003831	10.1
1139	-1.195754	139.298676	0.007756	9.5
1140	-1.036684	139.231317	0.010250	9.3
1141	-0.833363	139.164045	0.005140	9.4
1142	-1.103133	139.096859	0.007798	10.5
1143	-1.062285	139.029760	0.005475	10.2
1144	-0.000000	138.962747	0.000000	13.1
1145	-1.199371	138.895820	0.007033	9.4
1146	-0.000000	138.828978	0.000000	10.7
1147	-0.000000	138.762223	0.000000	8.8
1148	-0.000000	138.695553	0.000000	21.3
1149	-0.004571	138.628969	0.000376	7.6
1150	-1.083515	138.562469	0.006349	9.1
1151	-0.000000	138.496055	0.000000	12.9
1152	-0.820040	138.429725	0.005242	10.2
1153	-0.237402	138.363481	0.001571	8.7
1154	-0.000000	138.297320	0.000000	9.4
1155	-0.000000	138.231244	0.000000	9.4
1156	-0.303385	138.165252	0.002877	9.2
1157	-0.917576	138.099344	0.008023	9.5
1158	-0.000000	138.033520	0.000000	9.8
1159	-0.863937	137.967779	0.004649	9.9
1160	-0.058812	137.902122	0.001236	11.4
1161	-0.000000	137.836548	0.000000	9.2
1162	-0.000000	137.771057	0.000000	9.6
1163	-1.031292	137.705649	0.010271	8.1
1164	-0.817441	137.640324	0.005960	11.5
1165	-1.159084	137.575081	0.008587	9.4
1166	-0.886539	137.509921	0.004790	8.8
1167	-0.000000	137.444842	0.000000	10.3
1168	-0.961793	137.379846	0.006612	8.3
1169	-0.622435	137.314932	0.004890	9.5
1170	-1.082120	137.250100	0.006171	9.4
1171	-0.000000	137.185349	0.000000	12.0
1172	-1.008207	137.120680	0.006109	10.1
1173	-0.000000	137.056092	0.000000	8.7
1174	-0.314955	136.991585	0.003263	12.8
1175	-0.000000	136.927158	0.000000	10.2
1176	-0.000000	136.862813	0.000000	10.3
1177	-0.000000	136.798548	0.000000	11.2
1178	-0.839498	136.734363	0.004540	9.0
1179	-0.000000	136.670259	0.000000	9.3
1180	-0.816105	136.606235	0.005283	9.9
1181	-0.887351	136.542291	0.006871	9.1
1182	-0.617167	136.478426	0.005038	10.9
1183	-1.198578	136.414641	0.006177	8.0
1184	-0.351403	136.350936	0.002230	9.7
1185	-0.001139	136.287310	0.000590	10.5
1186	-1.135182	136.223763	0.006786	9.2
1187	-0.410908	136.160295	0.003818	10.0
1188	-1.185421	136.096905	0.007585	10.2
1189	-1.212885	136.033594	0.007166	10.5
1190	-1.145438	135.970362	0.008078	9.1
1191	-0.297611	135.907208	0.003153	8.6
1192	-0.000000	135.844133	0.000000	9.1
1193	-0.604528	135.781135	0.005804	9.2
1194	-0.023327	135.718215	0.000919	22.6
1195	-0.000000	135.655373	0.000000	8.0
1196	-0.003328	135.592608	0.000351	9.0
1197	-0.172695	135.529921	0.002189	9.0
1198	-0.000000	135.467311	0.000000	8.8
1199	-1.125173	135.404778	0.006718	9.8
1200	-0.000000	135.342322	0.000000	9.5
1201	-0.000000	135.279942	0.000000	9.7
1202	-0.000000	135.217640	0.000000	10.4
1203	-0.064647	135.155413	0.001586	9.2
1204	-0.000000	135.093263	0.000000	9.4
1205	-0.000000	135.031190	0.000000	9.2
1206	-0.000000	134.969192	0.000000	11.8
1207	-0.000000	134.907270	0.000000	10.4
1208	-0.015938	134.845424	0.000210	9.2
1209	-0.000000	134.783653	0.000000	8.8
1210	-0.000000	134.721958	0.000000	9.3
1211	-0.000000	134.660338	0.000000	8.6
1212	-0.000477	134.598793	0.000157	9.2
1213	-0.127111	134.537323	0.002084	10.4
1214	-0.055155	134.475927	0.000947	10.0
1215	-1.060438	134.414607	0.007689	12.5
1216	-0.933635	134.353361	0.004550	11.1
1217	-0.174170	134.292189	0.002025	9.5
1218	-0.096259	134.231092	0.001985	8.4
1219	-0.000000	134.170068	0.000000	9.7
1220	-0.000000	134.109119	0.000000	10.2
1221	-0.066654	134.048243	0.001693	9.1
1222	-0.435950	133.987441	0.003523	9.6
1223	-0.000000	133.926713	0.000000	8.0
1224	-1.015872	133.866057	0.005720	10.4
1225	-0.199041	133.805475	0.002023	10.0
1226	-0.000000	133.744966	0.000000	11.1
1227	-0.630440	133.684530	0.005594	9.8
1228	-0.000000	133.624167	0.000000	8.9
1229	-1.138548	133.563877	0.005662	9.9
1230	-0.000004	133.503658	0.000006	10.2
1231	-0.772491	133.443513	0.004923	9.2
1232	-0.000000	133.383439	0.000000	10.6
1233	-0.000000	133.323437	0.000000	10.8
1234	-0.893194	133.263508	0.007725	9.4
1235	-0.116693	133.203650	0.002357	9.5
1236	-0.940549	133.143864	0.005796	9.1
1237	-1.215792	133.084149	0.008565	8.6
1238	-0.000000	133.024506	0.000000	10.0
1239	-0.456015	132.964934	0.004444	9.4
1240	-1.014265	132.905433	0.005717	19.4
1241	-1.273817	132.846003	0.006515	8.4
1242	-0.000000	132.786643	0.000000	9.8
1243	-0.000000	132.727355	0.000000	9.3
1244	-0.740414	132.668137	0.005360	8.7
1245	-0.000000	132.608989	0.000000	10.6
1246	-1.097230	132.549912	0.005916	9.7
1247	-1.209552	132.490904	0.008262	10.1
1248	-0.031411	132.431967	0.000451	10.1
1249	-0.000000	132.373100	0.000000	12.3
1250	-0.040302	132.314302	0.000747	8.6
1251	-0.940863	132.255574	0.009298	11.3
1252	-1.365395	132.196916	0.009482	9.4
1253	-0.000000	132.138326	0.000000	8.2
1254	-0.000000	132.079806	0.000000	7.8
1255	-0.000000	132.021355	0.000000	8.5
1256	-0.848126	131.962973	0.006122	9.3
1257	-1.270115	131.904660	0.005819	9.4
1258	-0.000000	131.846415	0.000000	9.9
1259	-0.876339	131.788239	0.004957	11.4
1260	-1.150329	131.730131	0.006161	10.5
1261	-0.714292	131.672092	0.004372	9.7
1262	-0.000000	131.614121	0.000000	13.1
1263	-0.000024	131.556217	0.000026	9.0
1264	-1.001640	131.498382	0.005354	13.1
1265	-0.924395	131.440614	0.006914	8.7
1266	-0.000000	131.382914	0.000000	8.7
1267	-0.000000	131.325282	0.000000	9.3
1268	-0.000000	131.267717	0.000000	9.9
1269	-0.622098	131.210219	0.004375	9.1
1270	-0.404775	131.152788	0.003655	9.5
1271	-0.000000	131.095424	0.000000	10.1
1272	-0.000000	131.038127	0.000000	8.4
1273	-0.022141	130.980897	0.000599	13.4
1274	-1.238660	130.923733	0.006832	9.5
1275	-0.133103	130.866636	0.002080	12.8
1276	-0.689056	130.809605	0.004040	9.8
1277	-0.323894	130.752641	0.005223	8.3
1278	-0.040894	130.695742	0.001707	8.6
1279	-0.438842	130.638910	0.005108	9.6
1280	-0.927382	130.582143	0.005782	10.0
1281	-0.000000	130.525442	0.000000	10.6
1282	-0.000000	130.468807	0.000000	11.0
1283	-0.979359	130.412237	0.006050	8.6
1284	-0.058361	130.355733	0.001768	9.5
1285	-0.000000	130.299294	0.000000	8.6
1286	-0.787527	130.242920	0.004558	20.6
1287	-0.032711	130.186611	0.000462	8.2
1288	-1.137760	130.130366	0.005799	8.8
1289	-0.000000	130.074187	0.000000	9.5
1290	-0.085631	130.018072	0.002616	9.1
1291	-0.000000	129.962022	0.000000	14.5
1292	-0.662126	129.906036	0.006237	9.1
1293	-0.000000	129.850114	0.000000	8.0
1294	-0.000000	129.794257	0.000000	9.0
1295	-0.901178	129.738463	0.004864	8.4
1296	-0.502997	129.682734	0.004837	9.1
1297	-1.238653	129.627068	0.011022	10.6
1298	-0.448197	129.571466	0.005046	8.6
1299	-0.131885	129.515927	0.002893	8.4
1300	-0.000000	129.460452	0.000000	8.7
1301	-0.154210	129.405040	0.001983	8.6
1302	-0.419907	129.349692	0.004145	9.4
1303	-0.000000	129.294406	0.000000	9.1
1304	-0.000245	129.239183	0.000176	9.1
1305	-0.000000	129.184024	0.000000	8.8
1306	-0.341015	129.128927	0.005581	9.6
1307	-0.079737	129.073892	0.002623	8.0
1308	-0.882219	129.018921	0.006884	9.0
1309	-0.000000	128.964011	0.000000	9.8
1310	-0.000000	128.909164	0.000000	9.3
1311	-0.047036	128.854379	0.001197	8.6
1312	-0.006250	128.799656	0.000527	11.2
1313	-1.050284	128.744995	0.010698	9.0
1314	-0.000000	128.690396	0.000000	10.4
1315	-0.000000	128.635858	0.000000	11.1
1316	-0.197236	128.581382	0.003136	10.6
1317	-1.010510	128.526968	0.006281	9.0
1318	-0.004664	128.472615	0.000011	12.3
1319	-0.910855	128.418323	0.007257	8.7
1320	-0.350233	128.364092	0.002405	8.6
1321	-0.113166	128.309922	0.003059	10.4
1322	-0.079053	128.255814	0.001469	9.7
1323	-0.000000	128.201766	0.000000	10.8
1324	-0.127763	128.147778	0.003085	10.4
1325	-0.281252	128.093852	0.002992	9.8
1326	-0.000000	128.039985	0.000000	10.9
1327	-0.257698	127.986180	0.002785	9.0
1328	-0.767806	127.932434	0.005504	10.5
1329	-0.000000	127.878749	0.000000	10.5
1330	-0.165443	127.825123	0.001460	10.0
1331	-0.000000	127.771558	0.000000	10.0
1332	-0.749478	127.718052	0.005866	8.8
1333	-0.316037	127.664606	0.005285	9.3
1334	-0.000000	127.611220	0.000000	8.1
1335	-0.038881	127.557893	0.000454	9.9
1336	-0.042009	127.504625	0.002261	10.0
1337	-0.000000	127.451417	0.000000	8.7
1338	-1.018212	127.398268	0.009867	9.1
1339	-0.000000	127.345178	0.000000	9.5
1340	-0.000000	127.292147	0.000000	8.8
1341	-0.992454	127.239175	0.005150	9.7
1342	-1.000662	127.186261	0.006589	9.9
1343	-0.294895	127.133407	0.001953	9.9
1344	-0.908701	127.080610	0.005212	9.2
1345	-0.296970	127.027872	0.002751	9.9
1346	-1.039557	126.975193	0.005754	8.9
1347	-0.000000	126.922572	0.000000	8.7
1348	-1.080340	126.870008	0.005831	9.2
1349	-0.644105	126.817503	0.004145	9.6
1350	-0.036067	126.765056	0.000523	10.1
1351	-0.000000	126.712667	0.000000	9.4
1352	-0.000000	126.660335	0.000000	8.9
1353	-0.000000	126.608061	0.000000	10.1
1354	-0.056988	126.555844	0.002313	9.9
1355	-0.254772	126.503685	0.003381	10.1
1356	-1.143338	126.451583	0.006559	10.5
1357	-0.134677	126.399538	0.003447	11.4
1358	-0.003793	126.347550	0.000975	8.4
1359	-0.430926	126.295619	0.003362	10.1
1360	-0.062942	126.243745	0.001162	9.2
1361	-0.207686	126.191928	0.003739	16.7
1362	-0.701652	126.140168	0.004475	8.2
1363	-1.124947	126.088464	0.007566	9.2
1364	-1.029197	126.036817	0.007988	12.0
1365	-0.948511	125.985226	0.004727	9.7
1366	-1.421153	125.933691	0.010502	9.2
1367	-0.000000	125.882212	0.000000	9.2
1368	-0.709044	125.830790	0.003549	10.5
1369	-0.000000	125.779423	0.000000	7.9
1370	-1.345721	125.728113	0.010257	9.3
1371	-1.362734	125.676858	0.010617	10.3
1372	-0.000000	125.625659	0.000000	10.0
1373	-0.343290	125.574515	0.002722	9.7
1374	-0.279992	125.523427	0.003890	12.5
1375	-0.000615	125.472394	0.000464	9.1
1376	-0.005253	125.421417	0.000840	8.4
1377	-0.001958	125.370495	0.000389	10.2
1378	-0.009101	125.319628	0.000248	10.1
1379	-1.394858	125.268815	0.008812	9.5
1380	-0.000000	125.218058	0.000000	9.9
1381	-0.031712	125.167356	0.001071	13.2
1382	-0.996594	125.116708	0.006669	9.2
1383	-0.000000	125.066115	0.000000	10.4
1384	-0.000000	125.015576	0.000000	9.6
1385	-0.017387	124.965092	0.000498	10.7
1386	-0.507861	124.914662	0.002811	9.2
1387	-1.295246	124.864287	0.009247	10.1
1388	-0.627529	124.813965	0.004631	9.2
1389	-0.000000	124.763698	0.000000	9.4
1390	-0.067278	124.713485	0.001535	9.6
1391	-1.178292	124.663325	0.006729	8.4
1392	-0.000018	124.613219	0.000031	12.1
1393	-0.000000	124.563167	0.000000	8.8
1394	-0.754150	124.513168	0.004209	9.4
1395	-0.000000	124.463223	0.000000	9.6
1396	-0.150515	124.413332	0.002136	11.2
1397	-0.000000	124.363493	0.000000	9.9
1398	-0.049929	124.313708	0.001031	10.2
1399	-0.167126	124.263976	0.001634	8.7
1400	-0.000000	124.214297	0.000000	8.9
1401	-0.112474	124.164671	0.001788	12.0
1402	-0.353360	124.115097	0.003195	9.4
1403	-1.195358	124.065577	0.006957	11.0
1404	-0.000000	124.016109	0.000000	9.2
1405	-0.000000	123.966693	0.000000	9.2
1406	-0.454299	123.917330	0.006730	8.8
1407	-0.781513	123.868020	0.006045	9.5
1408	-0.000000	123.818762	0.000000	9.9
1409	-0.000000	123.769556	0.000000	8.1
1410	-0.001284	123.720402	0.000500	8.9
1411	-0.000000	123.671300	0.000000	9.9
1412	-1.013595	123.622250	0.005471	9.8
1413	-0.049739	123.573252	0.000617	9.7
1414	-0.980459	123.524305	0.005085	9.9
1415	-0.000000	123.475411	0.000000	9.8
1416	-0.271936	123.426568	0.004599	10.2
1417	-1.129027	123.377776	0.007230	8.6
1418	-0.000000	123.329036	0.000000	8.8
1419	-0.000000	123.280347	0.000000	10.1
1420	-0.000000	123.231709	0.000000	9.3
1421	-0.928451	123.183122	0.006530	8.9
1422	-1.029128	123.134587	0.005408	9.5
1423	-0.262933	123.086102	0.002633	9.4
1424	-0.057786	123.037669	0.001443	9.2
1425	-1.080629	122.989286	0.007251	8.7
1426	-0.000000	122.940954	0.000000	10.1
1427	-0.000000	122.892672	0.000000	10.3
1428	-0.000000	122.844441	0.000000	9.8
1429	-0.814457	122.796261	0.004870	10.6
1430	-0.153968	122.748130	0.003379	9.3
1431	-1.278863	122.700050	0.007942	11.2
1432	-0.190010	122.652021	0.001669	10.2
1433	-0.647637	122.604041	0.006097	8.3
1434	-1.009249	122.556111	0.004474	10.7
1435	-0.519631	122.508232	0.004527	9.1
1436	-0.000000	122.460402	0.000000	9.8
1437	-0.000000	122.412622	0.000000	8.5
1438	-0.291034	122.364891	0.002354	10.1
1439	-1.072468	122.317210	0.009681	9.7
1440	-0.968048	122.269579	0.007549	9.9
1441	-0.371409	122.221997	0.002895	9.5
1442	-1.202559	122.174465	0.006528	12.3
1443	-0.996359	122.126981	0.006564	9.5
1444	-0.000000	122.079547	0.000000	11.8
1445	-0.000000	122.032162	0.000000	10.3
1446	-0.000000	121.984826	0.000000	9.6
1447	-1.104211	121.937539	0.011183	9.1
1448	-0.495829	121.890301	0.003044	11.5
1449	-0.169169	121.843112	0.002918	11.3
1450	-0.319516	121.795971	0.004108	9.9
1451	-0.000000	121.748879	0.000000	7.8
1452	-0.000000	121.701835	0.000000	9.1
1453	-0.000000	121.654840	0.000000	10.8
1454	-0.976177	121.607893	0.005371	18.9
1455	-0.040295	121.560994	0.001872	12.0
1456	-0.158826	121.514144	0.002157	8.9
1457	-1.228267	121.467342	0.007358	9.9
1458	-0.833992	121.420588	0.004541	10.4
1459	-0.442726	121.373882	0.002836	8.9
1460	-1.274057	121.327223	0.006256	10.5
1461	-1.279188	121.280613	0.006482	10.5
1462	-0.676671	121.234050	0.005346	10.1
1463	-0.014334	121.187535	0.000797	10.8
1464	-0.000000	121.141067	0.000000	8.6
1465	-0.000000	121.094647	0.000000	8.5
1466	-0.000000	121.048274	0.000000	8.8
1467	-0.449838	121.001949	0.003027	8.4
1468	-0.291909	120.955671	0.003795	9.6
1469	-1.126412	120.909440	0.006913	13.9
1470	-1.069895	120.863256	0.005263	8.0
1471	-1.252841	120.817119	0.007577	9.4
1472	-1.165703	120.771029	0.008744	9.6
1473	-0.238258	120.724986	0.003480	9.0
1474	-0.000000	120.678990	0.000000	9.1
1475	-0.899862	120.633040	0.004302	8.5
1476	-0.000000	120.587137	0.000000	9.8
1477	-0.462390	120.541281	0.003176	9.7
1478	-1.078469	120.495471	0.005646	10.1
1479	-1.055086	120.449707	0.006005	8.9
1480	-0.062342	120.403990	0.003213	10.0
1481	-1.014218	120.358319	0.007255	8.3
1482	-1.147467	120.312694	0.006603	9.6
1483	-0.013260	120.267115	0.000237	9.5
1484	-0.379110	120.221582	0.002997	10.3
1485	-1.148779	120.176096	0.007863	9.2
1486	-0.000000	120.130655	0.000000	8.9
1487	-0.000000	120.085260	0.000000	10.4
1488	-0.000000	120.039910	0.000000	9.6
1489	-0.034487	119.994606	0.001775	9.7
1490	-0.000000	119.949348	0.000000	7.9
1491	-0.000000	119.904135	0.000000	10.2
1492	-0.292278	119.858968	0.003400	10.1
1493	-1.117014	119.813846	0.006889	10.3
1494	-1.041330	119.768769	0.007669	9.7
1495	-0.538678	119.723738	0.005365	10.1
1496	-0.965718	119.678752	0.006769	9.7
1497	-0.057778	119.633810	0.002293	9.9
1498	-0.000000	119.588914	0.000000	10.7
1499	-0.000000	119.544062	0.000000	9.6
1500	-0.000000	119.499256	0.000000	10.2
1501	-1.034458	119.454494	0.006184	9.9
1502	-0.000000	119.409777	0.000000	9.9
1503	-0.328293	119.365104	0.002820	9.6
1504	-0.000000	119.320476	0.000000	9.6
1505	-1.187639	119.275893	0.007083	10.2
1506	-0.787789	119.231353	0.005306	10.1
1507	-0.717018	119.186859	0.005466	9.2
1508	-0.000078	119.142408	0.000074	7.8
1509	-0.038898	119.098002	0.001116	8.7
1510	-0.000000	119.053639	0.000000	9.4
1511	-1.181139	119.009321	0.012796	9.4
1512	-0.000000	118.965047	0.000000	11.1
1513	-0.262197	118.920816	0.002352	9.5
1514	-0.000000	118.876630	0.000000	9.3
1515	-0.000000	118.832487	0.000000	9.9
1516	-0.016939	118.788388	0.001526	10.5
1517	-0.243142	118.744332	0.003407	9.8
1518	-0.000000	118.700320	0.000000	8.3
1519	-0.356165	118.656352	0.003220	9.6
1520	-0.077633	118.612427	0.001767	8.8
1521	-0.959028	118.568545	0.007545	8.5
1522	-0.000000	118.524706	0.000000	11.6
1523	-1.089588	118.480911	0.008683	8.9
1524	-0.000000	118.437159	0.000000	9.3
1525	-0.997240	118.393450	0.007017	8.1
1526	-0.000000	118.349784	0.000000	8.5
1527	-0.860855	118.306160	0.005083	10.1
1528	-1.289879	118.262580	0.009155	9.9
1529	-0.008210	118.219042	0.000764	9.5
1530	-0.000000	118.175548	0.000000	9.6
1531	-0.000000	118.132095	0.000000	10.3
1532	-1.112981	118.088686	0.007038	9.8
1533	-0.000000	118.045319	0.000000	9.9
1534	-0.880360	118.001994	0.007392	10.7
1535	-1.238868	117.958712	0.005316	12.4
1536	-1.192996	117.915472	0.005327	10.3
1537	-1.115395	117.872274	0.008215	10.1
1538	-0.000000	117.829118	0.000000	9.5
1539	-0.000000	117.786005	0.000000	12.4
1540	-0.638029	117.742933	0.004058	9.0
1541	-0.000000	117.699904	0.000000	9.8
1542	-0.000000	117.656916	0.000000	10.8
1543	-1.205411	117.613971	0.012302	14.1
1544	-0.106069	117.571067	0.002792	12.1
1545	-1.041654	117.528205	0.005462	8.8
1546	-0.000000	117.485384	0.000000	10.5
1547	-0.496651	117.442605	0.004405	9.5
1548	-0.217445	117.399867	0.003764	8.8
1549	-0.241014	117.357171	0.003127	10.4
1550	-0.000000	117.314517	0.000000	11.7
1551	-0.000000	117.271903	0.000000	9.6
1552	-0.000000	117.229331	0.000000	9.4
1553	-0.000000	117.186800	0.000000	10.1
1554	-1.039741	117.144311	0.007051	10.0
1555	-1.208556	117.101862	0.007701	9.5
1556	-1.046805	117.059454	0.007928	8.3
1557	-1.194355	117.017087	0.007486	9.9
1558	-0.177318	116.974762	0.001837	10.4
1559	-0.000000	116.932476	0.000000	9.2
1560	-0.000000	116.890232	0.000000	8.9
1561	-0.394983	116.848028	0.003819	9.2
1562	-0.000000	116.805865	0.000000	8.8
1563	-1.240272	116.763743	0.007868	10.4
1564	-0.000000	116.721661	0.000000	10.8
1565	-0.000000	116.679619	0.000000	22.4
1566	-0.000000	116.637618	0.000000	14.4
1567	-0.121908	116.595657	0.002210	14.3
1568	-1.196533	116.553736	0.005643	7.9
1569	-0.000000	116.511855	0.000000	9.5
1570	-0.770189	116.470015	0.005982	9.0
1571	-0.000000	116.428214	0.000000	9.8
1572	-0.914020	116.386454	0.006367	9.5
1573	-0.194461	116.344733	0.002702	9.3
1574	-0.577014	116.303052	0.005144	11.1
1575	-0.006868	116.261412	0.001220	9.1
1576	-0.608363	116.219810	0.005078	9.6
1577	-0.245873	116.178249	0.002572	8.9
1578	-0.000000	116.136727	0.000000	9.7
1579	-0.019730	116.095245	0.001386	9.3
1580	-1.114104	116.053802	0.007563	10.0
1581	-0.000000	116.012398	0.000000	10.2
1582	-0.013100	115.971034	0.001884	9.4
1583	-0.000000	115.929710	0.000000	12.4
1584	-0.111416	115.888424	0.001894	9.9
1585	-0.000000	115.847178	0.000000	10.1
1586	-0.000000	115.805970	0.000000	13.5
1587	-0.000000	115.764802	0.000000	9.2
1588	-1.159755	115.723673	0.006673	10.2
1589	-1.140663	115.682583	0.007154	10.8
1590	-0.000000	115.641532	0.000000	9.5
1591	-0.592780	115.600519	0.003635	9.3
1592	-0.000000	115.559546	0.000000	8.5
1593	-0.480828	115.518610	0.003159	9.3
1594	-0.000000	115.477714	0.000000	9.1
1595	-1.170265	115.436856	0.006245	9.2
1596	-1.102509	115.396037	0.006189	9.3
1597	-0.005944	115.355256	0.001112	12.4
1598	-0.000000	115.314514	0.000000	10.4
1599	-0.736694	115.273810	0.005387	9.7
1600	-0.000000	115.233144	0.000000	14.4
1601	-0.123574	115.192517	0.001300	10.9
1602	-0.000000	115.151927	0.000000	9.9
1603	-0.000000	115.111376	0.000000	9.3
1604	-0.000000	115.070863	0.000000	10.0
1605	-0.000000	115.030388	0.000000	9.9
1606	-0.629643	114.989951	0.004906	10.0
1607	-1.050075	114.949551	0.005747	10.6
1608	-0.363033	114.909190	0.003342	9.2
1609	-0.571077	114.868866	0.002695	9.8
1610	-0.581663	114.828580	0.003891	7.9
1611	-1.331586	114.788332	0.008025	10.0
1612	-0.427036	114.748121	0.003518	11.2
1613	-0.000000	114.707948	0.000000	9.6
1614	-0.970443	114.667812	0.004776	9.7
1615	-0.616362	114.627714	0.003359	10.4
1616	-0.000000	114.587653	0.000000	11.7
1617	-0.991768	114.547629	0.008039	8.3
1618	-0.731183	114.507643	0.005705	11.0
1619	-0.399828	114.467693	0.005139	10.4
1620	-0.697506	114.427781	0.003754	9.5
1621	-0.005174	114.387907	0.000658	10.0
1622	-0.000000	114.348069	0.000000	9.3
1623	-0.622507	114.308268	0.003923	8.4
1624	-0.701727	114.268504	0.004210	11.0
1625	-0.179770	114.228777	0.002609	8.4
1626	-0.000000	114.189086	0.000000	8.7
1627	-0.689687	114.149433	0.005038	10.1
1628	-0.793747	114.109816	0.004655	8.3
1629	-0.000000	114.070235	0.000000	12.1
1630	-0.928306	114.030692	0.006906	9.6
1631	-1.201964	113.991185	0.007459	9.4
1632	-0.737787	113.951714	0.003667	9.3
1633	-0.419919	113.912280	0.004210	11.2
1634	-1.157558	113.872882	0.006156	10.0
1635	-0.030335	113.833521	0.000977	9.8
1636	-0.974445	113.794195	0.005625	9.5
1637	-0.941336	113.754906	0.004868	9.4
1638	-1.041270	113.715653	0.006375	17.9
1639	-0.000000	113.676437	0.000000	15.2
1640	-0.020386	113.637256	0.000520	14.3
1641	-0.056320	113.598111	0.002622	15.1
1642	-0.000000	113.559002	0.000000	15.5
1643	-0.391395	113.519929	0.003464	17.5
1644	-0.000000	113.480892	0.000000	15.6
1645	-0.047638	113.441891	0.002147	16.5
1646	-0.375846	113.402925	0.002806	13.1
1647	-0.188872	113.363995	0.002977	12.6
1648	-0.160631	113.325101	0.002142	8.3
1649	-0.000000	113.286242	0.000000	10.2
1650	-0.000000	113.247419	0.000000	10.0
1651	-0.748528	113.208631	0.005403	9.9
1652	-0.037929	113.169879	0.002598	9.1
1653	-0.000000	113.131162	0.000000	13.3
1654	-0.000000	113.092480	0.000000	15.9
1655	-0.998040	113.053833	0.006174	16.0
1656	-0.699715	113.015222	0.005350	15.3
1657	-0.033526	112.976646	0.001439	18.4
1658	-0.442578	112.938105	0.003125	43.2
1659	-0.000000	112.899599	0.000000	12.4
1660	-0.767123	112.861128	0.005549	21.7
1661	-1.191598	112.822692	0.006928	14.3
1662	-0.000000	112.784291	0.000000	18.9
1663	-0.727527	112.745924	0.005321	26.8
1664	-0.245923	112.707593	0.003484	13.0
1665	-0.048078	112.669296	0.001270	8.4
1666	-0.932278	112.631034	0.005325	10.6
1667	-0.936205	112.592806	0.004160	8.4
1668	-0.000000	112.554613	0.000000	14.4
1669	-0.000002	112.516455	0.000004	9.2
1670	-0.000000	112.478331	0.000000	10.6
1671	-1.175545	112.440241	0.006773	8.9
1672	-0.665378	112.402186	0.003824	9.0
1673	-0.504022	112.364165	0.003992	10.2
1674	-0.000000	112.326179	0.000000	9.3
1675	-0.000000	112.288227	0.000000	9.0
1676	-1.244734	112.250309	0.006698	8.7
1677	-0.898464	112.212425	0.007525	15.3
1678	-0.000000	112.174575	0.000000	8.3
1679	-0.764047	112.136759	0.004271	9.0
1680	-0.000000	112.098977	0.000000	11.7
1681	-1.097744	112.061229	0.006729	9.3
1682	-0.051302	112.023515	0.001827	9.7
1683	-0.876586	111.985834	0.004889	8.9
1684	-1.203347	111.948188	0.008720	9.9
1685	-0.000000	111.910575	0.000000	7.8
1686	-1.257154	111.872996	0.008207	9.4
1687	-0.381210	111.835450	0.002281	10.2
1688	-1.100866	111.797939	0.006118	8.4
1689	-0.356914	111.760460	0.002653	10.5
1690	-1.273231	111.723015	0.007024	9.4
1691	-0.000000	111.685604	0.000000	9.0
1692	-1.241485	111.648226	0.007275	10.8
1693	-0.015933	111.610881	0.000701	11.1
1694	-0.000000	111.573570	0.000000	10.0
1695	-1.218875	111.536292	0.007740	10.0
1696	-1.116294	111.499047	0.006328	9.6
1697	-0.000000	111.461835	0.000000	10.9
1698	-0.000000	111.424656	0.000000	10.3
1699	-0.178543	111.387510	0.003292	11.5
1700	-0.926356	111.350398	0.005150	9.3
1701	-0.000000	111.313318	0.000000	11.1
1702	-0.147469	111.276271	0.002673	9.9
1703	-0.000000	111.239257	0.000000	11.6
1704	-1.170387	111.202276	0.007961	11.8
1705	-0.000336	111.165328	0.000124	11.5
1706	-0.256840	111.128412	0.003221	9.3
1707	-0.548485	111.091529	0.004168	9.7
1708	-0.000000	111.054679	0.000000	10.2
1709	-0.059194	111.017861	0.002472	11.3
1710	-0.277014	110.981076	0.002844	9.7
1711	-0.311340	110.944323	0.002777	11.2
1712	-0.975813	110.907603	0.006358	10.2
1713	-0.014300	110.870915	0.000819	21.7
1714	-0.034812	110.834259	0.002641	10.5
1715	-1.109669	110.797636	0.007064	9.9
1716	-0.895967	110.761045	0.004696	10.0
1717	-0.000000	110.724486	0.000000	9.9
1718	-0.843072	110.687959	0.005092	9.8
1719	-0.031681	110.651465	0.002117	10.4
1720	-0.000000	110.615002	0.000000	9.5
1721	-0.000000	110.578572	0.000000	9.2
1722	-0.548838	110.542173	0.004433	10.8
1723	-0.830786	110.505807	0.005463	8.4
1724	-0.116057	110.469472	0.002242	10.5
1725	-0.000000	110.433169	0.000000	11.1
1726	-0.709628	110.396898	0.004930	9.4
1727	-0.159577	110.360659	0.002859	10.4
1728	-0.912763	110.324451	0.005292	10.6
1729	-0.000000	110.288276	0.000000	8.8
1730	-0.250760	110.252131	0.003410	11.4
1731	-0.000000	110.216019	0.000000	9.2
1732	-0.541519	110.179937	0.004152	8.8
1733	-0.226321	110.143888	0.005846	9.8
1734	-0.000000	110.107869	0.000000	10.1
1735	-0.000000	110.071882	0.000000	9.7
1736	-1.091413	110.035927	0.005799	9.2
1737	-0.347084	110.000003	0.005650	8.1
1738	-0.000000	109.964110	0.000000	9.7
1739	-1.017082	109.928248	0.008497	8.6
1740	-0.000000	109.892417	0.000000	9.0
1741	-0.000000	109.856618	0.000000	10.2
1742	-1.159136	109.820850	0.007146	10.0
1743	-0.001101	109.785112	0.000508	9.6
1744	-0.522564	109.749406	0.004960	10.3
1745	-0.000000	109.713730	0.000000	7.7
1746	-0.000000	109.678086	0.000000	8.9
1747	-0.034059	109.642472	0.001381	11.4
1748	-0.000000	109.606890	0.000000	10.2
1749	-0.000000	109.571337	0.000000	9.4
1750	-0.000000	109.535816	0.000000	8.8
1751	-1.087265	109.500326	0.008217	9.7
1752	-0.000000	109.464866	0.000000	8.9
1753	-1.086557	109.429436	0.007140	13.1
1754	-0.000000	109.394038	0.000000	10.0
1755	-0.017304	109.358669	0.000434	11.0
1756	-0.000850	109.323331	0.000261	9.1
1757	-0.000000	109.288024	0.000000	8.4
1758	-0.000000	109.252747	0.000000	10.5
1759	-0.000000	109.217501	0.000000	9.1
1760	-0.000000	109.182284	0.000000	10.8
1761	-0.848888	109.147098	0.004959	10.2
1762	-0.000028	109.111942	0.000012	10.2
1763	-0.000000	109.076817	0.000000	10.3
1764	-0.821357	109.041721	0.005584	9.2
1765	-1.086686	109.006656	0.006031	8.9
1766	-0.103883	108.971620	0.002804	10.4
1767	-1.088676	108.936615	0.006299	8.8
1768	-0.954963	108.901640	0.006838	19.5
1769	-0.013798	108.866694	0.002030	13.0
1770	-0.000000	108.831779	0.000000	15.5
1771	-0.851208	108.796893	0.004385	14.6
1772	-0.000000	108.762037	0.000000	14.5
1773	-0.174991	108.727211	0.002964	17.8
1774	-0.031775	108.692415	0.001370	18.9
1775	-1.168819	108.657648	0.007266	16.4
1776	-0.605477	108.622911	0.003347	18.4
1777	-0.000000	108.588203	0.000000	15.3
1778	-0.000184	108.553525	0.000192	18.5
1779	-1.254405	108.518877	0.007592	17.1
1780	-0.006700	108.484258	0.000255	27.7
1781	-0.000000	108.449668	0.000000	21.6
1782	-0.671139	108.415108	0.003867	17.1
1783	-0.655619	108.380578	0.004085	19.8
1784	-0.000000	108.346076	0.000000	15.4
1785	-0.000000	108.311604	0.000000	25.9
1786	-0.817215	108.277161	0.004771	20.8
1787	-0.000000	108.242747	0.000000	15.0
1788	-0.582985	108.208363	0.004053	17.2
1789	-0.352122	108.174007	0.002705	8.6
1790	-0.000000	108.139681	0.000000	10.1
1791	-0.000000	108.105383	0.000000	10.1
1792	-0.010889	108.071115	0.000082	8.7
1793	-1.082362	108.036875	0.008008	10.1
1794	-0.000000	108.002665	0.000000	9.6
1795	-0.019794	107.968483	0.001224	7.5
1796	-0.669769	107.934330	0.005371	9.4
1797	-0.898205	107.900206	0.005595	9.2
1798	-0.000000	107.866111	0.000000	13.5
1799	-0.647719	107.832044	0.005711	11.8
1800	-1.240649	107.798007	0.008172	8.8
1801	-0.027932	107.763997	0.001567	9.2
1802	-0.000281	107.730017	0.000212	10.4
1803	-0.000000	107.696065	0.000000	10.3
1804	-0.520506	107.662141	0.003069	10.6
1805	-0.962733	107.628246	0.006243	10.0
1806	-0.000000	107.594379	0.000000	9.6
1807	-1.255835	107.560541	0.005896	10.3
1808	-1.233343	107.526731	0.007520	11.2
1809	-0.000025	107.492949	0.000024	9.8
1810	-0.061520	107.459196	0.002143	10.8
1811	-0.063154	107.425471	0.002033	10.6
1812	-1.248210	107.391774	0.007143	13.0
1813	-0.000000	107.358106	0.000000	10.1
1814	-1.060166	107.324465	0.006937	12.8
1815	-0.910927	107.290853	0.007860	11.4
1816	-0.022952	107.257268	0.001694	10.8
1817	-0.791780	107.223712	0.004040	11.1
1818	-0.256872	107.190184	0.003382	11.6
1819	-0.579951	107.156683	0.004911	10.5
1820	-0.636279	107.123211	0.004450	11.8
1821	-0.000000	107.089766	0.000000	12.8
1822	-0.010637	107.056349	0.000873	9.9
1823	-0.000000	107.022960	0.000000	9.2
1824	-0.056850	106.989599	0.002625	12.4
1825	-0.623621	106.956265	0.004945	15.3
1826	-1.097123	106.922960	0.005609	8.2
1827	-1.043123	106.889681	0.007373	10.1
1828	-0.747886	106.856431	0.004160	9.9
1829	-0.000000	106.823208	0.000000	10.9
1830	-0.960894	106.790012	0.006170	13.4
1831	-1.029940	106.756844	0.005723	8.2
1832	-0.845111	106.723703	0.005988	13.2
1833	-1.207447	106.690590	0.007009	11.4
1834	-0.022540	106.657505	0.000441	7.9
1835	-0.923429	106.624446	0.005258	10.8
1836	-1.067413	106.591415	0.005837	11.3
1837	-0.479160	106.558411	0.004080	9.2
1838	-0.000000	106.525435	0.000000	9.5
1839	-0.694307	106.492485	0.004344	12.3
1840	-0.998670	106.459563	0.006486	10.1
1841	-0.339166	106.426668	0.003924	10.4
1842	-0.796935	106.393800	0.004346	8.8
1843	-0.609461	106.360959	0.003782	9.4
1844	-0.956815	106.328145	0.004815	10.4
1845	-1.142665	106.295358	0.008897	9.6
1846	-0.908064	106.262598	0.003682	9.8
1847	-0.697547	106.229865	0.005560	7.9
1848	-0.000000	106.197158	0.000000	9.8
1849	-1.173463	106.164479	0.006725	8.6
1850	-0.000000	106.131826	0.000000	9.2
1851	-0.000000	106.099201	0.000000	10.2
1852	-0.000000	106.066602	0.000000	9.3
1853	-0.021742	106.034029	0.001541	10.2
1854	-0.419616	106.001483	0.002739	9.1
1855	-0.000000	105.968964	0.000000	8.7
1856	-0.364557	105.936472	0.004321	9.0
1857	-0.000000	105.904006	0.000000	12.0
1858	-0.051488	105.871566	0.002186	8.6
1859	-0.037899	105.839153	0.000721	8.7
1860	-0.000000	105.806767	0.000000	18.1
1861	-0.759251	105.774407	0.006607	7.5
1862	-0.000000	105.742073	0.000000	10.6
1863	-0.000000	105.709766	0.000000	10.1
1864	-0.974097	105.677485	0.007556	8.6
1865	-0.000000	105.645230	0.000000	9.3
1866	-0.000000	105.613001	0.000000	8.8
1867	-1.102646	105.580799	0.008017	9.0
1868	-0.000000	105.548623	0.000000	9.0
1869	-0.334321	105.516473	0.004369	8.3
1870	-1.069037	105.484349	0.008073	9.0
1871	-0.552973	105.452251	0.005111	9.5
1872	-0.210135	105.420179	0.002298	9.1
1873	-1.035534	105.388133	0.004754	8.8
1874	-0.000000	105.356113	0.000000	12.8
1875	-0.000000	105.324119	0.000000	10.6
1876	-1.291567	105.292151	0.006668	9.9
1877	-1.210315	105.260209	0.006283	10.9
1878	-0.434081	105.228293	0.003237	11.6
1879	-0.154900	105.196402	0.002655	21.5
1880	-1.233790	105.164537	0.006724	10.1
1881	-0.080109	105.132698	0.001529	10.9
1882	-0.000000	105.100885	0.000000	11.6
1883	-0.071507	105.069097	0.001095	10.6
1884	-0.677562	105.037335	0.003718	10.5
1885	-0.000000	105.005598	0.000000	10.4
1886	-1.185867	104.973887	0.007518	9.1
1887	-0.000000	104.942202	0.000000	11.0
1888	-0.000000	104.910542	0.000000	10.3
1889	-0.000000	104.878907	0.000000	11.5
1890	-0.000000	104.847298	0.000000	12.8
1891	-0.526136	104.815715	0.004253	10.4
1892	-1.108159	104.784156	0.006550	8.4
1893	-0.000000	104.752623	0.000000	11.7
1894	-1.003534	104.721116	0.008503	10.8
1895	-0.000000	104.689633	0.000000	11.0
1896	-1.009603	104.658176	0.004385	10.9
1897	-0.634241	104.626744	0.006717	10.8
1898	-0.000000	104.595337	0.000000	8.7
1899	-0.048500	104.563955	0.001629	9.8
1900	-0.878352	104.532599	0.005027	10.7
1901	-0.270399	104.501267	0.003206	7.7
1902	-0.969642	104.469960	0.007996	9.6
1903	-0.040761	104.438679	0.001747	10.1
1904	-0.000000	104.407422	0.000000	11.4
1905	-0.227594	104.376191	0.003966	18.5
1906	-0.000000	104.344984	0.000000	10.2
1907	-0.238310	104.313802	0.003358	11.3
1908	-0.000000	104.282645	0.000000	9.2
1909	-0.922070	104.251513	0.005799	9.7
1910	-0.000000	104.220405	0.000000	11.1
1911	-0.090870	104.189323	0.001491	9.9
1912	-0.000000	104.158265	0.000000	12.2
1913	-0.112188	104.127231	0.002197	9.1
1914	-0.000000	104.096222	0.000000	9.8
1915	-1.055692	104.065238	0.006293	10.5
1916	-0.792781	104.034279	0.005222	12.5
1917	-0.000000	104.003344	0.000000	8.3
1918	-0.000000	103.972433	0.000000	8.6
1919	-0.958858	103.941547	0.006639	9.7
1920	-0.430208	103.910686	0.003687	9.1
1921	-0.000000	103.879849	0.000000	10.1
1922	-0.000000	103.849036	0.000000	20.2
1923	-0.567825	103.818248	0.006792	10.2
1924	-0.741327	103.787484	0.005454	11.3
1925	-0.044353	103.756744	0.001263	9.3
1926	-0.033362	103.726029	0.001157	9.6
1927	-1.280712	103.695338	0.006221	12.0
1928	-0.000000	103.664671	0.000000	8.3
1929	-0.017059	103.634028	0.000101	9.3
1930	-0.000000	103.603409	0.000000	10.3
1931	-1.050556	103.572814	0.006578	8.7
1932	-0.026697	103.542244	0.000575	10.4
1933	-0.061167	103.511698	0.001662	9.7
1934	-0.123577	103.481175	0.001979	9.9
1935	-0.616578	103.450677	0.003128	9.1
1936	-0.000000	103.420202	0.000000	8.0
1937	-0.000000	103.389752	0.000000	9.1
1938	-0.000000	103.359325	0.000000	9.3
1939	-1.323083	103.328922	0.009915	9.4
1940	-0.000000	103.298543	0.000000	9.4
1941	-0.000000	103.268188	0.000000	9.2
1942	-1.243118	103.237857	0.008301	8.4
1943	-0.000000	103.207549	0.000000	8.8
1944	-0.000000	103.177265	0.000000	8.1
1945	-0.342334	103.147005	0.003239	11.1
1946	-0.000004	103.116768	0.000005	8.7
1947	-0.000000	103.086556	0.000000	12.1
1948	-0.473479	103.056366	0.003448	9.8
1949	-0.014863	103.026200	0.000961	11.3
1950	-1.004875	102.996058	0.005499	9.4
1951	-0.167516	102.965939	0.002127	8.8
1952	-0.469130	102.935844	0.003186	9.4
1953	-0.999630	102.905772	0.004275	11.4
1954	-0.096930	102.875724	0.002185	9.1
1955	-0.827698	102.845699	0.005045	8.7
1956	-0.064133	102.815697	0.000716	9.7
1957	-0.000000	102.785719	0.000000	9.6
1958	-0.000000	102.755764	0.000000	10.9
1959	-0.828501	102.725832	0.004813	9.6
1960	-0.725841	102.695924	0.005452	8.2
1961	-0.000000	102.666038	0.000000	9.0
1962	-0.318116	102.636176	0.003276	12.2
1963	-0.442757	102.606337	0.002935	11.5
1964	-1.029725	102.576521	0.008957	11.7
1965	-0.000000	102.546728	0.000000	11.1
1966	-0.707518	102.516959	0.004680	9.1
1967	-0.000000	102.487212	0.000000	8.5
1968	-0.000000	102.457488	0.000000	10.7
1969	-0.000000	102.427788	0.000000	11.9
1970	-0.325925	102.398110	0.002711	9.8
1971	-1.259171	102.368455	0.006790	12.0
1972	-0.754793	102.338823	0.005002	9.9
1973	-0.973831	102.309214	0.007545	9.1
1974	-0.000000	102.279628	0.000000	10.4
1975	-1.120170	102.250064	0.006591	9.1
1976	-0.919347	102.220524	0.006588	9.7
1977	-0.220609	102.191006	0.002504	16.4
1978	-1.216727	102.161511	0.005904	13.4
1979	-0.002564	102.132038	0.001410	15.0
1980	-1.277945	102.102588	0.008522	15.2
1981	-0.049653	102.073161	0.001771	16.6
1982	-0.277098	102.043757	0.002389	20.7
1983	-0.022447	102.014375	0.000740	17.8
1984	-0.000000	101.985015	0.000000	16.2
1985	-0.000000	101.955678	0.000000	12.1
1986	-0.483550	101.926364	0.003926	19.1
1987	-0.000000	101.897072	0.000000	12.5
1988	-0.178640	101.867802	0.002714	10.2
1989	-0.000000	101.838555	0.000000	9.2
1990	-0.592188	101.809330	0.003881	14.5
1991	-0.109257	101.780128	0.003198	13.1
1992	-0.005569	101.750948	0.001145	9.9
1993	-0.991107	101.721790	0.005437	9.4
1994	-1.189162	101.692654	0.007750	10.1
1995	-0.032506	101.663541	0.001010	12.7
1996	-0.011412	101.634450	0.000598	15.4
1997	-0.564691	101.605381	0.003754	20.8
1998	-0.824177	101.576335	0.004451	34.2
1999	-0.000000	101.547310	0.000000	22.3
