1:ItNr	2:Metric	3a:Time	3b:StepSize	4:||Gradient||	Time[ms]
0	-0.439886	0.000000	37.059876	0.007079	1275.9
1	-0.428394	0.000000	37.059876	0.004777	4.2
2	-0.427863	0.000000	37.059876	0.005882	4.0
3	-0.443838	0.000000	37.059876	0.009211	4.5
4	-0.424009	0.000000	37.059876	0.005495	4.4
5	-0.406652	1.000000	35.375336	0.010604	5.6
6	-0.392265	1.986808	33.856697	0.015610	3.9
7	-0.449577	1.196175	35.062680	0.009447	4.9
8	-0.436145	0.405543	36.357751	0.009317	5.9
9	-0.409354	1.405543	34.735039	0.006063	4.2
10	-0.424497	0.614910	36.005581	0.007072	4.9
11	-0.445378	0.000000	37.059876	0.009268	4.1
12	-0.419597	0.000000	37.059876	0.008708	3.9
13	-0.426417	1.000000	35.375336	0.006144	4.0
14	-0.453215	2.000000	33.837278	0.012269	5.7
15	-0.432038	3.000000	32.427391	0.010401	6.9
16	-0.435416	4.000000	31.130296	0.007773	2.9
17	-0.458000	5.000000	29.932977	0.009392	4.5
18	-0.399559	4.210268	30.870652	0.012586	3.4
19	-0.403935	5.210072	29.693066	0.006270	23.6
20	-0.439666	4.419440	30.616622	0.007951	4.2
21	-0.404713	3.628807	31.599475	0.015546	3.8
22	-0.436549	4.628443	30.366940	0.008264	3.3
23	-0.413569	3.837810	31.333575	0.009523	4.6
24	-0.435542	4.837810	30.120872	0.007176	3.6
25	-0.453173	5.837808	28.998545	0.007902	4.6
26	-0.425346	5.047176	29.878763	0.004752	4.4
27	-0.400777	5.932892	28.896169	0.009913	4.7
28	-0.409673	5.142706	29.769581	0.007786	4.1
29	-0.410616	6.142694	28.672813	0.006489	6.2
30	-0.443244	7.142694	27.653976	0.011520	4.0
31	-0.467504	8.142694	26.705060	0.009939	4.2
32	-0.460965	8.881414	26.044865	0.008382	3.3
33	-0.416160	8.090782	26.752715	0.008978	3.7
34	-0.395498	7.300149	27.500116	0.008176	4.9
35	-0.412159	8.300149	26.561551	0.010353	4.8
36	-0.433749	7.509516	27.298162	0.013751	3.4
37	-0.430467	6.718883	28.076795	0.009270	4.5
38	-0.480504	5.931903	28.897230	0.015808	4.2
39	-0.425947	5.141270	29.771216	0.007921	3.9
40	-0.382918	6.141270	28.674318	0.014331	3.4
41	-0.442894	5.350637	29.534671	0.011060	3.8
42	-0.442843	6.350637	28.454818	0.004975	3.7
43	-0.438992	5.560006	29.301853	0.009769	3.7
44	-0.450309	6.560006	28.238651	0.007224	5.8
45	-0.430533	7.560006	27.249903	0.010014	4.2
46	-0.423473	8.010475	26.826772	0.006630	4.1
47	-0.401768	9.010475	25.932858	0.008466	6.9
48	-0.410190	8.219842	26.634551	0.010147	3.2
49	-0.435354	7.429210	27.375273	0.011826	5.0
50	-0.447060	8.429210	26.445066	0.010776	3.8
51	-0.448073	9.429210	25.575997	0.005283	3.4
52	-0.444523	9.958863	25.138436	0.008561	3.4
53	-0.437811	9.169064	25.796538	0.007388	3.7
54	-0.419993	8.473753	26.405100	0.008814	4.9
55	-0.434436	7.683120	27.132940	0.009030	3.8
56	-0.446821	6.892932	27.901598	0.007804	5.3
57	-0.465397	6.102310	28.715537	0.006582	3.2
58	-0.444039	5.311749	29.578322	0.009080	4.6
59	-0.456932	4.521116	30.494645	0.007954	4.3
60	-0.448851	5.521116	29.344820	0.008966	3.7
61	-0.431126	6.521116	28.278555	0.006034	3.9
62	-0.423653	7.520964	27.287205	0.007975	3.9
63	-0.435015	6.730331	28.065204	0.006079	4.1
64	-0.406837	5.939699	28.888868	0.005211	4.6
65	-0.405402	5.714475	29.132423	0.008814	3.8
66	-0.460760	4.983005	29.952555	0.011660	4.2
67	-0.417333	5.983005	28.842502	0.006142	3.5
68	-0.448044	6.983005	27.811787	0.006400	5.3
69	-0.404989	6.193904	28.618818	0.004015	4.5
70	-0.444231	7.185073	27.612396	0.006630	3.1
71	-0.442443	8.178954	26.671874	0.017911	5.1
72	-0.440810	9.178954	25.788084	0.007216	4.5
73	-0.454207	10.178954	24.960985	0.007273	4.0
74	-0.428215	11.176881	24.186850	0.008611	4.1
75	-0.437821	12.176881	23.457823	0.010178	5.4
76	-0.431432	13.176881	22.771458	0.008041	3.4
77	-0.437904	14.176881	22.124116	0.012057	4.6
78	-0.438029	13.386248	22.632809	0.007430	4.5
79	-0.401429	14.386248	21.993216	0.006280	3.0
80	-0.443989	13.596014	22.495580	0.007618	4.1
81	-0.421246	14.596014	21.863611	0.008095	3.9
82	-0.449844	13.805381	22.360260	0.012896	4.8
83	-0.442527	13.014749	22.879998	0.009223	3.0
84	-0.458626	12.224116	23.424472	0.006119	5.4
85	-0.431455	13.112942	22.814139	0.007328	3.6
86	-0.435729	12.322309	23.355446	0.006433	3.7
87	-0.422703	11.531756	23.923006	0.006696	5.0
88	-0.426115	12.374177	23.319149	0.006305	4.4
89	-0.437613	13.374177	22.640757	0.003816	3.7
90	-0.431275	12.583578	23.173749	0.013805	4.2
91	-0.450973	13.583578	22.503669	0.013517	4.5
92	-0.434589	14.583150	21.871515	0.007506	3.5
93	-0.426089	15.564094	21.284744	0.007938	4.9
94	-0.448762	16.564093	20.718120	0.015730	5.8
95	-0.426988	15.773460	21.163562	0.008608	3.5
96	-0.388920	14.982827	21.628578	0.008917	6.5
97	-0.417760	15.982827	21.043751	0.009860	4.8
98	-0.414699	15.192195	21.503460	0.012504	3.6
99	-0.457750	14.401562	21.983702	0.006396	4.5
100	-0.415908	15.359762	21.404359	0.009556	4.3
101	-0.391162	14.569129	21.880136	0.009262	4.4
102	-0.385151	13.778496	22.377546	0.007638	4.4
103	-0.436258	12.987864	22.898097	0.008892	4.9
104	-0.434886	12.197231	23.443443	0.009106	4.0
105	-0.459722	13.197231	22.757907	0.013247	4.2
106	-0.453335	12.406598	23.296517	0.006414	6.1
107	-0.451157	13.406598	22.619423	0.007298	3.6
108	-0.418990	14.406555	21.980602	0.008540	4.6
109	-0.434659	13.615923	22.482642	0.008746	4.5
110	-0.422423	12.825290	23.008151	0.007989	3.4
111	-0.399625	13.825290	22.347478	0.007911	3.7
112	-0.414309	14.825290	21.723687	0.005478	4.3
113	-0.418288	15.479585	21.334053	0.011580	3.8
114	-0.445760	16.479584	20.764835	0.007612	3.7
115	-0.420913	15.688951	21.212310	0.005732	5.4
116	-0.414877	14.898326	21.679490	0.010608	3.4
117	-0.402776	14.107693	22.167717	0.007784	4.0
118	-0.451096	15.107693	21.553783	0.006587	4.4
119	-0.423359	16.107652	20.972962	0.009830	3.8
120	-0.386028	17.107652	20.422602	0.004981	4.4
121	-0.424462	16.317100	20.855248	0.007443	5.6
122	-0.443077	15.526501	21.306650	0.012015	3.0
123	-0.424669	16.526501	20.738874	0.008828	3.4
124	-0.405398	17.526501	20.200573	0.007412	3.2
125	-0.437971	16.735869	20.623810	0.011686	4.6
126	-0.421049	17.735807	20.091421	0.007833	3.8
127	-0.412253	18.735800	19.585799	0.013302	4.6
128	-0.426481	19.735800	19.104998	0.006687	7.1
129	-0.452698	18.945167	19.483143	0.010917	3.5
130	-0.413873	18.371819	19.766864	0.009536	5.3
131	-0.435984	17.581197	20.171935	0.005047	3.0
132	-0.444099	16.790565	20.593960	0.014877	3.5
133	-0.467133	17.748656	20.084759	0.005947	3.1
134	-0.464146	16.958023	20.503107	0.008205	3.4
135	-0.422283	16.167390	20.939253	0.014063	4.7
136	-0.406024	15.376758	21.394358	0.009752	3.7
137	-0.434214	16.376758	20.821961	0.006892	3.3
138	-0.435069	15.586125	21.271927	0.010411	3.3
139	-0.404175	14.795492	21.741771	0.006113	3.2
140	-0.452701	15.795492	21.150890	0.005634	4.0
141	-0.418035	15.004860	21.615343	0.010900	3.8
142	-0.421103	14.214227	22.100652	0.014806	5.2
143	-0.406585	13.423594	22.608255	0.007206	4.3
144	-0.396749	12.632962	23.139722	0.006643	3.9
145	-0.405569	13.632961	22.471581	0.013471	4.8
146	-0.450954	12.842328	22.996568	0.007975	4.4
147	-0.430983	12.051696	23.546671	0.007223	4.1
148	-0.383885	11.261063	24.123737	0.008792	5.0
149	-0.453629	12.261063	23.398452	0.005996	4.5
150	-0.433607	11.487460	23.955625	0.006662	3.4
151	-0.432520	10.698905	24.551554	0.009209	4.3
152	-0.434650	9.913984	25.174931	0.011512	4.0
153	-0.433309	10.913984	24.386094	0.006174	3.6
154	-0.456182	10.123351	25.005578	0.006206	3.6
155	-0.453131	11.123347	24.227157	0.011962	4.2
156	-0.450924	11.987203	23.592706	0.010567	4.2
157	-0.413820	11.196570	24.172059	0.008229	4.5
158	-0.433739	10.405970	24.780556	0.010968	7.7
159	-0.399089	11.405970	24.015865	0.008620	4.3
160	-0.426180	10.615337	24.616451	0.007112	4.3
161	-0.437453	9.826115	25.246691	0.009532	4.9
162	-0.436990	9.035482	25.911267	0.010974	3.2
163	-0.431142	9.993338	25.110473	0.008732	4.6
164	-0.449449	10.993338	24.325608	0.010208	5.2
165	-0.398391	10.202705	24.941984	0.007111	3.1
166	-0.426658	11.202705	24.167454	0.011987	4.4
167	-0.428374	10.412073	24.775741	0.010091	4.0
168	-0.415731	11.412073	24.011343	0.008257	5.8
169	-0.403774	12.412073	23.292700	0.009029	4.1
170	-0.461176	11.621440	23.857236	0.009963	4.5
171	-0.441927	12.621439	23.147653	0.005130	4.2
172	-0.430379	11.830808	23.705094	0.006614	4.6
173	-0.437360	12.830217	23.004800	0.005550	4.5
174	-0.436904	12.092681	23.517508	0.005450	3.6
175	-0.455221	13.092681	22.827697	0.009487	5.9
176	-0.452748	14.092681	22.177200	0.012890	4.4
177	-0.437384	15.092681	21.562748	0.004522	2.8
178	-0.435704	16.092681	20.981428	0.010965	3.8
179	-0.432795	15.302059	21.438381	0.009014	3.3
180	-0.428985	16.302058	20.863658	0.007723	5.0
181	-0.416155	15.511425	21.315448	0.007895	3.2
182	-0.417691	16.511425	20.747209	0.007335	4.2
183	-0.428218	15.749564	21.177323	0.005874	4.5
184	-0.434302	14.959000	21.642910	0.009491	3.5
185	-0.458697	14.495194	21.925712	0.007737	5.2
186	-0.435892	15.495194	21.324928	0.007118	4.7
187	-0.445833	14.704561	21.797142	0.007501	4.4
188	-0.422015	13.913929	22.290742	0.006516	5.3
189	-0.455622	14.913929	21.670071	0.005981	4.1
190	-0.410945	14.123952	22.157455	0.009998	3.7
191	-0.428621	13.333319	22.667700	0.013891	5.1
192	-0.418235	14.333319	22.026161	0.005198	4.8
193	-0.417215	15.333319	21.419936	0.007929	3.8
194	-0.442541	16.333319	20.846188	0.010440	4.3
195	-0.441340	15.542699	21.297206	0.011690	4.7
196	-0.452405	14.810041	21.732938	0.010256	3.2
197	-0.479394	15.810039	21.142531	0.010659	4.9
198	-0.422420	15.089357	21.564734	0.005441	4.6
199	-0.426305	16.089357	20.983308	0.013773	4.2
200	-0.423230	15.298724	21.440351	0.011265	3.9
201	-0.449827	16.298724	20.865523	0.009049	4.7
202	-0.430259	17.298724	20.320713	0.010363	5.2
203	-0.487845	18.298724	19.803630	0.008475	4.3
204	-0.427114	19.298723	19.312210	0.006535	6.0
205	-0.434012	20.298723	18.844587	0.008957	2.8
206	-0.435058	21.240261	18.424540	0.008638	4.3
207	-0.408353	22.240261	17.998443	0.007180	4.7
208	-0.430647	21.449629	18.333668	0.012520	3.8
209	-0.390577	20.685260	18.669846	0.013884	4.0
210	-0.444671	21.685260	18.232462	0.013572	3.4
211	-0.413862	20.894627	18.576544	0.008094	4.6
212	-0.424829	20.103995	18.933863	0.006787	3.1
213	-0.451017	21.103995	18.484170	0.010136	6.0
214	-0.428350	20.313362	18.837910	0.009728	3.7
215	-0.434669	19.522874	19.205385	0.006246	4.1
216	-0.415661	18.733801	19.586784	0.006994	5.1
217	-0.417196	19.733799	19.105937	0.008648	3.9
218	-0.463452	18.972347	19.469895	0.009331	3.8
219	-0.429837	19.972347	18.994699	0.010289	4.3
220	-0.451489	20.972347	18.542146	0.007645	4.3
221	-0.403666	21.972247	18.110698	0.006556	4.1
222	-0.430521	22.972246	17.698832	0.008806	4.1
223	-0.389272	23.972240	17.305284	0.006626	4.2
224	-0.417208	24.972240	16.928855	0.011122	3.3
225	-0.456688	25.967383	16.570167	0.006414	4.0
226	-0.452914	26.967377	16.224723	0.006201	3.6
227	-0.467222	27.967287	15.893414	0.010839	5.0
228	-0.398979	27.207946	16.143757	0.009698	3.0
229	-0.438465	28.207946	15.815685	0.009611	5.1
230	-0.452777	29.207946	15.500682	0.008199	3.7
231	-0.431271	28.417314	15.748679	0.009944	3.9
232	-0.447260	29.417314	15.436312	0.015179	4.4
233	-0.415435	28.626681	15.682237	0.008171	4.5
234	-0.429312	29.626681	15.372475	0.008085	3.4
235	-0.423474	28.836048	15.616354	0.007355	3.6
236	-0.427689	29.836046	15.309165	0.011188	3.9
237	-0.409818	29.045413	15.551023	0.006859	3.9
238	-0.405522	28.254781	15.800647	0.005781	4.2
239	-0.410069	29.253629	15.486591	0.009717	3.9
240	-0.407101	28.465450	15.733353	0.006822	6.7
241	-0.433124	27.674817	15.988912	0.009144	4.9
242	-0.432628	26.891299	16.250497	0.007642	4.5
243	-0.412845	27.877495	15.922612	0.005615	5.0
244	-0.431045	27.086862	16.184408	0.011313	3.5
245	-0.432089	26.302631	16.452729	0.008408	3.5
246	-0.431237	25.511999	16.732401	0.007815	4.2
247	-0.440493	26.511998	16.380229	0.009645	3.3
248	-0.455562	27.511998	16.042575	0.010109	5.1
249	-0.450113	26.721365	16.308364	0.004590	3.5
250	-0.441648	27.721365	15.973637	0.006872	4.8
251	-0.435888	26.930733	16.237127	0.007785	4.9
252	-0.406287	27.718893	15.974447	0.008081	3.7
253	-0.423241	28.718893	15.653152	0.006964	4.4
254	-0.419146	29.718893	15.344526	0.010632	4.5
255	-0.415636	30.718893	15.047836	0.008925	4.4
256	-0.410777	29.937575	15.278650	0.008935	3.1
257	-0.428421	29.146966	15.519531	0.009018	4.7
258	-0.472954	28.356334	15.768136	0.009004	6.3
259	-0.456065	28.972549	15.573698	0.004479	4.1
260	-0.430611	28.181916	15.824056	0.010434	5.1
261	-0.452361	29.181916	15.508722	0.012563	4.2
262	-0.441779	28.391283	15.756978	0.011682	4.1
263	-0.440659	27.600651	16.013312	0.010347	4.2
264	-0.443876	28.600651	15.690467	0.006602	4.8
265	-0.414763	27.810018	15.944624	0.009604	4.0
266	-0.436507	28.764373	15.638847	0.008880	4.2
267	-0.413165	27.973745	15.891319	0.007913	4.5
268	-0.441464	28.973745	15.573325	0.015160	4.1
269	-0.446756	28.183112	15.823671	0.009543	4.7
270	-0.455512	29.183112	15.508353	0.011920	5.0
271	-0.419115	30.183112	15.205355	0.007531	2.8
272	-0.435881	31.183112	14.913970	0.012071	5.1
273	-0.449814	32.183112	14.633544	0.004637	3.9
274	-0.405106	32.996951	14.412988	0.006212	4.2
275	-0.435348	32.207261	14.626902	0.008177	3.6
276	-0.401216	31.446877	14.838965	0.006659	5.1
277	-0.406244	30.656244	15.066086	0.016832	3.9
278	-0.442695	29.865611	15.300266	0.006721	3.4
279	-0.447378	29.075103	15.541803	0.008122	4.5
280	-0.387694	30.075103	15.237510	0.003783	4.3
281	-0.464779	31.075103	14.944904	0.009096	5.4
282	-0.393420	30.284476	15.175302	0.005580	4.7
283	-0.447519	29.493855	15.412913	0.012169	3.4
284	-0.416275	30.493855	15.113597	0.006934	4.7
285	-0.458238	29.703222	15.349269	0.006476	3.5
286	-0.428073	30.014428	15.255633	0.012904	4.5
287	-0.419036	29.223796	15.495790	0.009926	2.9
288	-0.438267	30.223796	15.193278	0.006121	4.0
289	-0.418037	31.223796	14.902352	0.007159	4.4
290	-0.459509	30.433163	15.131432	0.005649	4.7
291	-0.422337	31.433163	14.842847	0.003364	6.0
292	-0.424194	32.423701	14.567643	0.011098	3.1
293	-0.417560	33.423699	14.299972	0.006676	3.2
294	-0.434967	34.423699	14.041961	0.010300	4.6
295	-0.444241	35.422068	13.793493	0.005266	2.9
296	-0.451942	34.631766	13.989442	0.007619	3.5
297	-0.420728	35.631765	13.742418	0.009225	4.3
298	-0.452104	34.841132	13.936992	0.006444	5.8
299	-0.439123	34.050500	14.137154	0.008800	3.3
300	-0.451011	33.762188	14.211583	0.006306	4.8
301	-0.457400	32.971555	14.419770	0.010699	4.8
302	-0.395468	32.180922	14.634146	0.007193	3.5
303	-0.406601	31.390290	14.854993	0.009303	5.4
304	-0.416278	30.599680	15.082601	0.005958	5.1
305	-0.434497	31.599680	14.795858	0.008464	4.1
306	-0.444766	30.809047	15.021650	0.010752	4.0
307	-0.453068	31.707926	14.765472	0.006210	5.0
308	-0.402564	30.917294	14.990330	0.006261	3.2
309	-0.421737	31.917168	14.707087	0.007765	3.7
310	-0.444727	32.917168	14.434315	0.007672	7.8
311	-0.425936	32.126535	14.649128	0.008494	3.9
312	-0.435966	31.335902	14.870430	0.010336	5.4
313	-0.453705	30.545270	15.098522	0.009413	5.0
314	-0.418055	31.545194	14.811200	0.006419	3.8
315	-0.420178	32.545194	14.534589	0.011050	4.5
316	-0.446206	33.545194	14.268120	0.009677	4.8
317	-0.453499	32.843647	14.454025	0.005179	3.8
318	-0.455759	33.496777	14.280797	0.008010	4.6
319	-0.428096	32.712337	14.489360	0.007737	4.1
320	-0.459637	33.519099	14.274950	0.008766	3.8
321	-0.430769	34.519099	14.017832	0.006118	4.6
322	-0.473172	33.728466	14.220340	0.015894	4.2
323	-0.423681	32.937834	14.428785	0.011690	3.4
324	-0.437710	33.937834	14.166146	0.008392	4.4
325	-0.424959	34.937834	13.912898	0.006864	5.0
326	-0.446568	35.937834	13.668546	0.009289	3.4
327	-0.442403	36.902247	13.440884	0.010510	4.6
328	-0.457199	36.111615	13.626955	0.009062	3.9
329	-0.445947	37.053345	13.405901	0.009668	4.1
330	-0.407877	36.262713	13.590997	0.010385	3.4
331	-0.472228	36.990003	13.420544	0.009176	5.2
332	-0.427864	36.199370	13.606048	0.007632	3.8
333	-0.440327	37.199370	13.372265	0.011568	4.2
334	-0.455248	38.199370	13.146380	0.006097	5.2
335	-0.417670	37.408738	13.324332	0.012164	4.6
336	-0.423021	36.618174	13.507151	0.008994	3.7
337	-0.432476	37.618174	13.276725	0.007354	3.7
338	-0.420018	38.618174	13.054029	0.007506	5.4
339	-0.446455	37.827542	13.229473	0.013370	3.0
340	-0.425894	38.827542	13.008346	0.009725	3.8
341	-0.404718	39.827542	12.794490	0.007874	4.1
342	-0.455737	39.983571	12.761755	0.006400	3.8
343	-0.467649	40.983571	12.555866	0.022067	4.0
344	-0.438929	41.983571	12.356514	0.005506	4.2
345	-0.443122	42.983571	12.163394	0.008327	4.3
346	-0.442964	42.193056	12.315552	0.008536	3.9
347	-0.429648	43.193056	12.123701	0.010492	5.3
348	-0.442358	44.192930	11.937758	0.007969	4.8
349	-0.406766	43.402297	12.084311	0.007841	3.7
350	-0.444383	44.402293	11.899543	0.008667	5.5
351	-0.426780	43.611660	12.045154	0.007821	4.5
352	-0.457205	42.821027	12.194373	0.012780	6.6
353	-0.458198	43.821027	12.006249	0.009409	5.3
354	-0.434524	43.688118	12.030917	0.005231	3.5
355	-0.455986	44.688117	11.847765	0.011348	5.5
356	-0.415265	43.897485	11.992104	0.007492	4.2
357	-0.419958	43.106852	12.140003	0.008028	3.9
358	-0.408256	42.316219	12.291596	0.007714	4.3
359	-0.446726	43.316219	12.100484	0.004158	4.1
360	-0.395136	42.525745	12.251055	0.008867	4.1
361	-0.423697	43.028872	12.154788	0.006239	5.2
362	-0.428659	42.238929	12.306619	0.006557	5.2
363	-0.411953	41.448297	12.462428	0.011284	3.6
364	-0.414804	42.448297	12.266009	0.010895	4.7
365	-0.438017	43.448297	12.075686	0.015068	5.4
366	-0.422619	44.448297	11.891179	0.007080	3.3
367	-0.476625	45.448297	11.712225	0.009665	3.5
368	-0.456314	46.448297	11.538577	0.008779	4.5
369	-0.443314	45.657664	11.675438	0.005905	3.5
370	-0.460437	46.657660	11.502872	0.006887	3.6
371	-0.474647	45.867075	11.638873	0.009080	3.8
372	-0.430863	45.076442	11.778137	0.010322	5.0
373	-0.418982	46.076442	11.602544	0.008636	3.0
374	-0.376727	45.285810	11.740935	0.006290	6.7
375	-0.396780	46.285810	11.566442	0.011362	4.2
376	-0.441471	45.495177	11.703968	0.005993	3.9
377	-0.425560	44.704544	11.844803	0.012142	6.0
378	-0.462937	45.699434	11.668126	0.007405	4.8
379	-0.430417	44.908802	11.808095	0.007627	3.4
380	-0.416224	45.908802	11.631615	0.005835	4.2
381	-0.416174	45.119232	11.770515	0.009165	4.4
382	-0.444776	44.328600	11.912966	0.014433	4.5
383	-0.440218	43.546352	12.057341	0.012197	4.3
384	-0.416980	44.546352	11.873390	0.009048	5.1
385	-0.426197	45.546352	11.694967	0.006443	2.7
386	-0.429600	44.755720	11.835585	0.012415	4.3
387	-0.424716	43.965087	11.979625	0.005337	5.7
388	-0.434979	43.174456	12.127214	0.012133	3.9
389	-0.438922	42.384334	12.278387	0.009774	5.5
390	-0.437861	43.384334	12.087683	0.013664	4.6
391	-0.448163	42.593701	12.237963	0.011584	3.6
392	-0.403516	43.593697	12.048504	0.009574	3.7
393	-0.464025	42.803172	12.197785	0.005435	6.0
394	-0.432111	42.012685	12.350805	0.007191	4.1
395	-0.445419	43.010661	12.158246	0.009288	4.3
396	-0.421370	44.010661	11.971227	0.009144	3.4
397	-0.434175	45.010661	11.789874	0.016564	3.5
398	-0.409881	44.220029	11.932797	0.007761	4.7
399	-0.397888	45.220029	11.752598	0.007055	3.6
400	-0.453307	46.162684	11.587646	0.007870	4.0
401	-0.452246	47.162684	11.417646	0.008017	2.9
402	-0.399050	46.372051	11.551636	0.008855	5.0
403	-0.449778	47.372051	11.382683	0.007392	4.4
404	-0.419640	48.372051	11.218601	0.006969	3.1
405	-0.405618	48.398296	11.214359	0.006555	3.6
406	-0.462220	49.398231	11.055070	0.012189	4.7
407	-0.457712	48.607598	11.180639	0.013154	4.6
408	-0.418333	47.816965	11.309092	0.007570	4.0
409	-0.437708	48.816965	11.147110	0.010744	5.5
410	-0.445105	49.816965	10.989703	0.006853	4.5
411	-0.431670	49.202947	11.085822	0.007453	4.0
412	-0.441895	50.201481	10.930354	0.006069	5.2
413	-0.437835	49.410849	11.053089	0.009045	3.5
414	-0.413770	48.620216	11.178612	0.010257	4.4
415	-0.414475	49.620216	11.020320	0.005120	3.6
416	-0.420439	50.620216	10.866449	0.006508	3.9
417	-0.448786	51.620216	10.716815	0.005471	4.1
418	-0.418420	51.017824	10.806455	0.006879	4.1
419	-0.428258	50.227223	10.926404	0.004857	4.2
420	-0.406515	49.439993	11.048516	0.009005	4.1
421	-0.441520	48.654085	11.173177	0.011262	4.6
422	-0.438645	47.863453	11.301458	0.010525	3.5
423	-0.415048	47.072820	11.432719	0.009793	3.7
424	-0.456826	48.072820	11.267202	0.010626	4.4
425	-0.455776	49.072820	11.106409	0.009711	4.6
426	-0.412164	48.289930	11.231897	0.007776	4.9
427	-0.424192	47.499298	11.361538	0.008202	4.4
428	-0.442385	48.499298	11.198061	0.011981	4.6
429	-0.423325	49.499298	11.039222	0.011703	3.9
430	-0.445950	50.499298	10.884826	0.008954	3.9
431	-0.465671	51.499298	10.734689	0.008205	5.3
432	-0.422032	50.708667	10.853045	0.005582	2.8
433	-0.436976	49.918931	10.973902	0.007536	4.2
434	-0.399794	49.128299	11.097623	0.009091	4.6
435	-0.410469	50.128299	10.941600	0.006218	4.2
436	-0.435608	51.128299	10.789904	0.010841	3.2
437	-0.434328	52.128073	10.642389	0.007049	4.7
438	-0.421453	51.337440	10.758708	0.008676	3.5
439	-0.432804	50.935021	10.818894	0.014228	3.3
440	-0.449538	51.935021	10.670558	0.008936	5.0
441	-0.440569	52.935021	10.526235	0.007980	4.3
442	-0.396638	53.935003	10.385766	0.006611	3.8
443	-0.421728	54.935003	10.248994	0.009751	4.7
444	-0.454374	55.935003	10.115778	0.007942	5.8
445	-0.430663	56.933324	9.986195	0.009374	3.2
446	-0.400116	57.933324	9.859681	0.007085	3.8
447	-0.425381	58.933324	9.736332	0.007312	4.3
448	-0.439728	59.933324	9.616031	0.010559	3.5
449	-0.446650	59.142691	9.710897	0.012518	4.8
450	-0.424183	60.142691	9.591220	0.009435	4.1
451	-0.422475	59.352059	9.685594	0.006185	4.2
452	-0.421291	60.352055	9.566536	0.009936	3.8
453	-0.425982	61.352055	9.450370	0.009587	4.4
454	-0.418963	61.000189	9.490922	0.009681	5.6
455	-0.448248	61.288114	9.457713	0.010392	3.7
456	-0.463654	62.288114	9.344159	0.011384	5.3
457	-0.417427	63.288114	9.233299	0.010673	3.1
458	-0.439006	64.288114	9.125039	0.008330	3.7
459	-0.403759	65.288114	9.019288	0.009839	4.7
460	-0.462189	64.497481	9.102694	0.007220	3.1
461	-0.427407	65.497481	8.997457	0.014531	4.8
462	-0.402974	66.497481	8.894626	0.005974	3.9
463	-0.434373	65.711822	8.975217	0.004479	5.1
464	-0.484797	66.711218	8.872952	0.007920	3.5
465	-0.456773	65.920586	8.953660	0.005738	8.1
466	-0.461115	65.136535	9.035160	0.009319	4.1
467	-0.434201	66.136535	8.931471	0.007399	5.3
468	-0.425294	67.047401	8.839073	0.008770	5.7
469	-0.423220	66.256768	8.919164	0.007497	4.0
470	-0.423181	65.466280	9.000704	0.008117	4.5
471	-0.405424	66.466280	8.897799	0.008896	5.3
472	-0.440746	67.331941	8.810600	0.010136	3.5
473	-0.418200	66.541308	8.890173	0.007851	4.2
474	-0.469576	67.541308	8.789766	0.006180	4.2
475	-0.422403	67.334332	8.810361	0.007944	4.6
476	-0.451577	68.334332	8.711739	0.009492	3.2
477	-0.454127	69.271934	8.621255	0.006606	5.7
478	-0.413834	69.961085	8.555938	0.008986	4.2
479	-0.440863	69.170526	8.630951	0.006148	3.4
480	-0.420250	70.170523	8.536283	0.007772	4.6
481	-0.453291	71.170152	8.443703	0.009097	3.4
482	-0.443533	70.379536	8.516758	0.007500	3.6
483	-0.422274	71.379536	8.424565	0.004630	4.0
484	-0.472024	70.589582	8.497226	0.014074	4.6
485	-0.364555	71.589582	8.405453	0.009148	3.5
486	-0.427284	72.589582	8.315641	0.009741	5.0
487	-0.423026	73.589582	8.227728	0.009569	4.9
488	-0.434400	73.782861	8.210951	0.005235	3.6
489	-0.436611	72.992232	8.280018	0.007014	5.1
490	-0.426384	72.244516	8.346415	0.008956	5.0
491	-0.439406	73.241865	8.258086	0.005063	3.6
492	-0.420968	72.545378	8.319571	0.009930	4.5
493	-0.449242	71.754745	8.390486	0.006748	4.4
494	-0.401194	72.754745	8.300992	0.006642	4.4
495	-0.433780	73.754745	8.213387	0.011040	4.7
496	-0.445004	74.754745	8.127612	0.006551	5.1
497	-0.473133	75.754745	8.043610	0.005176	3.8
498	-0.440692	74.964113	8.109880	0.011385	4.5
499	-0.413929	74.173480	8.177251	0.008333	4.8
