1:ItNr	2:Metric	3:StepSize	4:||Gradient||	Time[ms]
0	-0.000019	627.201626	0.000005	619.7
1	-0.271165	623.504937	0.008549	8.5
2	-0.000493	619.865785	0.000103	11.0
3	-0.000002	616.282728	0.000001	14.7
4	-0.138680	612.754375	0.002587	14.1
5	-0.303888	609.279381	0.005660	11.0
6	-1.438112	605.856447	0.026444	8.0
7	-0.000000	602.484317	0.000000	10.1
8	-0.328943	599.161779	0.010034	8.2
9	-0.000000	595.887656	0.000000	10.0
10	-0.253002	592.660813	0.003058	8.8
11	-0.287814	589.480151	0.003406	8.6
12	-0.371544	586.344606	0.009003	8.9
13	-1.774969	583.253145	0.021411	9.0
14	-0.347366	580.204771	0.005935	9.6
15	-1.731580	577.198517	0.020727	9.6
16	-1.377182	574.233444	0.041450	9.5
17	-0.117176	571.308645	0.002864	8.9
18	-0.669214	568.423237	0.025245	13.1
19	-0.071879	565.576365	0.000953	8.5
20	-0.499611	562.767201	0.011534	8.8
21	-1.433659	559.994938	0.025045	8.5
22	-0.548573	557.258797	0.007016	9.7
23	-0.000000	554.558018	0.000000	8.1
24	-0.157946	551.891865	0.002911	8.4
25	-0.014853	549.259621	0.000660	12.3
26	-1.583954	546.660592	0.017987	10.8
27	-1.447207	544.094102	0.011158	8.5
28	-0.000000	541.559494	0.000000	8.9
29	-0.000000	539.056129	0.000000	8.1
30	-1.555041	536.583387	0.013970	8.5
31	-1.551262	534.140663	0.026661	10.7
32	-1.524358	531.727370	0.026408	9.0
33	-0.000079	529.342935	0.000018	8.6
34	-0.000000	526.986802	0.000000	9.6
35	-1.098449	524.658430	0.022973	8.0
36	-0.000001	522.357290	0.000000	10.5
37	-1.284500	520.082868	0.006171	8.5
38	-1.417959	517.834665	0.028549	8.7
39	-0.000476	515.612193	0.000102	8.0
40	-0.691732	513.414976	0.027744	7.5
41	-0.000889	511.242551	0.000163	9.6
42	-0.736087	509.094468	0.009575	8.5
43	-0.017837	506.970285	0.001334	9.7
44	-0.279472	504.869574	0.008827	11.2
45	-0.000058	502.791916	0.000014	8.2
46	-0.562131	500.736903	0.011599	12.4
47	-0.000652	498.704137	0.000143	9.3
48	0.000000	496.693228	0.000000	8.9
49	-1.268923	494.703798	0.031657	8.4
50	-0.854904	492.735476	0.019294	8.7
51	-0.000000	490.787900	0.000000	9.6
52	-0.776545	488.860718	0.011728	9.9
53	-0.337999	486.953585	0.008221	9.2
54	-1.207743	485.066164	0.011221	9.2
55	-0.261794	483.198126	0.009229	8.3
56	-1.652220	481.349149	0.022564	9.7
57	-0.235046	479.518920	0.006965	9.8
58	-0.337069	477.707132	0.001762	8.0
59	-0.050574	475.913485	0.004116	9.6
60	-0.000000	474.137684	0.000000	8.2
61	-0.599472	472.379445	0.006843	10.1
62	-0.040530	470.638485	0.004298	9.3
63	-1.878401	468.914531	0.028417	9.4
64	-1.691213	467.207315	0.021081	8.6
65	-0.000000	465.516573	0.000000	8.1
66	-0.252316	463.842050	0.003375	8.2
67	-0.687228	462.183494	0.008179	8.5
68	-1.679231	460.540658	0.023966	9.6
69	-1.072359	458.913303	0.018308	9.3
70	-1.388277	457.301192	0.018707	8.9
71	-1.428668	455.704096	0.020086	9.3
72	-1.630250	454.121787	0.013341	8.8
73	-1.622128	452.554045	0.013072	11.2
74	-0.000899	451.000653	0.000147	9.0
75	-0.615723	449.461399	0.032112	8.9
76	-0.018174	447.936075	0.001339	9.0
77	-1.196883	446.424477	0.006457	9.7
78	-0.021995	444.926406	0.000786	9.8
79	-0.650494	443.441666	0.009750	10.2
80	-0.000095	441.970065	0.000018	9.9
81	-0.000000	440.511415	0.000000	11.0
82	-1.546632	439.065533	0.007396	10.3
83	-1.471544	437.632238	0.032845	8.8
84	-0.650824	436.211351	0.010942	10.8
85	-0.116960	434.802701	0.005142	9.6
86	-0.250744	433.406117	0.003320	9.3
87	-0.000000	432.021430	0.000000	9.5
88	-1.407654	430.648479	0.018929	8.1
89	-0.000000	429.287101	0.000000	8.9
90	-0.948857	427.937140	0.018617	9.7
91	-0.000000	426.598440	0.000000	8.2
92	-1.785489	425.270849	0.026343	9.4
93	-0.257029	423.954220	0.007690	9.0
94	-0.849108	422.648404	0.012943	8.8
95	-1.128219	421.353259	0.012924	9.3
96	-0.200762	420.068643	0.002774	7.8
97	-1.471664	418.794419	0.014009	10.0
98	-1.774405	417.530451	0.003423	9.1
99	-0.000000	416.276604	0.000000	14.6
100	-1.312014	415.032748	0.013499	14.8
101	-0.000000	413.798754	0.000000	14.0
102	-1.356794	412.574495	0.010130	13.5
103	-0.012783	411.359849	0.001274	9.8
104	-0.357065	410.154691	0.006911	8.0
105	-1.837782	408.958904	0.025446	9.5
106	-0.994798	407.772368	0.007379	8.3
107	-1.104442	406.594968	0.013452	9.3
108	-1.207755	405.426590	0.017143	7.7
109	-0.769006	404.267122	0.010957	7.8
110	-1.540773	403.116456	0.013049	9.0
111	-0.000396	401.974481	0.000087	19.6
112	-1.005666	400.841093	0.004178	14.1
113	-0.522030	399.716187	0.006234	9.2
114	-0.967373	398.599660	0.015270	8.2
115	-0.000000	397.491411	0.000000	11.1
116	-0.000000	396.391342	0.000000	7.8
117	-1.572982	395.299353	0.012843	10.2
118	-0.026558	394.215350	0.000701	9.7
119	-0.000000	393.139238	0.000000	8.3
120	-0.006909	392.070924	0.000514	9.0
121	-0.450627	391.010316	0.005405	8.7
122	-1.869137	389.957325	0.014850	9.4
123	-0.318082	388.911862	0.003096	9.8
124	-0.000000	387.873839	0.000000	7.7
125	-1.588515	386.843173	0.010900	9.0
126	-1.050597	385.819777	0.007468	8.3
127	-0.000000	384.803569	0.000000	8.8
128	-1.365254	383.794468	0.008224	9.0
129	-0.000000	382.792393	0.000000	6.9
130	-0.076802	381.797264	0.003038	9.0
131	-0.073470	380.809005	0.001227	7.7
132	-0.000194	379.827537	0.000047	9.8
133	-1.601972	378.852786	0.011312	7.7
134	-0.319201	377.884678	0.004057	10.9
135	-0.004850	376.923138	0.000788	8.5
136	-1.634063	375.968095	0.030267	9.0
137	-0.000512	375.019479	0.000104	9.6
138	-1.723964	374.077218	0.011504	9.0
139	-1.454758	373.141244	0.017905	10.6
140	-0.000611	372.211489	0.000098	9.4
141	-0.005313	371.287887	0.000259	7.9
142	-0.401161	370.370370	0.003194	9.7
143	-0.674335	369.458876	0.003524	8.5
144	-1.523556	368.553338	0.027391	8.9
145	-0.000000	367.653696	0.000000	9.1
146	-0.876906	366.759885	0.009199	10.2
147	-0.047781	365.871846	0.001581	8.5
148	-0.018135	364.989518	0.000981	9.3
149	-0.000001	364.112841	0.000000	8.9
150	-0.009482	363.241757	0.001289	10.1
151	-1.482149	362.376208	0.016953	8.8
152	-0.846727	361.516137	0.008330	9.0
153	-0.000000	360.661488	0.000000	7.6
154	-1.292199	359.812206	0.024186	9.1
155	-0.324813	358.968236	0.004341	9.1
156	-1.898235	358.129524	0.019527	7.8
157	-1.543190	357.296018	0.020368	9.6
158	-0.014174	356.467665	0.000854	8.2
159	-1.359424	355.644414	0.042702	8.5
160	-1.498461	354.826213	0.020661	8.7
161	-1.408789	354.013012	0.022656	8.6
162	-0.000000	353.204763	0.000000	8.0
163	-0.000000	352.401415	0.000000	9.2
164	-1.203342	351.602922	0.008892	8.6
165	-0.477813	350.809235	0.008290	9.0
166	-0.245814	350.020308	0.004495	8.6
167	-0.426394	349.236095	0.005175	8.0
168	-0.000067	348.456550	0.000016	8.6
169	-0.051779	347.681627	0.004174	9.3
170	-1.883791	346.911283	0.023573	9.2
171	-0.010677	346.145474	0.001075	8.7
172	-0.000000	345.384157	0.000000	7.9
173	-1.486413	344.627288	0.024567	8.6
174	-1.775779	343.874826	0.033309	9.3
175	-0.038828	343.126729	0.000884	8.4
176	-0.000000	342.382957	0.000000	8.9
177	-0.932387	341.643469	0.013697	8.2
178	-0.412008	340.908224	0.008347	9.4
179	-1.049048	340.177184	0.011916	9.4
180	-1.048768	339.450309	0.038087	8.0
181	-1.710138	338.727561	0.014836	9.1
182	-0.002768	338.008902	0.000247	8.2
183	-0.000000	337.294295	0.000000	8.7
184	-0.142937	336.583703	0.008195	9.6
185	-0.789097	335.877089	0.008265	7.4
186	-0.020937	335.174416	0.001895	8.1
187	-1.682067	334.475651	0.019913	8.5
188	0.000000	333.780756	0.000000	10.3
189	-0.011417	333.089698	0.001773	9.4
190	-1.091121	332.402443	0.012498	8.4
191	-0.160461	331.718955	0.003950	8.2
192	-0.060059	331.039203	0.005748	8.4
193	-1.276679	330.363153	0.032418	10.2
194	-0.133836	329.690771	0.005707	11.8
195	-1.263610	329.022027	0.015569	7.0
196	-0.146902	328.356888	0.002667	12.4
197	-0.000058	327.695322	0.000013	14.9
198	-0.000000	327.037299	0.000000	15.1
199	-0.411416	326.382787	0.005727	10.8
200	-0.031228	325.731758	0.002157	8.6
201	-0.202670	325.084179	0.005203	9.6
202	-1.665011	324.440023	0.027106	11.8
203	-0.000025	323.799258	0.000006	8.9
204	-1.663190	323.161858	0.029674	10.3
205	-1.690999	322.527792	0.035699	9.1
206	-0.000000	321.897034	0.000000	12.2
207	-0.000000	321.269554	0.000000	11.7
208	-0.000000	320.645325	0.000000	12.1
209	-0.000143	320.024320	0.000035	10.0
210	-0.413193	319.406512	0.007697	10.9
211	-1.644869	318.791875	0.008604	14.4
212	-0.002505	318.180381	0.000477	12.3
213	-0.000313	317.572005	0.000069	10.1
214	-0.014534	316.966721	0.000789	8.2
215	-1.700417	316.364504	0.008205	14.4
216	-0.636683	315.765329	0.013606	15.8
217	-0.000000	315.169170	0.000000	14.5
218	-0.000006	314.576003	0.000002	12.5
219	-1.172232	313.985804	0.008735	11.2
220	-1.376600	313.398548	0.012729	7.9
221	-0.276418	312.814213	0.005637	11.6
222	-1.024329	312.232773	0.018178	13.3
223	-0.005449	311.654207	0.000581	11.7
224	-0.042195	311.078491	0.001293	9.4
225	-0.000000	310.505602	0.000000	13.6
226	-0.001757	309.935518	0.000277	15.4
227	-1.513506	309.368217	0.013436	12.8
228	-1.156098	308.803676	0.027313	13.1
229	-1.976149	308.241874	0.007970	10.9
230	-1.572047	307.682789	0.026526	9.6
231	-1.832643	307.126400	0.031560	11.3
232	-1.542635	306.572687	0.031047	15.5
233	-1.774259	306.021627	0.015507	13.9
234	-0.192609	305.473201	0.005253	12.1
235	-0.955794	304.927388	0.012078	9.7
236	-0.916990	304.384168	0.020404	14.2
237	-0.000000	303.843521	0.000000	9.5
238	-0.028481	303.305427	0.002105	9.5
239	-0.000438	302.769867	0.000081	8.3
240	-1.699420	302.236821	0.017932	10.8
241	-0.506829	301.706270	0.003027	11.7
242	-0.108548	301.178196	0.001529	8.2
243	-1.702096	300.652580	0.020330	7.4
244	-1.418532	300.129402	0.009841	9.2
245	-0.373828	299.608645	0.007278	8.2
246	-0.000036	299.090291	0.000008	8.5
247	-0.623326	298.574321	0.009883	8.5
248	-1.345334	298.060718	0.031268	10.8
249	-1.341011	297.549465	0.017415	10.6
250	-0.506506	297.040543	0.009752	9.6
251	-0.018364	296.533936	0.000896	9.6
252	-0.608525	296.029626	0.009538	9.1
253	-0.697396	295.527597	0.011687	9.0
254	-0.000000	295.027832	0.000000	10.0
255	-0.409781	294.530315	0.007066	9.5
256	-0.388073	294.035028	0.004783	10.9
257	-0.080557	293.541956	0.003031	15.3
258	-0.236162	293.051083	0.002949	11.1
259	-0.973527	292.562393	0.010011	9.1
260	-0.000000	292.075870	0.000000	8.5
261	-0.355489	291.591498	0.007431	11.6
262	-1.423947	291.109263	0.023037	9.3
263	-1.441464	290.629149	0.020098	7.9
264	-0.566777	290.151140	0.007643	11.9
265	-1.621912	289.675222	0.029120	12.8
266	-1.026996	289.201380	0.008734	8.5
267	-0.280353	288.729600	0.003848	9.0
268	-0.000000	288.259866	0.000000	8.7
269	-0.623417	287.792165	0.006327	9.7
270	-1.719887	287.326481	0.018192	9.1
271	-0.879608	286.862802	0.027883	8.3
272	-0.000000	286.401113	0.000000	9.4
273	-0.917914	285.941400	0.019395	9.2
274	-1.021085	285.483649	0.008727	9.8
275	-0.000000	285.027847	0.000000	9.7
276	-0.000000	284.573981	0.000000	8.1
277	-0.183408	284.122037	0.008161	9.1
278	-1.126591	283.672002	0.013018	8.9
279	-0.004986	283.223863	0.000250	9.6
280	-1.953898	282.777607	0.015532	10.4
281	-0.005239	282.333221	0.000598	13.0
282	-0.000000	281.890692	0.000000	13.3
283	-1.411042	281.450008	0.018791	9.0
284	-1.129847	281.011157	0.009239	8.8
285	-0.259884	280.574125	0.004686	8.5
286	-1.039108	280.138901	0.028896	10.5
287	-0.000000	279.705473	0.000000	8.8
288	-1.175091	279.273829	0.027601	8.8
289	-0.835340	278.843956	0.026730	9.3
290	-0.000000	278.415844	0.000000	8.9
291	-1.641295	277.989479	0.020470	9.8
292	-1.243896	277.564851	0.010502	8.4
293	-1.775836	277.141949	0.009797	9.9
294	-0.229460	276.720761	0.007652	9.2
295	-0.412013	276.301275	0.006685	9.7
296	-1.858366	275.883480	0.014055	14.6
297	-0.271597	275.467366	0.007011	9.3
298	-1.631097	275.052922	0.007724	12.0
299	-0.832790	274.640136	0.006670	7.9
300	-1.638504	274.228998	0.010767	9.6
301	-0.091775	273.819497	0.002975	10.7
302	-0.036569	273.411623	0.003398	10.3
303	-0.670736	273.005365	0.012714	10.2
304	-0.000051	272.600712	0.000012	10.4
305	-1.642197	272.197655	0.025484	8.2
306	-0.242833	271.796184	0.007961	9.6
307	-0.787322	271.396287	0.008458	7.2
308	-0.000864	270.997956	0.000096	9.6
309	-0.000169	270.601180	0.000038	8.6
310	-0.000000	270.205949	0.000000	7.2
311	-0.607867	269.812254	0.009511	9.8
312	-1.710114	269.420085	0.016769	8.2
313	-0.000440	269.029432	0.000087	7.7
314	-1.040160	268.640287	0.007463	9.2
315	-1.730915	268.252638	0.007716	8.9
316	-1.407417	267.866478	0.042372	8.2
317	-1.845340	267.481796	0.027103	10.4
318	-1.226052	267.098584	0.016163	9.4
319	-1.862378	266.716833	0.018222	8.2
320	-0.017905	266.336533	0.001198	9.3
321	-0.444963	265.957676	0.007938	8.2
322	-0.000000	265.580253	0.000000	7.8
323	-0.152022	265.204254	0.003710	10.6
324	-0.001076	264.829672	0.000199	16.0
325	-0.691575	264.456497	0.008292	12.9
326	-0.180784	264.084721	0.003025	16.4
327	-1.161963	263.714335	0.012412	9.6
328	-0.008425	263.345332	0.000630	12.6
329	-1.102670	262.977702	0.018181	13.4
330	-0.340791	262.611438	0.005449	11.3
331	-0.012608	262.246531	0.000572	10.7
332	-1.502564	261.882973	0.010955	14.6
333	-0.012076	261.520756	0.000514	14.6
334	-0.000000	261.159871	0.000000	15.6
335	-1.260372	260.800312	0.007839	13.0
336	-0.926333	260.442070	0.025124	18.7
337	-0.848829	260.085137	0.022566	15.6
338	-1.557518	259.729505	0.027959	38.8
339	-1.527450	259.375167	0.018420	15.2
340	-0.000794	259.022116	0.000171	22.1
341	-1.807477	258.670343	0.015968	18.4
342	-0.000000	258.319841	0.000000	17.5
343	-1.762477	257.970602	0.019452	15.3
344	-0.000000	257.622620	0.000000	12.1
345	-1.768793	257.275887	0.024364	10.0
346	-1.590337	256.930396	0.013810	8.1
347	-1.244389	256.586139	0.013912	10.1
348	-0.006891	256.243109	0.000863	9.4
349	-1.362049	255.901300	0.017136	8.3
350	-1.922807	255.560703	0.023583	10.7
351	-1.169740	255.221313	0.030916	8.6
352	-0.000121	254.883122	0.000028	9.9
353	-0.100614	254.546124	0.004486	13.2
354	-0.965694	254.210311	0.005509	12.5
355	-0.000000	253.875677	0.000000	11.5
356	-0.000003	253.542215	0.000001	9.4
357	-1.167926	253.209918	0.033129	8.8
358	-0.893447	252.878781	0.018379	11.4
359	-0.000000	252.548795	0.000000	10.5
360	-1.169454	252.219956	0.011983	9.4
361	-1.255402	251.892255	0.009457	11.9
362	-0.000000	251.565688	0.000000	15.4
363	-1.163883	251.240247	0.010869	13.0
364	-0.000059	250.915926	0.000014	11.5
365	-0.000000	250.592720	0.000000	7.8
366	-0.000000	250.270621	0.000000	11.2
367	-1.156577	249.949624	0.006388	11.9
368	-0.000000	249.629723	0.000000	8.9
369	-1.224516	249.310911	0.010272	11.1
370	-0.422283	248.993182	0.006873	12.0
371	-0.703659	248.676531	0.026574	10.6
372	-0.004446	248.360952	0.000500	9.9
373	-0.000016	248.046438	0.000004	9.4
374	-1.437283	247.732984	0.013207	9.7
375	-1.697231	247.420584	0.018341	8.5
376	-0.411075	247.109233	0.012397	9.6
377	-0.000000	246.798924	0.000000	9.6
378	-1.789827	246.489652	0.012043	9.1
379	-0.008794	246.181412	0.000335	8.8
380	-0.844339	245.874197	0.023509	8.2
381	-1.893766	245.568002	0.027094	9.1
382	-1.533267	245.262822	0.017541	8.7
383	-0.355743	244.958652	0.005422	9.0
384	-1.173720	244.655485	0.008387	10.7
385	-0.899148	244.353317	0.007009	8.4
386	-0.053788	244.052142	0.003168	10.0
387	-0.034708	243.751955	0.001770	8.8
388	-0.416391	243.452750	0.005695	10.1
389	-0.001369	243.154523	0.000124	9.5
390	-0.684114	242.857268	0.009287	8.8
391	-0.650690	242.560980	0.005673	8.4
392	-1.811418	242.265654	0.014114	9.7
393	-0.000000	241.971285	0.000000	8.6
394	-1.412116	241.677868	0.013762	9.9
395	-0.073448	241.385397	0.002587	9.4
396	-0.853658	241.093869	0.008633	8.3
397	-0.000000	240.803278	0.000000	10.0
398	-1.577881	240.513619	0.037897	9.2
399	-0.000000	240.224887	0.000000	9.1
400	-0.699224	239.937077	0.007719	9.7
401	-0.639875	239.650186	0.008655	9.4
402	-0.000235	239.364207	0.000044	8.9
403	-0.011011	239.079136	0.000671	6.9
404	-0.990886	238.794969	0.013793	9.3
405	-1.282938	238.511701	0.019767	9.9
406	-0.654020	238.229327	0.014684	11.5
407	-0.000000	237.947843	0.000000	9.2
408	-0.036550	237.667244	0.001322	10.2
409	-1.652672	237.387526	0.029220	8.3
410	-1.720145	237.108684	0.012138	9.3
411	-0.000000	236.830714	0.000000	9.2
412	-0.254035	236.553610	0.006611	8.0
413	-1.447863	236.277370	0.013755	9.3
414	-1.018154	236.001989	0.011513	8.7
415	-0.324087	235.727461	0.007802	19.2
416	-0.736007	235.453784	0.006536	9.2
417	-0.738655	235.180952	0.011353	8.6
418	-1.125816	234.908962	0.010239	8.5
419	-1.383652	234.637809	0.026504	11.6
420	-1.663467	234.367488	0.008956	9.9
421	-0.934277	234.097997	0.020119	9.6
422	-0.554191	233.829331	0.006076	10.0
423	-0.214457	233.561485	0.004017	10.5
424	-0.000000	233.294456	0.000000	8.8
425	-0.800690	233.028239	0.008513	11.2
426	-1.235907	232.762831	0.037377	9.2
427	-0.000000	232.498228	0.000000	9.7
428	-1.122465	232.234425	0.021723	10.4
429	-1.283521	231.971419	0.029011	10.1
430	-0.260281	231.709205	0.008584	9.4
431	-1.054734	231.447781	0.013902	10.7
432	-1.701494	231.187141	0.011904	9.0
433	-0.403138	230.927283	0.005562	10.0
434	-0.028968	230.668202	0.002434	9.6
435	-0.000000	230.409895	0.000000	9.9
436	-0.272098	230.152358	0.005455	10.8
437	-1.642990	229.895587	0.031201	11.5
438	-1.779000	229.639578	0.017963	9.4
439	-0.016746	229.384329	0.001274	10.3
440	-0.000053	229.129834	0.000012	10.8
441	-1.734256	228.876091	0.015686	10.0
442	-0.000000	228.623096	0.000000	9.9
443	-1.437325	228.370846	0.017951	10.7
444	-0.143972	228.119336	0.005438	8.4
445	-0.000000	227.868563	0.000000	9.4
446	-1.510428	227.618525	0.012278	9.4
447	-0.108602	227.369216	0.002765	8.4
448	-1.052305	227.120635	0.014289	9.6
449	-0.971510	226.872777	0.009623	8.3
450	-0.010275	226.625638	0.000961	9.4
451	-0.912516	226.379217	0.006575	9.3
452	-1.471501	226.133509	0.011694	9.9
453	0.000000	225.888510	0.000000	9.7
454	-0.202172	225.644218	0.003897	9.9
455	-0.000000	225.400630	0.000000	14.7
456	-0.748860	225.157741	0.012261	11.7
457	-1.392449	224.915549	0.007346	10.2
458	-0.003414	224.674051	0.000456	10.2
459	-1.115945	224.433242	0.025941	10.7
460	-0.226941	224.193121	0.004007	9.7
461	-0.000000	223.953684	0.000000	9.2
462	-0.295841	223.714927	0.005412	9.7
463	-0.661763	223.476848	0.018371	10.5
464	-0.822429	223.239444	0.008597	8.5
465	-0.633000	223.002710	0.029850	12.3
466	-1.751911	222.766645	0.032068	8.8
467	-1.177699	222.531245	0.008403	9.3
468	-1.209901	222.296508	0.010659	8.2
469	-0.458525	222.062429	0.008204	17.2
470	-0.868437	221.829007	0.007638	9.0
471	-1.870367	221.596238	0.023272	9.1
472	-0.130450	221.364119	0.005058	9.9
473	-0.855668	221.132647	0.012140	9.2
474	-1.792197	220.901820	0.026297	8.2
475	-0.000000	220.671634	0.000000	8.3
476	-1.696165	220.442086	0.009083	8.3
477	-0.166303	220.213174	0.004822	9.9
478	-0.381996	219.984895	0.008947	10.5
479	-1.626814	219.757246	0.013805	10.4
480	-1.126450	219.530224	0.039364	9.3
481	-0.623011	219.303826	0.012152	8.5
482	-0.027027	219.078050	0.002191	8.9
483	-0.040148	218.852893	0.002609	7.8
484	-1.591092	218.628352	0.024131	8.6
485	-0.423853	218.404424	0.009986	8.4
486	-0.035124	218.181106	0.001129	9.7
487	-0.035493	217.958397	0.001553	33.7
488	-0.101524	217.736292	0.002676	17.0
489	-1.617854	217.514790	0.035732	17.1
490	-1.170659	217.293888	0.013564	19.7
491	-1.193700	217.073584	0.015418	15.5
492	-0.424390	216.853873	0.004869	17.2
493	-0.025751	216.634755	0.000971	8.8
494	-1.749401	216.416227	0.010984	9.3
495	-1.087058	216.198285	0.009547	8.1
496	-0.000339	215.980927	0.000062	8.1
497	-0.000000	215.764151	0.000000	9.3
498	-0.000120	215.547955	0.000028	7.7
499	-0.513380	215.332335	0.005358	8.8
500	-0.983110	215.117289	0.015478	8.0
501	-0.003464	214.902815	0.000200	9.9
502	-0.133868	214.688911	0.003468	9.2
503	-0.264202	214.475573	0.005788	8.7
504	-0.761946	214.262800	0.006399	10.2
505	-1.779853	214.050588	0.021391	8.6
506	-1.190655	213.838936	0.026901	10.8
507	-0.498049	213.627842	0.006239	9.5
508	-0.000000	213.417302	0.000000	7.6
509	-0.148040	213.207314	0.003889	9.5
510	-1.792365	212.997877	0.028492	7.3
511	-1.558485	212.788987	0.034568	8.6
512	-0.000000	212.580642	0.000000	7.8
513	-1.589083	212.372841	0.013879	10.4
514	-0.000006	212.165581	0.000002	9.8
515	-0.002145	211.958859	0.000324	8.8
516	-1.421566	211.752673	0.027302	9.1
517	-1.945652	211.547021	0.019290	9.1
518	-0.000000	211.341902	0.000000	8.8
519	-0.073496	211.137311	0.004766	9.3
520	-0.259905	210.933248	0.007000	7.9
521	-0.748275	210.729710	0.009488	9.4
522	-0.000000	210.526695	0.000000	8.4
523	-1.502119	210.324200	0.027940	9.3
524	-1.732364	210.122224	0.012461	8.2
525	-1.936114	209.920765	0.019989	8.9
526	-1.515783	209.719820	0.021196	9.8
527	-0.133020	209.519387	0.005786	8.0
528	-0.000000	209.319463	0.000000	8.7
529	-1.687447	209.120048	0.025574	8.8
530	-1.316980	208.921139	0.017698	9.5
531	-0.130859	208.722733	0.004840	9.2
532	-0.010468	208.524829	0.000986	8.2
533	-0.060163	208.327425	0.003156	10.0
534	-1.760730	208.130518	0.020421	8.5
535	-0.006482	207.934107	0.000939	8.5
536	-0.160813	207.738189	0.003362	8.5
537	-0.000000	207.542762	0.000000	7.1
538	-0.961283	207.347825	0.012296	9.3
539	-0.000000	207.153376	0.000000	8.0
540	-0.039233	206.959412	0.002115	9.1
541	-1.382141	206.765932	0.009699	8.1
542	-0.159788	206.572933	0.004792	9.1
543	-0.050382	206.380414	0.002146	13.1
544	-0.000000	206.188373	0.000000	8.2
545	-1.796296	205.996807	0.018247	8.7
546	-0.012872	205.805716	0.001256	7.9
547	-0.000000	205.615096	0.000000	11.5
548	-1.464756	205.424946	0.016748	10.6
549	-1.487629	205.235265	0.028057	7.6
550	-1.088362	205.046050	0.010638	8.9
551	-1.830702	204.857299	0.013920	7.6
552	-0.855642	204.669011	0.016975	8.0
553	-1.837980	204.481184	0.013061	8.9
554	-1.918925	204.293816	0.026380	7.6
555	-0.023441	204.106905	0.002783	10.1
556	-0.216871	203.920449	0.004678	7.8
557	-0.998858	203.734447	0.021344	8.6
558	-0.000000	203.548896	0.000000	9.3
559	-0.000003	203.363795	0.000001	10.1
560	-0.283799	203.179143	0.004988	10.1
561	-0.423104	202.994937	0.007020	8.8
562	-1.237509	202.811176	0.013064	9.0
563	-1.570839	202.627857	0.012672	8.3
564	-1.514094	202.444980	0.021184	8.8
565	-1.819761	202.262543	0.022181	8.2
566	-0.000000	202.080543	0.000000	7.8
567	-1.807319	201.898979	0.012582	10.7
568	-0.693037	201.717849	0.011061	10.7
569	-1.794877	201.537153	0.039349	8.5
570	-1.548937	201.356887	0.007298	9.3
571	-0.000053	201.177050	0.000013	8.6
572	-0.021948	200.997642	0.002111	9.3
573	-0.014066	200.818659	0.001060	11.1
574	-0.000012	200.640100	0.000003	11.1
575	-0.000000	200.461965	0.000000	9.4
576	-0.088259	200.284250	0.002513	13.2
577	-1.100218	200.106955	0.024397	7.9
578	-0.294922	199.930078	0.005611	9.8
579	-0.457845	199.753617	0.009178	10.2
580	-0.609705	199.577571	0.006752	8.4
581	-0.000000	199.401938	0.000000	8.6
582	-1.072227	199.226717	0.014821	9.2
583	-0.071799	199.051905	0.004838	11.2
584	-0.000361	198.877502	0.000085	11.7
585	-0.272393	198.703506	0.004564	7.8
586	-0.000233	198.529916	0.000050	8.6
587	-1.467027	198.356729	0.047603	21.5
588	-0.000002	198.183944	0.000000	16.5
589	-0.104243	198.011560	0.003284	8.3
590	-0.446568	197.839576	0.008083	9.9
591	-1.905537	197.667989	0.017687	16.7
592	-0.009919	197.496798	0.001142	9.6
593	-0.027923	197.326002	0.002306	11.5
594	-0.000425	197.155600	0.000086	11.9
595	-0.153204	196.985589	0.004634	8.7
596	-0.000000	196.815969	0.000000	11.7
597	-0.740727	196.646738	0.009965	14.2
598	-1.486982	196.477894	0.020761	10.4
599	-0.367148	196.309436	0.007907	8.7
600	-0.320476	196.141363	0.004623	12.3
601	-1.073415	195.973673	0.009251	11.9
602	-0.000684	195.806365	0.000121	8.1
603	-1.723245	195.639437	0.021928	10.7
604	-1.920776	195.472888	0.008845	8.6
605	-1.104570	195.306717	0.009385	9.0
606	-1.715298	195.140922	0.038709	9.1
607	-0.000000	194.975501	0.000000	9.9
608	-1.511158	194.810454	0.013786	11.5
609	-0.791311	194.645779	0.007276	13.0
610	-0.108374	194.481475	0.004688	12.8
611	-1.126240	194.317540	0.011700	10.4
612	-0.000000	194.153973	0.000000	11.4
613	-0.000007	193.990773	0.000002	18.8
614	-0.641635	193.827938	0.012683	14.5
615	-0.877554	193.665467	0.029436	15.2
616	-0.800961	193.503358	0.010151	11.6
617	-0.006033	193.341611	0.000701	11.3
618	-0.111750	193.180224	0.005186	12.9
619	-0.078916	193.019196	0.003062	9.8
620	-0.000588	192.858525	0.000135	9.6
621	-1.266848	192.698210	0.027322	11.3
622	-1.814807	192.538251	0.027755	9.6
623	-1.774100	192.378644	0.020881	9.5
624	-0.000439	192.219391	0.000083	9.6
625	-0.538983	192.060488	0.008230	9.2
626	-1.496723	191.901935	0.018266	9.8
627	-0.091274	191.743730	0.002170	8.6
628	-1.835994	191.585873	0.012538	10.6
629	-0.728758	191.428362	0.009493	11.2
630	-1.497213	191.271196	0.009191	10.6
631	-1.569481	191.114374	0.018134	8.4
632	-1.851409	190.957893	0.016171	9.3
633	-0.003733	190.801755	0.000452	8.3
634	-1.896245	190.645956	0.015700	9.0
635	-0.082408	190.490495	0.002125	10.4
636	-1.409999	190.335373	0.010796	10.0
637	-1.666865	190.180587	0.025923	10.0
638	-0.000000	190.026136	0.000000	7.7
639	-1.579247	189.872019	0.015649	9.3
640	-0.112318	189.718235	0.004190	9.6
641	-1.715172	189.564782	0.016341	12.3
642	-0.000000	189.411661	0.000000	9.7
643	-1.776112	189.258868	0.023982	11.4
644	-0.039052	189.106404	0.000941	11.2
645	-1.432064	188.954267	0.012685	10.0
646	-0.082016	188.802456	0.002692	10.3
647	-0.114292	188.650969	0.001868	11.5
648	-0.687027	188.499807	0.008867	9.8
649	-0.000000	188.348967	0.000000	11.0
650	-1.625990	188.198448	0.018409	10.8
651	-1.733863	188.048250	0.018051	10.6
652	-0.520928	187.898371	0.006086	9.5
653	-0.000025	187.748810	0.000006	8.6
654	-0.972853	187.599566	0.037973	9.8
655	-1.223578	187.450638	0.008382	9.4
656	-0.818017	187.302025	0.019594	10.9
657	-1.864168	187.153725	0.015348	17.9
658	-0.550892	187.005739	0.007454	7.5
659	-0.896576	186.858064	0.007156	10.7
660	-1.874893	186.710699	0.012165	8.3
661	-0.000000	186.563645	0.000000	13.5
662	-0.000007	186.416898	0.000002	8.7
663	-1.835576	186.270459	0.028491	8.7
664	-1.771062	186.124326	0.012178	8.3
665	-0.378048	185.978499	0.006549	9.1
666	-1.195172	185.832976	0.023118	9.9
667	-1.557147	185.687756	0.011990	8.8
668	-1.460591	185.542838	0.010396	9.3
669	-0.023780	185.398222	0.001092	8.6
670	-0.278948	185.253906	0.006186	8.9
671	-0.000000	185.109889	0.000000	8.9
672	-0.618442	184.966170	0.004922	8.6
673	-0.019226	184.822748	0.001180	10.4
674	-0.714751	184.679623	0.012942	7.9
675	-0.000000	184.536792	0.000000	8.4
676	-0.000000	184.394256	0.000000	8.2
677	-1.452893	184.252013	0.027313	7.2
678	-0.000338	184.110062	0.000063	8.5
679	-0.283898	183.968403	0.007084	8.0
680	-0.005687	183.827034	0.000944	8.6
681	-0.140623	183.685954	0.004822	8.7
682	-1.612604	183.545163	0.010972	8.2
683	-0.421694	183.404658	0.005750	8.2
684	-1.246311	183.264441	0.011391	8.3
685	-0.837840	183.124509	0.008405	9.5
686	-0.044558	182.984861	0.002429	8.1
687	-0.000580	182.845497	0.000102	8.4
688	-1.019308	182.706416	0.017533	8.8
689	-0.000000	182.567616	0.000000	7.7
690	-0.952354	182.429098	0.008109	9.8
691	-0.001519	182.290859	0.000286	8.8
692	-0.000014	182.152899	0.000003	8.4
693	-0.001406	182.015217	0.000302	8.6
694	-0.000000	181.877813	0.000000	8.9
695	-0.000389	181.740684	0.000072	8.4
696	-0.611050	181.603832	0.009277	9.1
697	-1.554985	181.467253	0.023338	9.4
698	-0.190894	181.330948	0.004818	8.0
699	-0.653454	181.194916	0.004706	8.7
700	-0.010507	181.059155	0.000851	9.1
701	-0.000000	180.923666	0.000000	7.8
702	-0.090438	180.788446	0.003576	8.3
703	-1.107875	180.653496	0.011195	8.4
704	-0.152390	180.518814	0.003905	8.4
705	-1.802164	180.384399	0.008385	8.4
706	-1.675383	180.250251	0.014209	7.7
707	-0.008001	180.116369	0.000656	7.3
708	-1.240275	179.982752	0.028260	7.2
709	-1.764695	179.849398	0.032907	8.8
710	-1.953322	179.716308	0.021915	6.8
711	-0.548440	179.583480	0.009213	12.0
712	-0.702495	179.450913	0.014506	8.5
713	-0.775044	179.318607	0.011787	7.6
714	-0.000002	179.186561	0.000001	8.8
715	-1.189289	179.054774	0.015355	7.6
716	-0.000000	178.923245	0.000000	9.6
717	-0.000321	178.791973	0.000063	8.2
718	-0.113290	178.660958	0.004729	8.4
719	-1.668458	178.530199	0.012867	8.2
720	-0.000786	178.399694	0.000149	8.8
721	-1.530452	178.269444	0.014522	9.0
722	-0.000000	178.139447	0.000000	8.4
723	-0.539354	178.009702	0.008791	9.4
724	-1.291596	177.880209	0.010594	7.7
725	-1.570279	177.750967	0.012165	8.5
726	-0.005789	177.621975	0.000605	8.3
727	-0.000000	177.493232	0.000000	8.0
728	-0.000454	177.364738	0.000068	7.5
729	-1.146350	177.236492	0.009044	8.2
730	-0.008122	177.108492	0.000933	8.9
731	-0.030839	176.980739	0.002520	8.6
732	-1.667633	176.853231	0.022032	10.0
733	-0.616121	176.725968	0.007919	7.6
734	-1.584518	176.598949	0.018642	8.8
735	-0.000000	176.472173	0.000000	10.5
736	-0.092672	176.345639	0.002372	10.2
737	-0.883319	176.219348	0.018674	9.3
738	-1.106946	176.093296	0.008800	8.3
739	-1.307702	175.967486	0.007417	8.9
740	-1.385932	175.841914	0.006651	9.0
741	-1.782492	175.716581	0.022209	8.3
742	-0.449178	175.591486	0.006626	9.3
743	-0.411273	175.466629	0.005894	9.1
744	-0.045586	175.342008	0.002615	8.4
745	-0.141735	175.217622	0.002509	8.3
746	-1.856287	175.093472	0.016542	8.6
747	-1.685955	174.969556	0.041899	9.2
748	-0.070780	174.845873	0.001353	9.9
749	-1.313056	174.722423	0.019415	9.4
750	-1.391074	174.599206	0.015445	9.0
751	-0.891273	174.476220	0.009540	8.1
752	-1.451373	174.353464	0.008407	8.2
753	-0.250692	174.230939	0.006042	6.9
754	-0.000000	174.108643	0.000000	9.2
755	-1.812938	173.986576	0.018169	9.0
756	-0.000069	173.864737	0.000016	8.9
757	-0.786653	173.743124	0.007751	8.4
758	-1.911152	173.621739	0.012161	7.9
759	-0.000001	173.500579	0.000000	8.7
760	-1.619419	173.379645	0.022902	7.2
761	-0.198042	173.258935	0.004335	7.7
762	-0.000000	173.138449	0.000000	6.9
763	-0.151562	173.018186	0.004107	10.4
764	-0.445801	172.898146	0.006352	9.5
765	-1.880904	172.778327	0.013342	9.8
766	-0.048871	172.658730	0.002662	9.1
767	-0.842418	172.539353	0.006672	7.2
768	-0.000000	172.420196	0.000000	8.8
769	-0.802529	172.301258	0.026259	6.8
770	-1.721566	172.182539	0.036174	9.3
771	-0.000000	172.064037	0.000000	8.2
772	-0.313792	171.945753	0.003764	9.2
773	-1.778521	171.827686	0.014542	8.1
774	-0.041005	171.709834	0.003032	9.0
775	-0.000000	171.592198	0.000000	8.5
776	-1.446501	171.474776	0.014639	7.8
777	-0.000057	171.357568	0.000015	8.6
778	-0.365983	171.240574	0.006347	8.0
779	-0.000000	171.123793	0.000000	8.1
780	-0.987704	171.007223	0.031491	19.6
781	-0.550231	170.890865	0.009290	8.4
782	-0.000724	170.774718	0.000142	12.4
783	-0.139046	170.658782	0.006020	7.4
784	-0.000000	170.543055	0.000000	9.0
785	-0.914272	170.427537	0.012755	9.6
786	-0.921958	170.312227	0.009318	7.9
787	-0.129902	170.197125	0.004799	8.9
788	-1.118148	170.082231	0.015148	9.8
789	-1.236007	169.967543	0.011722	8.6
790	-1.527491	169.853061	0.013355	8.7
791	-1.710175	169.738784	0.010726	8.2
792	-1.891496	169.624713	0.020834	9.8
793	-0.558210	169.510845	0.007945	9.2
794	-0.012365	169.397181	0.001204	7.7
795	-1.904516	169.283720	0.024433	9.6
796	-0.777969	169.170462	0.008320	8.2
797	-0.002239	169.057405	0.000294	10.9
798	-1.778518	168.944549	0.007065	8.7
799	-0.074183	168.831895	0.001962	6.9
800	-1.343382	168.719440	0.011067	8.8
801	-0.678436	168.607185	0.010400	8.3
802	-0.126076	168.495129	0.004079	9.4
803	-1.580068	168.383271	0.027084	8.7
804	-0.703457	168.271611	0.011963	9.2
805	-0.623897	168.160148	0.005518	8.9
806	-0.099834	168.048882	0.003797	7.7
807	-0.000000	167.937812	0.000000	8.6
808	-1.599983	167.826938	0.034145	7.0
809	-1.558543	167.716258	0.020504	8.3
810	-0.008828	167.605773	0.001428	14.4
811	-0.261514	167.495482	0.008429	10.5
812	-0.509874	167.385384	0.007568	8.5
813	0.000000	167.275479	0.000000	7.8
814	-0.000000	167.165766	0.000000	8.6
815	-0.781381	167.056245	0.008516	8.6
816	-1.970688	166.946915	0.018040	7.7
817	-1.245453	166.837776	0.014728	8.6
818	-0.000261	166.728826	0.000060	8.1
819	-0.001079	166.620067	0.000178	8.7
820	-0.010532	166.511496	0.000914	8.1
821	-0.051059	166.403113	0.002111	9.5
822	-0.008656	166.294919	0.000650	9.7
823	-0.722348	166.186912	0.014723	8.8
824	-1.642705	166.079091	0.017492	10.0
825	-0.186041	165.971458	0.003700	9.0
826	-1.496465	165.864009	0.019405	9.3
827	-0.000000	165.756747	0.000000	10.0
828	-0.000000	165.649669	0.000000	8.0
829	-0.702754	165.542775	0.009778	9.2
830	-0.001337	165.436065	0.000207	8.5
831	-1.458854	165.329538	0.027999	9.8
832	-0.934491	165.223194	0.020577	9.1
833	-0.079580	165.117032	0.007550	9.2
834	-1.424993	165.011052	0.018107	9.4
835	-0.450727	164.905253	0.006363	8.7
836	-1.126909	164.799635	0.011124	11.8
837	-1.557261	164.694197	0.024569	10.7
838	-1.917073	164.588939	0.015906	10.3
839	-1.136010	164.483859	0.009878	10.3
840	-0.000000	164.378959	0.000000	10.6
841	-0.702900	164.274237	0.007621	10.1
842	-0.778630	164.169692	0.013634	9.2
843	-0.016038	164.065325	0.001796	11.0
844	-0.427574	163.961135	0.007821	9.1
845	-0.086133	163.857120	0.001716	10.7
846	-0.000000	163.753282	0.000000	10.3
847	-1.338432	163.649619	0.016493	9.8
848	-1.742066	163.546130	0.012321	9.9
849	-0.010203	163.442816	0.000635	10.8
850	-0.000000	163.339676	0.000000	8.2
851	-0.293138	163.236709	0.004247	11.4
852	-0.002845	163.133915	0.000400	11.9
853	-0.000000	163.031294	0.000000	9.3
854	-1.255033	162.928844	0.007373	9.9
855	-0.000000	162.826566	0.000000	10.7
856	-0.222023	162.724459	0.003879	12.1
857	-0.208793	162.622523	0.003866	10.1
858	-0.000000	162.520757	0.000000	10.2
859	-0.000000	162.419160	0.000000	9.3
860	-0.245690	162.317733	0.004769	9.2
861	-1.758618	162.216474	0.022659	11.1
862	-1.455733	162.115383	0.018264	9.7
863	-0.042289	162.014461	0.002971	10.5
864	-1.615003	161.913705	0.008469	10.1
865	-0.000000	161.813117	0.000000	9.0
866	-1.084021	161.712695	0.029357	9.0
867	-0.000000	161.612439	0.000000	14.3
868	-0.000000	161.512349	0.000000	9.2
869	-0.160043	161.412424	0.003994	9.4
870	-0.052932	161.312663	0.001787	11.5
871	-0.000000	161.213067	0.000000	8.8
872	-1.454174	161.113635	0.017325	9.9
873	-0.919622	161.014366	0.027842	10.8
874	-1.289398	160.915260	0.028779	10.8
875	-1.746034	160.816316	0.028728	9.8
876	-1.660905	160.717535	0.009292	8.4
877	-0.000003	160.618915	0.000001	7.5
878	-0.605652	160.520456	0.010420	12.8
879	-0.000000	160.422158	0.000000	8.2
880	-1.720082	160.324021	0.023141	9.6
881	-0.641443	160.226043	0.005658	10.5
882	-1.726573	160.128225	0.021104	9.5
883	-0.657376	160.030566	0.008928	9.0
884	-0.075062	159.933066	0.002533	10.8
885	-1.817763	159.835723	0.025822	8.5
886	-0.314744	159.738539	0.007418	9.2
887	-1.082573	159.641512	0.007936	8.1
888	-0.003495	159.544642	0.000491	10.2
889	-1.907558	159.447929	0.014463	8.1
890	-0.000000	159.351372	0.000000	8.5
891	-0.037175	159.254971	0.001901	9.7
892	-0.123093	159.158725	0.004410	9.5
893	-0.232117	159.062634	0.003683	9.1
894	-0.000000	158.966697	0.000000	8.5
895	-1.238881	158.870915	0.043462	8.8
896	-1.623402	158.775286	0.020843	8.6
897	-0.474273	158.679811	0.007181	7.2
898	-1.373287	158.584489	0.017774	8.6
899	-1.510350	158.489319	0.012143	10.8
900	-0.853408	158.394302	0.011968	11.7
901	-0.002478	158.299436	0.000327	8.5
902	-0.003831	158.204721	0.000723	8.3
903	-1.529757	158.110158	0.008195	9.7
904	-0.000000	158.015745	0.000000	8.0
905	-0.329504	157.921482	0.005779	8.1
906	-0.114125	157.827369	0.005311	15.8
907	-0.114293	157.733406	0.002637	27.0
908	-1.262444	157.639591	0.006565	18.9
909	-1.788296	157.545925	0.022001	20.4
910	-0.000000	157.452408	0.000000	17.5
911	-1.571206	157.359038	0.011538	16.1
912	-0.000000	157.265816	0.000000	10.1
913	-1.893486	157.172741	0.018107	7.9
914	-0.363308	157.079813	0.008640	8.7
915	-0.000000	156.987031	0.000000	8.2
916	-0.124960	156.894395	0.004211	8.9
917	-0.435430	156.801904	0.008521	8.3
918	-1.996657	156.709559	0.016228	9.2
919	-0.663650	156.617359	0.006124	8.0
920	-0.253321	156.525304	0.005596	8.2
921	-1.742256	156.433392	0.028077	8.8
922	-1.674898	156.341624	0.022707	8.5
923	-0.000000	156.250000	0.000000	10.1
924	-1.517141	156.158519	0.014321	8.5
925	-1.398081	156.067180	0.025678	11.6
926	-0.000003	155.975984	0.000001	10.6
927	-1.354849	155.884930	0.022993	9.5
928	-0.018397	155.794017	0.002008	8.9
929	-1.424974	155.703246	0.011133	11.6
930	-1.532454	155.612615	0.008297	9.4
931	-0.000000	155.522125	0.000000	11.8
932	-1.010989	155.431775	0.007380	12.4
933	-0.000000	155.341565	0.000000	9.0
934	-1.452607	155.251495	0.005279	9.5
935	-0.944046	155.161563	0.031868	11.7
936	-1.769234	155.071771	0.009884	9.7
937	-1.407481	154.982117	0.010907	10.0
938	-0.010940	154.892601	0.000708	11.3
939	-1.352300	154.803222	0.016397	8.3
940	-0.000000	154.713981	0.000000	9.4
941	-1.702808	154.624878	0.029929	9.4
942	-0.310845	154.535910	0.007490	8.5
943	-0.073964	154.447080	0.003023	11.3
944	-1.717021	154.358385	0.012931	9.7
945	-1.200569	154.269826	0.019408	9.9
946	-0.002979	154.181402	0.000463	11.5
947	-0.919612	154.093114	0.019748	9.8
948	-0.000000	154.004960	0.000000	8.4
949	-0.000000	153.916940	0.000000	9.4
950	-1.840094	153.829054	0.032945	12.9
951	-0.000000	153.741303	0.000000	7.8
952	-0.741319	153.653684	0.008453	9.7
953	-1.016612	153.566198	0.011432	10.1
954	-0.178199	153.478846	0.006430	8.0
955	-2.015857	153.391625	0.010491	9.2
956	-1.671369	153.304537	0.016484	8.1
957	-0.870500	153.217580	0.008714	9.0
958	-1.126990	153.130755	0.012921	8.2
959	-0.000000	153.044061	0.000000	10.0
960	-1.470106	152.957498	0.021656	12.7
961	-0.365041	152.871065	0.008819	9.0
962	-0.589926	152.784762	0.007861	9.2
963	-0.004487	152.698589	0.000539	10.0
964	-1.788871	152.612545	0.019258	8.2
965	-2.035299	152.526631	0.019004	9.5
966	-1.630904	152.440845	0.014315	10.3
967	-1.694788	152.355188	0.016057	7.7
968	-1.705464	152.269660	0.011525	9.8
969	-0.545743	152.184259	0.007443	12.7
970	-1.747204	152.098986	0.008757	8.3
971	-0.192322	152.013840	0.006399	10.1
972	-0.212201	151.928821	0.004640	9.2
973	-0.000000	151.843928	0.000000	8.8
974	-0.000000	151.759163	0.000000	10.4
975	-1.658748	151.674523	0.036295	17.5
976	-1.763372	151.590009	0.013804	9.2
977	-0.113515	151.505620	0.003235	10.5
978	-0.000000	151.421357	0.000000	11.0
979	-0.617967	151.337218	0.009388	9.1
980	-0.000000	151.253204	0.000000	9.9
981	-1.471320	151.169314	0.023365	10.1
982	-1.512931	151.085549	0.006813	7.8
983	-1.044111	151.001907	0.022288	10.2
984	-1.563665	150.918388	0.031928	10.1
985	-1.003200	150.834992	0.015444	8.4
986	-0.000000	150.751719	0.000000	10.8
987	-0.650058	150.668569	0.014705	13.8
988	-0.086397	150.585541	0.005453	8.1
989	-1.844588	150.502634	0.008711	8.6
990	-1.337432	150.419849	0.019373	8.8
991	-1.017756	150.337186	0.008573	10.7
992	-1.620130	150.254644	0.009032	10.5
993	-0.001674	150.172222	0.000245	8.8
994	-1.577991	150.089921	0.026701	10.2
995	-1.726825	150.007740	0.014920	9.8
996	-0.507143	149.925679	0.008341	8.2
997	-0.000004	149.843737	0.000001	10.0
998	-0.430462	149.761915	0.006484	8.2
999	-1.538067	149.680212	0.013154	8.5
1000	-0.000000	149.598627	0.000000	8.8
1001	-1.578234	149.517161	0.013265	8.2
1002	-0.010638	149.435814	0.000944	9.4
1003	-0.000000	149.354584	0.000000	8.1
1004	-1.547456	149.273472	0.009810	9.2
1005	-0.047656	149.192477	0.002360	8.6
1006	-0.120727	149.111599	0.004279	17.4
1007	-1.144547	149.030838	0.012328	9.0
1008	-0.000000	148.950194	0.000000	8.4
1009	-1.732035	148.869666	0.011028	8.6
1010	-0.119085	148.789253	0.004154	8.5
1011	-0.000000	148.708957	0.000000	7.5
1012	-1.484867	148.628776	0.006084	9.1
1013	-0.106284	148.548710	0.003808	8.7
1014	-0.591254	148.468759	0.009116	7.4
1015	-0.075758	148.388923	0.002336	7.6
1016	-1.871998	148.309201	0.028992	7.4
1017	-0.000000	148.229594	0.000000	10.5
1018	-1.087668	148.150100	0.006716	8.2
1019	-1.750332	148.070719	0.026293	12.4
1020	-0.000000	147.991452	0.000000	10.2
1021	-1.583895	147.912298	0.017440	8.6
1022	-1.450935	147.833257	0.027545	11.2
1023	-1.292715	147.754329	0.010785	9.3
1024	-1.657402	147.675512	0.012534	7.7
1025	-0.246401	147.596808	0.003691	10.0
1026	-1.387794	147.518216	0.013268	9.3
1027	-1.150930	147.439735	0.032038	8.7
1028	-0.307273	147.361365	0.007909	10.2
1029	-0.776029	147.283106	0.009380	8.4
1030	-0.000072	147.204958	0.000017	9.6
1031	-0.000000	147.126920	0.000000	7.4
1032	-1.934421	147.048993	0.015753	7.6
1033	-0.054894	146.971175	0.002217	7.3
1034	-0.129234	146.893468	0.004174	7.6
1035	-1.520113	146.815869	0.022237	8.8
1036	-0.039615	146.738380	0.002229	7.5
1037	-1.208692	146.661000	0.020878	9.3
1038	-1.791537	146.583729	0.026542	7.2
1039	-1.784205	146.506566	0.015483	8.9
1040	-1.254570	146.429511	0.008006	8.7
1041	-0.000000	146.352565	0.000000	9.4
1042	-0.001133	146.275726	0.000162	9.0
1043	-0.750791	146.198994	0.007941	8.7
1044	-0.919401	146.122370	0.012199	8.9
1045	-1.353650	146.045853	0.014836	8.3
1046	-0.007117	145.969442	0.001167	8.8
1047	-1.732507	145.893139	0.013429	14.5
1048	-0.403444	145.816941	0.007658	7.6
1049	-0.000000	145.740849	0.000000	9.3
1050	-0.373600	145.664863	0.005263	10.1
1051	-1.692609	145.588983	0.011834	8.0
1052	-0.439451	145.513208	0.007517	8.9
1053	-0.938872	145.437538	0.013422	7.9
1054	-0.131551	145.361973	0.003404	8.6
1055	-1.107541	145.286513	0.004728	8.5
1056	-0.000000	145.211157	0.000000	8.5
1057	-0.018402	145.135905	0.001148	9.8
1058	-0.003965	145.060757	0.000499	7.8
1059	-0.225094	144.985712	0.005561	7.9
1060	-0.270697	144.910771	0.006032	9.2
1061	-0.226975	144.835934	0.005692	8.8
1062	-0.003506	144.761199	0.000532	8.4
1063	-1.263331	144.686567	0.017635	7.4
1064	-1.758535	144.612037	0.028543	8.5
1065	-0.000266	144.537610	0.000058	8.6
1066	-0.000000	144.463285	0.000000	10.2
1067	-0.005596	144.389062	0.000756	8.1
1068	-1.808777	144.314940	0.021735	8.9
1069	-0.970693	144.240920	0.009159	12.1
1070	-0.404446	144.167001	0.009200	8.6
1071	-1.448421	144.093182	0.008807	10.0
1072	-1.328637	144.019465	0.024960	8.3
1073	-1.089899	143.945848	0.013076	11.4
1074	-0.982962	143.872331	0.008888	9.5
1075	-0.000000	143.798914	0.000000	9.3
1076	-0.000002	143.725597	0.000000	8.5
1077	-1.680849	143.652380	0.029001	9.7
1078	-0.065119	143.579262	0.003372	8.3
1079	-1.122029	143.506243	0.029402	8.2
1080	-1.780894	143.433323	0.013641	8.6
1081	-1.411332	143.360502	0.011127	8.8
1082	-1.801000	143.287780	0.016406	9.0
1083	-1.605960	143.215155	0.018080	10.1
1084	-0.155235	143.142629	0.005216	10.3
1085	-1.374963	143.070201	0.010044	7.7
1086	-0.000000	142.997870	0.000000	7.6
1087	-0.003133	142.925637	0.000376	10.0
1088	-0.047605	142.853501	0.002578	8.5
1089	-0.381178	142.781462	0.007011	8.5
1090	-0.223097	142.709519	0.004132	8.7
1091	-0.597262	142.637674	0.009662	9.0
1092	-1.885000	142.565924	0.011368	8.3
1093	-0.878592	142.494271	0.011826	7.8
1094	-0.301848	142.422714	0.006236	10.2
1095	-1.001398	142.351252	0.015510	8.0
1096	-1.611697	142.279886	0.012676	8.8
1097	-0.000000	142.208616	0.000000	11.0
1098	-1.633959	142.137440	0.020504	8.5
1099	-1.145723	142.066360	0.015093	10.0
1100	-0.000000	141.995374	0.000000	9.5
1101	-1.345372	141.924483	0.014471	8.4
1102	-0.019065	141.853685	0.001570	8.4
1103	-1.554441	141.782983	0.010101	8.2
1104	-1.050959	141.712373	0.030975	8.9
1105	-0.818733	141.641858	0.007527	8.9
1106	-0.204606	141.571436	0.002769	8.7
1107	-1.694661	141.501108	0.015594	13.4
1108	-1.283022	141.430872	0.013518	11.7
1109	-0.333876	141.360730	0.003112	9.0
1110	-0.443686	141.290680	0.004870	9.2
1111	-1.786977	141.220722	0.034434	8.0
1112	-0.000000	141.150857	0.000000	9.5
1113	-0.083913	141.081084	0.005208	8.2
1114	-1.807414	141.011403	0.013946	8.8
1115	-0.157964	140.941813	0.005703	8.4
1116	-0.460482	140.872315	0.006288	11.6
1117	-1.930954	140.802909	0.030554	8.9
1118	-0.288553	140.733593	0.006362	8.5
1119	-1.476640	140.664369	0.018968	11.1
1120	-0.279402	140.595235	0.005072	11.8
1121	-1.112206	140.526192	0.011930	7.9
1122	-0.000126	140.457239	0.000028	8.7
1123	-0.208010	140.388376	0.006610	9.3
1124	-0.000917	140.319603	0.000168	7.6
1125	-0.592119	140.250920	0.007591	9.5
1126	-0.104343	140.182326	0.002368	10.9
1127	-1.585807	140.113822	0.021813	8.9
1128	-0.426409	140.045407	0.004251	8.4
1129	-0.000014	139.977081	0.000003	8.4
1130	-0.075695	139.908844	0.003308	8.9
1131	-1.650582	139.840696	0.014465	9.1
1132	-0.388138	139.772635	0.005567	8.8
1133	-0.015591	139.704664	0.000823	8.9
1134	-0.072530	139.636780	0.002784	9.5
1135	-0.000000	139.568984	0.000000	10.2
1136	-0.231934	139.501276	0.007287	11.9
1137	-1.464694	139.433655	0.009566	9.4
1138	-0.922351	139.366122	0.005503	8.1
1139	-0.163574	139.298676	0.004411	8.2
1140	-0.523030	139.231317	0.004550	9.8
1141	-0.000000	139.164045	0.000000	7.1
1142	-1.736729	139.096859	0.013477	8.2
1143	-1.062442	139.029760	0.023450	10.9
1144	0.000000	138.962747	0.000000	6.9
1145	-0.381050	138.895820	0.007090	8.0
1146	-1.588303	138.828978	0.019032	8.8
1147	-0.721282	138.762223	0.007793	8.9
1148	-0.643502	138.695553	0.004909	8.8
1149	-1.885503	138.628969	0.014704	9.9
1150	-1.864268	138.562469	0.017268	9.5
1151	-1.739841	138.496055	0.009803	7.7
1152	-1.590642	138.429725	0.005161	10.0
1153	-0.067006	138.363481	0.002512	14.0
1154	-0.000649	138.297320	0.000126	7.8
1155	-0.000000	138.231244	0.000000	7.3
1156	-0.000000	138.165252	0.000000	7.3
1157	-0.802937	138.099344	0.008482	8.5
1158	-0.736548	138.033520	0.006275	8.0
1159	-0.057888	137.967779	0.002512	7.7
1160	-1.355496	137.902122	0.008190	14.7
1161	-0.320450	137.836548	0.005864	9.4
1162	-1.783069	137.771057	0.030306	8.7
1163	-1.363471	137.705649	0.012886	9.0
1164	-1.561268	137.640324	0.017259	8.9
1165	-1.657458	137.575081	0.013276	10.6
1166	-1.142285	137.509921	0.010588	10.5
1167	-0.000003	137.444842	0.000001	10.1
1168	-0.000004	137.379846	0.000001	7.5
1169	-0.269621	137.314932	0.005590	8.0
1170	-0.000000	137.250100	0.000000	7.3
1171	-1.685698	137.185349	0.031152	9.1
1172	-0.003241	137.120680	0.000489	9.4
1173	-0.097346	137.056092	0.001944	8.6
1174	-1.448360	136.991585	0.038278	9.5
1175	-0.164185	136.927158	0.004540	8.3
1176	-0.772168	136.862813	0.009294	9.3
1177	-1.720207	136.798548	0.016813	8.6
1178	-0.030852	136.734363	0.002125	9.1
1179	-0.368651	136.670259	0.005852	8.5
1180	-0.000428	136.606235	0.000086	8.4
1181	-0.000000	136.542291	0.000000	9.5
1182	-0.629623	136.478426	0.004880	8.5
1183	-0.018830	136.414641	0.000925	8.8
1184	-1.496124	136.350936	0.011120	8.6
1185	-0.003628	136.287310	0.000486	9.2
1186	-0.224974	136.223763	0.003929	8.2
1187	-0.006902	136.160295	0.001200	8.5
1188	-1.510758	136.096905	0.017698	9.5
1189	-0.000570	136.033594	0.000084	7.4
1190	-1.661783	135.970362	0.021828	9.0
1191	-1.125999	135.907208	0.009432	8.3
1192	-0.000000	135.844133	0.000000	8.8
1193	-0.281048	135.781135	0.004050	17.3
1194	-1.645757	135.718215	0.010683	7.9
1195	-0.353716	135.655373	0.010080	8.2
1196	-1.105624	135.592608	0.014900	10.4
1197	-0.061257	135.529921	0.002138	10.4
1198	0.000000	135.467311	0.000000	7.1
1199	-0.000000	135.404778	0.000000	8.3
1200	-0.000000	135.342322	0.000000	7.8
1201	-0.867346	135.279942	0.012242	9.3
1202	-0.634644	135.217640	0.013119	10.5
1203	-1.676008	135.155413	0.016017	9.1
1204	0.000000	135.093263	0.000000	8.5
1205	-0.933372	135.031190	0.007864	8.8
1206	-0.632569	134.969192	0.008451	8.9
1207	-0.240575	134.907270	0.002666	7.2
1208	-1.332276	134.845424	0.036220	8.8
1209	-0.480718	134.783653	0.006950	8.7
1210	-0.077455	134.721958	0.002667	10.9
1211	-1.516244	134.660338	0.018796	9.5
1212	-0.038248	134.598793	0.002037	8.2
1213	-0.035477	134.537323	0.001374	9.1
1214	-0.052909	134.475927	0.002887	8.3
1215	-0.855875	134.414607	0.011846	9.0
1216	-1.407707	134.353361	0.006996	8.1
1217	-0.212986	134.292189	0.005091	8.1
1218	-0.611003	134.231092	0.006277	9.3
1219	-0.012569	134.170068	0.000776	12.0
1220	-0.137399	134.109119	0.003982	9.0
1221	-1.023962	134.048243	0.007675	8.2
1222	-0.040949	133.987441	0.002193	8.0
1223	-0.002097	133.926713	0.000232	9.3
1224	-1.793000	133.866057	0.019109	8.4
1225	-1.655021	133.805475	0.013993	19.0
1226	-0.547924	133.744966	0.005243	8.8
1227	-1.034328	133.684530	0.010814	7.3
1228	-0.533283	133.624167	0.005312	7.8
1229	-1.291694	133.563877	0.009491	9.7
1230	-1.679434	133.503658	0.021194	8.5
1231	-1.082568	133.443513	0.031463	8.8
1232	-0.000000	133.383439	0.000000	7.2
1233	-1.535584	133.323437	0.036377	9.0
1234	-0.788037	133.263508	0.008759	9.9
1235	-0.269031	133.203650	0.004208	8.6
1236	-1.191187	133.143864	0.007772	14.5
1237	-0.215470	133.084149	0.002712	8.3
1238	-0.006128	133.024506	0.001023	7.7
1239	-0.023982	132.964934	0.001612	9.1
1240	-1.534483	132.905433	0.010614	8.6
1241	-0.557326	132.846003	0.007171	8.6
1242	-1.171478	132.786643	0.013761	7.4
1243	-0.000000	132.727355	0.000000	7.0
1244	-0.000000	132.668137	0.000000	9.1
1245	-0.073383	132.608989	0.004659	6.8
1246	-1.535724	132.549912	0.022505	9.6
1247	-0.000000	132.490904	0.000000	8.4
1248	-0.004539	132.431967	0.000652	8.2
1249	-0.881545	132.373100	0.009788	9.6
1250	-1.442642	132.314302	0.045909	7.8
1251	-0.027197	132.255574	0.001363	10.2
1252	-0.673490	132.196916	0.006595	14.4
1253	-0.000000	132.138326	0.000000	7.9
1254	-1.373720	132.079806	0.015593	9.2
1255	-1.238937	132.021355	0.008969	8.5
1256	-1.146175	131.962973	0.003566	7.7
1257	-1.344145	131.904660	0.009265	7.0
1258	-0.266022	131.846415	0.006310	7.7
1259	-0.290486	131.788239	0.004186	11.9
1260	-0.022961	131.730131	0.001548	8.3
1261	-0.022005	131.672092	0.000725	9.9
1262	-0.000002	131.614121	0.000001	13.2
1263	-0.014262	131.556217	0.001243	8.7
1264	-1.322841	131.498382	0.031014	9.0
1265	-1.431669	131.440614	0.019575	10.8
1266	-0.059688	131.382914	0.001433	9.5
1267	-1.930299	131.325282	0.011906	8.0
1268	-1.123963	131.267717	0.005411	8.7
1269	-1.344526	131.210219	0.023370	8.2
1270	-0.088886	131.152788	0.004294	9.2
1271	-0.000001	131.095424	0.000000	14.2
1272	-1.838099	131.038127	0.016204	8.1
1273	-1.961152	130.980897	0.021658	14.9
1274	-0.033240	130.923733	0.002076	10.6
1275	-0.000000	130.866636	0.000000	7.5
1276	-0.043041	130.809605	0.001778	8.0
1277	-0.015945	130.752641	0.002004	9.6
1278	-0.451924	130.695742	0.008179	7.3
1279	-1.628375	130.638910	0.019148	10.9
1280	-0.168060	130.582143	0.004375	8.8
1281	-0.367843	130.525442	0.008319	8.5
1282	-1.989966	130.468807	0.033454	10.0
1283	-1.754143	130.412237	0.019936	8.5
1284	-0.014913	130.355733	0.000744	10.1
1285	-0.208130	130.299294	0.006561	13.2
1286	-0.038511	130.242920	0.000824	8.0
1287	-1.130584	130.186611	0.032716	8.7
1288	-0.183707	130.130366	0.004210	8.1
1289	-1.269059	130.074187	0.007042	8.4
1290	-0.000000	130.018072	0.000000	7.2
1291	-0.147679	129.962022	0.003069	7.8
1292	-0.178384	129.906036	0.003006	8.8
1293	-1.152203	129.850114	0.021716	8.6
1294	-0.298190	129.794257	0.006524	10.8
1295	-1.612578	129.738463	0.017733	8.6
1296	-0.084918	129.682734	0.002443	9.0
1297	-1.213089	129.627068	0.012919	8.5
1298	-1.564211	129.571466	0.012802	8.9
1299	-0.752824	129.515927	0.016140	9.5
1300	-0.559829	129.460452	0.005461	8.6
1301	-1.349420	129.405040	0.017552	9.3
1302	-0.201505	129.349692	0.006863	7.9
1303	-0.007253	129.294406	0.000927	8.6
1304	-0.385866	129.239183	0.003956	8.7
1305	-1.695466	129.184024	0.015830	8.1
1306	-0.000000	129.128927	0.000000	8.8
1307	-0.000486	129.073892	0.000097	9.0
1308	-1.305144	129.018921	0.040912	8.6
1309	-1.104050	128.964011	0.007631	8.4
1310	-1.300839	128.909164	0.037146	9.3
1311	-1.085021	128.854379	0.029391	8.7
1312	-0.031169	128.799656	0.002401	7.1
1313	-1.643522	128.744995	0.005567	8.0
1314	-1.045562	128.690396	0.009051	8.9
1315	-0.996802	128.635858	0.007901	7.9
1316	-0.000000	128.581382	0.000000	7.5
1317	-1.187368	128.526968	0.009314	15.0
1318	-0.815429	128.472615	0.012023	8.2
1319	-0.025516	128.418323	0.000997	8.4
1320	-0.000000	128.364092	0.000000	11.1
1321	-0.000000	128.309922	0.000000	10.7
1322	-1.357679	128.255814	0.032284	14.4
1323	-0.037946	128.201766	0.001409	8.9
1324	-1.196689	128.147778	0.011094	8.1
1325	-1.007707	128.093852	0.008451	8.8
1326	-1.883671	128.039985	0.034177	9.6
1327	-1.756614	127.986180	0.013468	9.7
1328	-0.632124	127.932434	0.008905	9.0
1329	-1.184291	127.878749	0.024229	8.1
1330	-1.506221	127.825123	0.019082	9.1
1331	-0.000112	127.771558	0.000027	7.5
1332	-0.000000	127.718052	0.000000	9.3
1333	-1.800931	127.664606	0.020367	7.6
1334	-0.527034	127.611220	0.007285	8.5
1335	-1.502640	127.557893	0.011521	11.0
1336	-1.637224	127.504625	0.024340	8.4
1337	-1.809495	127.451417	0.016405	10.8
1338	-1.092838	127.398268	0.009191	8.7
1339	-1.735025	127.345178	0.022791	11.5
1340	-0.000000	127.292147	0.000000	9.2
1341	-1.680441	127.239175	0.009791	8.1
1342	-0.254134	127.186261	0.005987	8.8
1343	-0.905376	127.133407	0.031555	7.7
1344	-0.977498	127.080610	0.019942	9.5
1345	-0.000000	127.027872	0.000000	7.5
1346	-0.078311	126.975193	0.002623	8.1
1347	-1.886549	126.922572	0.034933	15.9
1348	-0.090667	126.870008	0.003611	8.6
1349	-0.496283	126.817503	0.008243	9.0
1350	-0.009098	126.765056	0.001166	9.3
1351	-0.000000	126.712667	0.000000	8.1
1352	-0.141008	126.660335	0.005451	8.7
1353	-0.001477	126.608061	0.000182	8.4
1354	-0.000000	126.555844	0.000000	8.8
1355	-0.680548	126.503685	0.010182	8.5
1356	-1.703219	126.451583	0.019003	7.4
1357	-0.732278	126.399538	0.019586	9.3
1358	-0.189985	126.347550	0.002939	7.3
1359	-0.028550	126.295619	0.002892	8.8
1360	-0.991211	126.243745	0.010192	9.1
1361	-0.000000	126.191928	0.000000	12.4
1362	-0.000000	126.140168	0.000000	10.8
1363	-1.971223	126.088464	0.027170	11.7
1364	-0.096447	126.036817	0.001234	7.6
1365	-1.700985	125.985226	0.007030	9.0
1366	-2.015873	125.933691	0.021948	8.7
1367	-1.493502	125.882212	0.019097	9.0
1368	-1.446471	125.830790	0.012093	8.4
1369	-0.090370	125.779423	0.004344	8.9
1370	-0.853841	125.728113	0.009339	12.6
1371	-1.362204	125.676858	0.008429	8.4
1372	-0.000000	125.625659	0.000000	22.1
1373	-0.000000	125.574515	0.000000	8.0
1374	-0.000000	125.523427	0.000000	8.5
1375	-0.000000	125.472394	0.000000	8.6
1376	-0.370301	125.421417	0.005655	9.4
1377	-1.645002	125.370495	0.013265	9.5
1378	-0.655465	125.319628	0.008331	9.0
1379	-1.511701	125.268815	0.020511	10.4
1380	-0.194595	125.218058	0.006181	9.1
1381	-0.853042	125.167356	0.011860	7.9
1382	-1.157704	125.116708	0.023941	10.2
1383	-0.627687	125.066115	0.008217	10.5
1384	-0.000000	125.015576	0.000000	8.5
1385	-0.628365	124.965092	0.006186	9.9
1386	-1.815166	124.914662	0.015835	6.9
1387	-0.008941	124.864287	0.001324	10.0
1388	-0.025132	124.813965	0.001557	8.4
1389	-0.000000	124.763698	0.000000	8.5
1390	-0.000000	124.713485	0.000000	10.1
1391	-0.067387	124.663325	0.005502	8.6
1392	-1.708369	124.613219	0.015130	9.4
1393	-0.121285	124.563167	0.003688	8.2
1394	-1.720306	124.513168	0.031842	8.8
1395	-0.138049	124.463223	0.004462	8.3
1396	-2.086366	124.413332	0.009399	7.5
1397	-1.638711	124.363493	0.023678	9.2
1398	-1.127895	124.313708	0.008940	12.1
1399	-0.886964	124.263976	0.017213	9.2
1400	-0.039769	124.214297	0.001373	8.1
1401	-1.756473	124.164671	0.022746	9.1
1402	-1.829890	124.115097	0.013589	8.7
1403	-0.020499	124.065577	0.001211	7.3
1404	-0.000000	124.016109	0.000000	9.4
1405	-0.181967	123.966693	0.004472	8.8
1406	-0.110496	123.917330	0.003243	9.3
1407	-0.200373	123.868020	0.003634	10.8
1408	-1.767612	123.818762	0.023671	7.9
1409	-0.776466	123.769556	0.010009	8.7
1410	-0.000000	123.720402	0.000000	7.9
1411	-0.000000	123.671300	0.000000	10.2
1412	-0.000000	123.622250	0.000000	12.3
1413	-0.648818	123.573252	0.015598	8.0
1414	-0.755171	123.524305	0.010313	8.7
1415	-1.345600	123.475411	0.027581	11.1
1416	-0.152102	123.426568	0.005325	9.0
1417	-0.140312	123.377776	0.003915	10.2
1418	-1.086680	123.329036	0.012835	9.1
1419	-0.000000	123.280347	0.000000	8.5
1420	-0.013699	123.231709	0.000388	8.4
1421	-0.839531	123.183122	0.009304	20.5
1422	-0.405857	123.134587	0.007623	7.6
1423	-0.213220	123.086102	0.003211	7.6
1424	-0.284164	123.037669	0.005820	9.1
1425	-1.385690	122.989286	0.015036	12.0
1426	-0.990351	122.940954	0.010169	8.5
1427	-0.279330	122.892672	0.005131	10.1
1428	-0.324713	122.844441	0.006082	9.4
1429	-1.796496	122.796261	0.011286	9.0
1430	-0.000000	122.748130	0.000000	8.0
1431	-0.001019	122.700050	0.000192	8.3
1432	-0.184807	122.652021	0.005083	9.5
1433	-1.609493	122.604041	0.025224	7.6
1434	0.000000	122.556111	0.000000	7.8
1435	-1.445302	122.508232	0.012903	7.4
1436	-1.102198	122.460402	0.015633	12.8
1437	-0.000000	122.412622	0.000000	8.5
1438	-0.001928	122.364891	0.000299	11.0
1439	-1.287993	122.317210	0.015515	9.0
1440	-0.000614	122.269579	0.000111	7.9
1441	-0.784525	122.221997	0.010071	8.8
1442	-0.019635	122.174465	0.001037	8.5
1443	-0.000000	122.126981	0.000000	7.5
1444	-1.356503	122.079547	0.021684	10.6
1445	-1.551125	122.032162	0.017718	7.1
1446	-1.449218	121.984826	0.032070	8.9
1447	-0.006049	121.937539	0.000903	8.2
1448	-0.084850	121.890301	0.001506	13.1
1449	-0.642362	121.843112	0.008575	8.2
1450	-0.000399	121.795971	0.000080	7.4
1451	-0.214984	121.748879	0.006806	9.5
1452	-0.000000	121.701835	0.000000	8.9
1453	-0.002502	121.654840	0.000335	11.5
1454	-0.863410	121.607893	0.008233	10.6
1455	-0.940185	121.560994	0.009806	8.8
1456	-1.452810	121.514144	0.027042	8.3
1457	-0.054861	121.467342	0.001578	9.2
1458	-1.904097	121.420588	0.021776	8.8
1459	-0.079966	121.373882	0.002633	8.8
1460	-1.596172	121.327223	0.033741	8.7
1461	-0.000000	121.280613	0.000000	9.0
1462	-1.300376	121.234050	0.010916	8.2
1463	-1.867150	121.187535	0.007579	8.1
1464	-0.000204	121.141067	0.000047	9.4
1465	-1.343783	121.094647	0.023039	13.8
1466	-0.003425	121.048274	0.000552	8.8
1467	-0.000092	121.001949	0.000020	12.9
1468	-1.543458	120.955671	0.012912	7.6
1469	-1.715505	120.909440	0.008460	8.8
1470	-0.005413	120.863256	0.000280	8.9
1471	-0.000000	120.817119	0.000000	7.2
1472	-0.099282	120.771029	0.004895	9.1
1473	-0.186139	120.724986	0.006448	8.1
1474	-0.000001	120.678990	0.000000	8.7
1475	-0.000000	120.633040	0.000000	8.8
1476	-1.160067	120.587137	0.023485	8.9
1477	-1.565372	120.541281	0.006637	8.8
1478	-0.630780	120.495471	0.007615	12.5
1479	-0.718051	120.449707	0.010364	10.0
1480	-0.560230	120.403990	0.007262	8.6
1481	-0.706193	120.358319	0.013225	8.9
1482	-0.000000	120.312694	0.000000	8.6
1483	-1.417527	120.267115	0.011910	8.7
1484	-0.000000	120.221582	0.000000	8.1
1485	-0.074334	120.176096	0.002895	8.2
1486	-1.323393	120.130655	0.010351	7.6
1487	-0.520196	120.085260	0.006013	8.9
1488	-0.111043	120.039910	0.006172	20.6
1489	-1.904157	119.994606	0.013270	7.9
1490	-1.316659	119.949348	0.031622	7.9
1491	-0.045757	119.904135	0.003775	8.5
1492	-0.034316	119.858968	0.001935	8.6
1493	-0.000000	119.813846	0.000000	9.3
1494	-0.706239	119.768769	0.010165	8.6
1495	-1.538060	119.723738	0.011616	7.8
1496	-1.243370	119.678752	0.006036	8.1
1497	-0.029289	119.633810	0.003339	7.9
1498	-0.032062	119.588914	0.001940	8.9
1499	-1.471728	119.544062	0.011332	8.6
1500	-0.618707	119.499256	0.006326	8.3
1501	-0.000000	119.454494	0.000000	12.5
1502	-0.053953	119.409777	0.003631	7.6
1503	-1.472809	119.365104	0.023073	9.2
1504	-0.820608	119.320476	0.007123	7.4
1505	-0.602593	119.275893	0.019662	8.8
1506	-0.000000	119.231353	0.000000	7.2
1507	-0.414307	119.186859	0.005025	9.9
1508	-0.000015	119.142408	0.000004	9.7
1509	-0.000000	119.098002	0.000000	8.6
1510	-0.240764	119.053639	0.004656	8.8
1511	-0.780819	119.009321	0.006286	8.7
1512	-0.726290	118.965047	0.007410	11.3
1513	-1.525824	118.920816	0.025690	9.9
1514	-0.010874	118.876630	0.000925	8.5
1515	-0.092462	118.832487	0.003464	11.9
1516	-0.070359	118.788388	0.001506	10.5
1517	-1.528552	118.744332	0.022261	12.6
1518	-0.273180	118.700320	0.006878	12.5
1519	-0.694382	118.656352	0.013798	9.0
1520	-1.718495	118.612427	0.011301	8.1
1521	-1.424626	118.568545	0.014662	8.6
1522	-0.000078	118.524706	0.000017	9.2
1523	-1.816218	118.480911	0.027235	8.7
1524	-0.583263	118.437159	0.009161	10.1
1525	-1.000364	118.393450	0.011043	8.0
1526	-0.141507	118.349784	0.002890	12.4
1527	-1.159499	118.306160	0.012458	8.8
1528	-0.712098	118.262580	0.008982	8.3
1529	-1.742389	118.219042	0.015868	9.6
1530	-1.000413	118.175548	0.005111	7.5
1531	-1.897364	118.132095	0.013601	7.8
1532	-1.736192	118.088686	0.011059	9.1
1533	-1.933497	118.045319	0.020056	7.1
1534	-1.910041	118.001994	0.023007	8.9
1535	-0.052288	117.958712	0.002374	18.0
1536	-0.323565	117.915472	0.003758	8.9
1537	-0.223001	117.872274	0.002902	7.2
1538	-0.313871	117.829118	0.006062	9.0
1539	-1.458848	117.786005	0.007514	8.7
1540	-2.002186	117.742933	0.021728	9.0
1541	-1.811800	117.699904	0.010905	9.6
1542	-1.533881	117.656916	0.011136	8.8
1543	-0.433194	117.613971	0.005174	8.7
1544	-0.132644	117.571067	0.004172	10.7
1545	-1.017727	117.528205	0.011922	8.5
1546	-1.125596	117.485384	0.012532	11.8
1547	-1.722650	117.442605	0.032382	8.8
1548	-0.000000	117.399867	0.000000	8.2
1549	-0.913416	117.357171	0.011262	12.1
1550	-1.434877	117.314517	0.036201	8.1
1551	-1.348021	117.271903	0.025098	8.6
1552	-0.306854	117.229331	0.004660	14.5
1553	-0.005462	117.186800	0.000641	8.4
1554	-1.222337	117.144311	0.013053	8.7
1555	-0.000646	117.101862	0.000135	10.4
1556	-1.317176	117.059454	0.016416	8.8
1557	-0.057781	117.017087	0.004162	12.7
1558	-0.000000	116.974762	0.000000	8.5
1559	-0.001186	116.932476	0.000161	14.8
1560	-0.942110	116.890232	0.007360	8.8
1561	-1.654022	116.848028	0.023522	8.2
1562	-0.110436	116.805865	0.005499	8.1
1563	-0.020204	116.763743	0.000660	7.2
1564	-0.004400	116.721661	0.000452	6.9
1565	-0.001963	116.679619	0.000236	22.0
1566	-0.087044	116.637618	0.002292	8.2
1567	-1.046372	116.595657	0.020960	9.6
1568	-0.393187	116.553736	0.006916	8.1
1569	-0.000002	116.511855	0.000001	8.7
1570	-0.922953	116.470015	0.009619	8.4
1571	-0.000000	116.428214	0.000000	8.8
1572	-1.897122	116.386454	0.018801	8.3
1573	-0.001923	116.344733	0.000331	8.2
1574	-0.000000	116.303052	0.000000	9.5
1575	-0.027300	116.261412	0.002917	8.4
1576	-0.000000	116.219810	0.000000	8.9
1577	-1.364896	116.178249	0.015969	8.6
1578	-0.217674	116.136727	0.003701	13.3
1579	-0.000054	116.095245	0.000012	9.1
1580	-0.000000	116.053802	0.000000	7.7
1581	-1.392235	116.012398	0.005683	8.8
1582	-1.822342	115.971034	0.041137	7.5
1583	-0.145702	115.929710	0.004335	21.6
1584	-0.852824	115.888424	0.008516	6.9
1585	-1.057247	115.847178	0.015703	8.0
1586	-0.938525	115.805970	0.011776	9.2
1587	-0.000000	115.764802	0.000000	9.5
1588	-0.026669	115.723673	0.001433	8.3
1589	-0.498411	115.682583	0.006814	9.3
1590	-0.457188	115.641532	0.007235	10.5
1591	-0.000000	115.600519	0.000000	8.0
1592	-1.538234	115.559546	0.011011	8.7
1593	-0.000000	115.518610	0.000000	8.6
1594	-0.986446	115.477714	0.018384	7.4
1595	-1.249606	115.436856	0.009227	9.3
1596	-0.159500	115.396037	0.003193	11.0
1597	-0.000000	115.355256	0.000000	10.0
1598	-0.427924	115.314514	0.007019	10.3
1599	-0.708903	115.273810	0.008981	8.0
1600	-0.000000	115.233144	0.000000	9.9
1601	-0.000574	115.192517	0.000110	8.8
1602	-0.848124	115.151927	0.012479	9.3
1603	-0.000000	115.111376	0.000000	9.1
1604	-1.881250	115.070863	0.015696	8.4
1605	-2.068386	115.030388	0.009847	8.8
1606	-0.000000	114.989951	0.000000	8.1
1607	-0.618502	114.949551	0.005361	8.4
1608	-1.748550	114.909190	0.020150	8.8
1609	-1.480932	114.868866	0.012608	8.5
1610	-1.027756	114.828580	0.006753	10.0
1611	-0.976794	114.788332	0.014160	8.3
1612	-0.578388	114.748121	0.006217	10.3
1613	-1.141567	114.707948	0.011636	8.9
1614	-1.860468	114.667812	0.026581	9.2
1615	-0.000000	114.627714	0.000000	9.0
1616	-1.594489	114.587653	0.013058	8.9
1617	-1.161755	114.547629	0.011142	13.1
1618	-0.000003	114.507643	0.000001	9.9
1619	-0.926127	114.467693	0.005782	7.6
1620	-0.000000	114.427781	0.000000	8.5
1621	-0.000013	114.387907	0.000003	9.0
1622	-0.548750	114.348069	0.008114	7.3
1623	-0.373186	114.308268	0.004053	8.4
1624	-0.522432	114.268504	0.004925	7.2
1625	-0.000000	114.228777	0.000000	8.6
1626	-1.374506	114.189086	0.028058	7.8
1627	-0.000009	114.149433	0.000002	9.5
1628	-1.082006	114.109816	0.010552	8.4
1629	-0.046281	114.070235	0.001996	8.9
1630	-1.675424	114.030692	0.005245	8.2
1631	-0.000000	113.991185	0.000000	8.3
1632	-1.071498	113.951714	0.011167	10.3
1633	-1.694007	113.912280	0.020167	8.4
1634	-0.755811	113.872882	0.007748	9.1
1635	-0.037178	113.833521	0.001061	8.9
1636	-0.055642	113.794195	0.002185	8.2
1637	-1.027979	113.754906	0.009925	8.5
1638	-0.143687	113.715653	0.003248	7.8
1639	-1.073229	113.676437	0.025424	9.4
1640	-1.646953	113.637256	0.014733	11.4
1641	-1.447919	113.598111	0.005365	9.0
1642	-0.000000	113.559002	0.000000	9.7
1643	-0.066961	113.519929	0.002338	15.6
1644	-0.042679	113.480892	0.002733	8.0
1645	-0.761007	113.441891	0.021450	8.2
1646	-0.376045	113.402925	0.004690	8.1
1647	-0.000000	113.363995	0.000000	9.1
1648	-0.075102	113.325101	0.001836	7.7
1649	-1.259153	113.286242	0.014819	9.4
1650	-1.669239	113.247419	0.024738	10.5
1651	-0.089834	113.208631	0.003336	9.5
1652	-1.661368	113.169879	0.019564	10.4
1653	-0.002698	113.131162	0.000315	9.0
1654	-1.791524	113.092480	0.013393	8.0
1655	-1.155806	113.053833	0.020129	9.3
1656	-0.495961	113.015222	0.008713	9.6
1657	-1.246295	112.976646	0.024935	11.2
1658	-0.053941	112.938105	0.002462	10.1
1659	-0.082119	112.899599	0.002669	8.9
1660	-1.239939	112.861128	0.009615	9.5
1661	-0.206943	112.822692	0.004582	9.3
1662	-1.046930	112.784291	0.008447	9.7
1663	0.000000	112.745924	0.000000	9.3
1664	-1.699230	112.707593	0.008007	8.0
1665	-0.353668	112.669296	0.002872	8.8
1666	-0.169804	112.631034	0.006871	8.2
1667	-1.137160	112.592806	0.013798	9.0
1668	-1.614223	112.554613	0.011185	11.5
1669	-0.041878	112.516455	0.001733	8.8
1670	-1.382672	112.478331	0.009586	8.3
1671	-0.000005	112.440241	0.000001	8.3
1672	-0.002730	112.402186	0.000352	8.4
1673	-0.000000	112.364165	0.000000	12.4
1674	-0.001974	112.326179	0.000156	7.7
1675	-1.946594	112.288227	0.018269	8.1
1676	-1.776625	112.250309	0.028039	9.3
1677	-0.000000	112.212425	0.000000	8.1
1678	-0.468939	112.174575	0.007398	11.4
1679	-0.110873	112.136759	0.002299	11.8
1680	-1.436748	112.098977	0.008291	9.6
1681	-1.213302	112.061229	0.006486	10.5
1682	-1.666221	112.023515	0.012974	9.5
1683	-0.003529	111.985834	0.000304	8.1
1684	-0.004005	111.948188	0.000427	8.7
1685	-0.463435	111.910575	0.007166	8.9
1686	-0.138588	111.872996	0.003226	10.1
1687	-1.111241	111.835450	0.008019	8.8
1688	-0.779943	111.797939	0.009197	8.7
1689	-1.174246	111.760460	0.007823	14.7
1690	-0.000000	111.723015	0.000000	8.6
1691	-1.633984	111.685604	0.025742	7.9
1692	-0.000001	111.648226	0.000000	9.3
1693	-0.000000	111.610881	0.000000	8.2
1694	-0.043490	111.573570	0.003307	9.3
1695	-0.792136	111.536292	0.010148	8.0
1696	-1.090078	111.499047	0.009008	8.8
1697	-1.264867	111.461835	0.028801	8.3
1698	-0.057096	111.424656	0.001562	9.0
1699	-0.320216	111.387510	0.003699	10.6
1700	-0.000000	111.350398	0.000000	8.3
1701	-0.533199	111.313318	0.006189	8.8
1702	-1.541819	111.276271	0.016333	15.2
1703	-0.000000	111.239257	0.000000	8.4
1704	-0.000000	111.202276	0.000000	8.4
1705	-0.000000	111.165328	0.000000	11.6
1706	-1.903757	111.128412	0.012759	14.0
1707	-1.569592	111.091529	0.017749	13.3
1708	-1.420468	111.054679	0.010748	10.6
1709	-0.218218	111.017861	0.004774	11.1
1710	-1.736184	110.981076	0.016357	13.9
1711	-0.971782	110.944323	0.010338	15.2
1712	-0.001695	110.907603	0.000282	32.5
1713	-0.015099	110.870915	0.000657	18.9
1714	-0.001643	110.834259	0.000256	8.7
1715	-0.164147	110.797636	0.004816	15.2
1716	-0.000000	110.761045	0.000000	8.7
1717	-1.652343	110.724486	0.008159	10.0
1718	-0.696509	110.687959	0.006615	9.5
1719	-1.708830	110.651465	0.008421	13.7
1720	-0.044817	110.615002	0.001713	13.9
1721	-0.737898	110.578572	0.030088	13.3
1722	-1.167832	110.542173	0.010298	14.8
1723	-0.000036	110.505807	0.000009	13.5
1724	-0.737474	110.469472	0.003703	11.2
1725	-0.000000	110.433169	0.000000	13.4
1726	-0.402642	110.396898	0.005682	16.3
1727	-0.702806	110.360659	0.023219	13.5
1728	-0.000000	110.324451	0.000000	11.7
1729	-1.721720	110.288276	0.021373	10.4
1730	-0.007651	110.252131	0.000759	7.9
1731	-0.700088	110.216019	0.020863	10.6
1732	-0.705375	110.179937	0.006510	13.3
1733	-0.747483	110.143888	0.005730	13.8
1734	-0.130180	110.107869	0.002842	14.1
1735	-0.044207	110.071882	0.002647	16.4
1736	-0.540890	110.035927	0.007114	12.4
1737	-0.194064	110.000003	0.002795	10.1
1738	-0.027342	109.964110	0.002069	16.9
1739	-1.870134	109.928248	0.035571	10.6
1740	-1.408082	109.892417	0.011967	9.4
1741	-0.000000	109.856618	0.000000	14.5
1742	-0.757379	109.820850	0.008122	8.2
1743	-0.616087	109.785112	0.006492	8.0
1744	-1.377775	109.749406	0.010690	9.0
1745	-0.112571	109.713730	0.003033	12.4
1746	-0.583583	109.678086	0.004402	12.3
1747	-0.157463	109.642472	0.003292	7.7
1748	-0.216223	109.606890	0.005435	7.4
1749	-0.265489	109.571337	0.003315	9.2
1750	-1.606109	109.535816	0.007889	8.1
1751	-0.000000	109.500326	0.000000	8.2
1752	-1.629984	109.464866	0.010060	8.2
1753	-0.000000	109.429436	0.000000	8.8
1754	-0.000066	109.394038	0.000016	9.8
1755	-0.121871	109.358669	0.002208	7.9
1756	-0.000101	109.323331	0.000022	9.5
1757	-1.625111	109.288024	0.018309	8.1
1758	-0.075868	109.252747	0.002364	8.2
1759	-0.000003	109.217501	0.000001	9.4
1760	-1.617849	109.182284	0.020851	7.4
1761	-1.156462	109.147098	0.009222	9.4
1762	-1.856341	109.111942	0.028497	8.3
1763	-0.000000	109.076817	0.000000	9.4
1764	-1.496148	109.041721	0.022233	7.1
1765	-1.251690	109.006656	0.010125	8.8
1766	-0.687113	108.971620	0.007320	9.0
1767	-0.921244	108.936615	0.032307	8.3
1768	-1.723271	108.901640	0.019592	9.3
1769	-1.200074	108.866694	0.006919	8.9
1770	-0.667344	108.831779	0.005599	7.7
1771	-0.107363	108.796893	0.003642	9.8
1772	-0.894806	108.762037	0.010490	8.3
1773	-0.065456	108.727211	0.001828	9.1
1774	-0.000000	108.692415	0.000000	8.4
1775	-0.000000	108.657648	0.000000	8.2
1776	-0.000000	108.622911	0.000000	9.5
1777	-1.657859	108.588203	0.010761	10.5
1778	-1.834436	108.553525	0.014531	8.1
1779	-0.097331	108.518877	0.002420	8.1
1780	-0.000066	108.484258	0.000014	8.5
1781	-0.320340	108.449668	0.004495	9.5
1782	-0.770577	108.415108	0.007039	8.9
1783	-1.722196	108.380578	0.009014	9.3
1784	-1.567384	108.346076	0.012999	14.9
1785	-0.070220	108.311604	0.001634	8.5
1786	-1.339636	108.277161	0.009586	7.9
1787	-0.312170	108.242747	0.005330	8.5
1788	-0.364462	108.208363	0.005774	7.9
1789	-1.059667	108.174007	0.039675	8.9
1790	-0.097122	108.139681	0.001848	11.6
1791	-0.118843	108.105383	0.003797	8.9
1792	-0.747450	108.071115	0.012361	9.4
1793	-0.233109	108.036875	0.004999	8.0
1794	-0.000000	108.002665	0.000000	10.9
1795	-1.271646	107.968483	0.024067	8.6
1796	-0.000000	107.934330	0.000000	22.6
1797	-0.000005	107.900206	0.000002	7.8
1798	-0.182161	107.866111	0.003392	7.6
1799	-0.104359	107.832044	0.002668	10.1
1800	-0.802668	107.798007	0.008149	8.6
1801	-0.660536	107.763997	0.009333	10.2
1802	-0.661813	107.730017	0.010948	10.6
1803	-0.000000	107.696065	0.000000	13.8
1804	-0.010413	107.662141	0.000967	7.9
1805	-0.887105	107.628246	0.008440	9.6
1806	-1.629227	107.594379	0.026701	8.5
1807	-1.560867	107.560541	0.021040	9.0
1808	-1.999863	107.526731	0.030762	8.3
1809	-1.200633	107.492949	0.007183	8.9
1810	-0.000059	107.459196	0.000013	12.9
1811	-0.000000	107.425471	0.000000	13.7
1812	-0.009821	107.391774	0.000601	16.6
1813	-1.508199	107.358106	0.032758	9.1
1814	-1.281700	107.324465	0.013456	8.3
1815	-0.273081	107.290853	0.004667	8.8
1816	-0.000488	107.257268	0.000095	9.3
1817	-0.000000	107.223712	0.000000	10.5
1818	-0.522863	107.190184	0.007673	9.0
1819	-0.000137	107.156683	0.000030	15.1
1820	-0.277839	107.123211	0.005572	9.1
1821	-0.351061	107.089766	0.005730	7.9
1822	-1.531900	107.056349	0.019914	18.1
1823	-1.353462	107.022960	0.014923	7.7
1824	-0.348727	106.989599	0.005607	9.1
1825	-1.300495	106.956265	0.011682	7.1
1826	-1.586269	106.922960	0.013401	9.3
1827	-0.010238	106.889681	0.001062	7.3
1828	-0.023976	106.856431	0.001488	8.6
1829	-0.480449	106.823208	0.005134	8.5
1830	-1.490638	106.790012	0.009782	10.5
1831	-0.439153	106.756844	0.004312	8.5
1832	-1.699481	106.723703	0.011065	8.9
1833	-0.385196	106.690590	0.005870	8.6
1834	-0.000000	106.657505	0.000000	7.8
1835	-0.994592	106.624446	0.036614	8.0
1836	-1.823129	106.591415	0.023574	9.2
1837	-1.813124	106.558411	0.020001	8.1
1838	-0.001021	106.525435	0.000146	9.1
1839	-1.420793	106.492485	0.025369	12.6
1840	-1.195023	106.459563	0.005377	18.0
1841	-0.000046	106.426668	0.000012	8.2
1842	-0.543924	106.393800	0.021109	9.0
1843	-1.361977	106.360959	0.013931	7.9
1844	-0.669005	106.328145	0.009184	9.7
1845	-0.000000	106.295358	0.000000	10.3
1846	-1.414511	106.262598	0.022444	8.8
1847	-0.045536	106.229865	0.001448	9.1
1848	-0.708453	106.197158	0.022752	8.9
1849	-1.633583	106.164479	0.025748	7.8
1850	-0.062111	106.131826	0.002106	8.4
1851	-0.280507	106.099201	0.006699	8.8
1852	-1.561526	106.066602	0.016237	10.8
1853	-1.160055	106.034029	0.006390	12.0
1854	-0.803491	106.001483	0.007817	7.2
1855	-0.002140	105.968964	0.000350	12.7
1856	-0.000004	105.936472	0.000001	9.1
1857	-1.651473	105.904006	0.016392	9.2
1858	-1.955057	105.871566	0.012411	9.7
1859	-0.872179	105.839153	0.013337	8.6
1860	-0.058383	105.806767	0.003603	8.7
1861	-1.251806	105.774407	0.025990	8.4
1862	-1.375664	105.742073	0.011284	8.2
1863	-0.000489	105.709766	0.000100	9.9
1864	-0.383498	105.677485	0.005933	8.4
1865	-0.124098	105.645230	0.002602	9.4
1866	-0.323879	105.613001	0.005268	10.1
1867	-0.000000	105.580799	0.000000	13.2
1868	-0.849900	105.548623	0.008486	15.1
1869	-0.000000	105.516473	0.000000	8.6
1870	-1.691978	105.484349	0.048040	10.5
1871	-1.333644	105.452251	0.009043	9.0
1872	-0.247950	105.420179	0.004808	8.6
1873	-0.900648	105.388133	0.008315	8.4
1874	-1.655658	105.356113	0.016300	8.7
1875	-0.656363	105.324119	0.026703	8.3
1876	-0.744856	105.292151	0.006462	8.1
1877	-0.855163	105.260209	0.008359	16.0
1878	-0.002020	105.228293	0.000350	9.5
1879	-1.309829	105.196402	0.014159	7.6
1880	-0.000000	105.164537	0.000000	9.2
1881	-0.972846	105.132698	0.007106	9.7
1882	-1.514697	105.100885	0.020007	11.2
1883	-1.388194	105.069097	0.021452	9.4
1884	-0.362051	105.037335	0.005339	13.2
1885	-0.000009	105.005598	0.000002	12.1
1886	-0.068910	104.973887	0.003025	19.9
1887	-1.473463	104.942202	0.010029	7.6
1888	-0.000000	104.910542	0.000000	11.7
1889	-1.784802	104.878907	0.014676	9.1
1890	-1.685873	104.847298	0.009000	7.9
1891	-0.058057	104.815715	0.002691	9.7
1892	-0.069863	104.784156	0.001864	8.5
1893	-0.745258	104.752623	0.006460	9.6
1894	-0.688256	104.721116	0.007215	9.7
1895	-1.187211	104.689633	0.009006	6.9
1896	-0.003127	104.658176	0.000498	9.1
1897	-0.104916	104.626744	0.002385	8.8
1898	-0.007834	104.595337	0.000773	8.6
1899	-0.366310	104.563955	0.005687	9.1
1900	-0.417644	104.532599	0.005308	9.7
1901	-1.221452	104.501267	0.012078	9.2
1902	-0.974176	104.469960	0.008070	8.9
1903	-0.001157	104.438679	0.000219	9.0
1904	-1.380849	104.407422	0.017010	9.4
1905	-0.038362	104.376191	0.001638	22.4
1906	-0.225491	104.344984	0.004823	7.6
1907	-0.020423	104.313802	0.000952	8.5
1908	-0.850438	104.282645	0.025901	8.7
1909	-1.922291	104.251513	0.018681	9.4
1910	-0.915279	104.220405	0.025593	10.6
1911	-1.579682	104.189323	0.021734	8.3
1912	-0.831523	104.158265	0.010204	8.5
1913	-0.000000	104.127231	0.000000	8.5
1914	-1.209685	104.096222	0.038572	9.0
1915	-1.624745	104.065238	0.011235	9.5
1916	-1.643962	104.034279	0.014120	8.2
1917	-0.003425	104.003344	0.000458	9.4
1918	-1.799691	103.972433	0.015947	13.2
1919	-0.000067	103.941547	0.000014	8.6
1920	-0.184087	103.910686	0.005091	8.3
1921	-0.022839	103.879849	0.001130	9.0
1922	-1.508029	103.849036	0.007376	9.7
1923	-0.000000	103.818248	0.000000	8.1
1924	-0.804965	103.787484	0.011992	10.0
1925	-0.004759	103.756744	0.000329	9.1
1926	-0.519221	103.726029	0.008121	8.9
1927	-1.849281	103.695338	0.012984	8.4
1928	-0.183334	103.664671	0.003504	12.1
1929	-0.000024	103.634028	0.000006	9.5
1930	-0.233108	103.603409	0.008518	8.3
1931	-1.711847	103.572814	0.014285	8.1
1932	-0.000000	103.542244	0.000000	10.5
1933	-1.950222	103.511698	0.016277	9.3
1934	-0.000134	103.481175	0.000029	9.5
1935	-0.163327	103.450677	0.007299	12.7
1936	-0.014731	103.420202	0.000561	9.1
1937	-0.186607	103.389752	0.006362	9.0
1938	-0.672260	103.359325	0.008232	9.4
1939	-0.007611	103.328922	0.000782	7.9
1940	-0.000000	103.298543	0.000000	8.6
1941	-0.866678	103.268188	0.008268	8.8
1942	-0.477408	103.237857	0.006680	7.4
1943	-1.110857	103.207549	0.011917	9.1
1944	-0.797716	103.177265	0.029448	9.1
1945	-1.002769	103.147005	0.005603	8.6
1946	-1.071632	103.116768	0.013292	13.3
1947	-1.043224	103.086556	0.010051	10.9
1948	-0.000000	103.056366	0.000000	9.2
1949	-0.000005	103.026200	0.000001	7.4
1950	-1.174836	102.996058	0.026727	9.2
1951	-1.641797	102.965939	0.018509	9.1
1952	0.000000	102.935844	0.000000	7.7
1953	-1.846433	102.905772	0.009127	9.8
1954	-0.000000	102.875724	0.000000	8.1
1955	-0.752651	102.845699	0.009559	9.9
1956	-1.777399	102.815697	0.016624	9.9
1957	-0.424688	102.785719	0.005279	8.3
1958	-1.294820	102.755764	0.009864	9.6
1959	-1.121681	102.725832	0.007281	8.9
1960	-1.755022	102.695924	0.015047	9.1
1961	-0.136355	102.666038	0.003521	10.3
1962	-1.526514	102.636176	0.009191	7.9
1963	-0.354810	102.606337	0.006653	8.8
1964	-1.547001	102.576521	0.010484	8.3
1965	-1.408308	102.546728	0.007125	9.1
1966	-1.362485	102.516959	0.010782	10.6
1967	-0.436548	102.487212	0.006036	8.3
1968	-1.106165	102.457488	0.012312	12.5
1969	-0.000000	102.427788	0.000000	9.0
1970	-1.110958	102.398110	0.011805	8.6
1971	-1.318362	102.368455	0.010542	9.4
1972	-0.000000	102.338823	0.000000	8.4
1973	-0.002766	102.309214	0.000529	7.6
1974	-0.730514	102.279628	0.005711	9.3
1975	-0.006944	102.250064	0.000928	8.0
1976	-0.214446	102.220524	0.002896	8.5
1977	-0.000280	102.191006	0.000064	8.8
1978	-1.493583	102.161511	0.015718	11.6
1979	-0.000000	102.132038	0.000000	9.6
1980	-0.030040	102.102588	0.002494	8.3
1981	-1.463099	102.073161	0.003504	11.6
1982	-0.946523	102.043757	0.010342	12.9
1983	-1.926726	102.014375	0.024913	7.8
1984	-0.000000	101.985015	0.000000	8.4
1985	-0.022306	101.955678	0.001114	8.2
1986	-0.000002	101.926364	0.000001	7.5
1987	-1.771609	101.897072	0.016582	9.1
1988	-0.024546	101.867802	0.000964	9.0
1989	-0.005972	101.838555	0.000542	8.5
1990	-1.553817	101.809330	0.037324	7.1
1991	-0.265208	101.780128	0.003820	8.9
1992	-0.427680	101.750948	0.004370	8.2
1993	-0.907201	101.721790	0.009041	14.6
1994	-0.000000	101.692654	0.000000	9.2
1995	-0.619531	101.663541	0.006296	7.9
1996	-1.713280	101.634450	0.033044	7.8
1997	-0.137678	101.605381	0.004416	9.4
1998	-1.645835	101.576335	0.008837	8.8
1999	-1.615573	101.547310	0.014296	9.2
