1:ItNr	2:Metric	3a:Time	3b:StepSize	4:||Gradient||	Time[ms]
0	-0.471476	0.000000	17.683363	0.008049	1301.9
1	-0.468825	0.000000	17.683363	0.009566	4.1
2	-0.478009	0.999930	16.879627	0.006516	3.2
3	-0.506185	1.402094	16.576603	0.008945	5.1
4	-0.528293	0.513219	17.261509	0.008438	3.7
5	-0.522346	0.000000	17.683363	0.003894	5.8
6	-0.461432	0.996046	16.882608	0.005776	4.9
7	-0.513940	0.885489	16.967892	0.009253	6.6
8	-0.496521	1.830331	16.265670	0.009574	4.9
9	-0.512171	2.830331	15.583108	0.005149	4.4
10	-0.522871	1.941507	16.186845	0.003175	4.2
11	-0.495649	1.971838	16.165473	0.012725	5.4
12	-0.509979	1.223475	16.709836	0.006855	3.6
13	-0.510957	0.334582	17.406041	0.006183	4.1
14	-0.502583	1.334545	16.626738	0.011786	4.7
15	-0.507163	0.516873	17.258578	0.007515	3.2
16	-0.490017	0.000000	17.683363	0.006115	3.8
17	-0.470622	0.000000	17.683363	0.011650	4.1
18	-0.528807	0.000000	17.683363	0.010255	3.3
19	-0.492501	0.000000	17.683363	0.006049	7.7
20	-0.482136	0.278452	17.451957	0.007557	4.4
21	-0.443523	1.262251	16.680731	0.006724	4.0
22	-0.506527	0.379830	17.369204	0.008264	4.2
23	-0.497103	0.000000	17.683363	0.015777	4.1
24	-0.499840	0.999997	16.879576	0.006456	5.2
25	-0.511611	1.980129	16.159641	0.006869	4.1
26	-0.499880	1.091378	16.809754	0.008073	4.7
27	-0.495118	0.202908	17.514137	0.005155	3.6
28	-0.491161	1.192169	16.733409	0.006992	5.0
29	-0.455305	0.335995	17.404889	0.006735	6.7
30	-0.500080	1.330384	16.629836	0.006471	5.5
31	-0.466609	2.330299	15.917097	0.009511	3.8
32	-0.482271	1.442405	16.546829	0.009535	6.1
33	-0.502216	2.105398	16.072029	0.005439	4.9
34	-0.472325	1.216516	16.715070	0.006617	3.5
35	-0.504546	0.339730	17.401842	0.008139	5.2
36	-0.501947	1.337048	16.624875	0.011796	4.2
37	-0.551270	2.336934	15.912572	0.009985	4.3
38	-0.519185	1.448103	16.542628	0.008311	4.2
39	-0.515002	2.448103	15.837129	0.005396	3.7
40	-0.502165	3.448102	15.189344	0.008227	4.3
41	-0.527645	2.559206	15.762442	0.009334	4.5
42	-0.491879	3.559206	15.120628	0.008552	3.6
43	-0.462737	2.670330	15.688443	0.008545	5.1
44	-0.456720	1.782656	16.299707	0.006099	5.0
45	-0.474288	2.781815	15.614898	0.008386	5.0
46	-0.471498	1.893662	16.220674	0.007626	4.3
47	-0.501410	1.554591	16.464525	0.008151	5.4
48	-0.520518	0.665693	17.140030	0.005037	4.4
49	-0.472331	0.371972	17.375590	0.005627	3.6
50	-0.476076	0.000000	17.683363	0.006886	4.7
51	-0.505106	0.999942	16.879619	0.006263	3.3
52	-0.486206	1.235725	16.700631	0.006558	5.5
53	-0.451097	0.355623	17.388892	0.009731	5.1
54	-0.491432	1.355623	16.611061	0.007510	3.2
55	-0.465337	1.928918	16.195732	0.004192	3.9
56	-0.496626	2.563426	15.759619	0.008748	4.3
57	-0.484387	1.723241	16.342327	0.010362	4.2
58	-0.464677	2.723241	15.653452	0.005962	4.1
59	-0.482379	2.667885	15.690064	0.009274	4.9
60	-0.481723	1.779349	16.302074	0.004636	3.7
61	-0.485743	2.778505	15.617072	0.008070	4.4
62	-0.534811	2.578235	15.749721	0.006212	4.7
63	-0.546459	3.519363	15.145198	0.005582	3.5
64	-0.504141	4.518266	14.552346	0.008007	5.3
65	-0.514254	4.999150	14.283183	0.008224	4.8
66	-0.480925	4.110252	14.788805	0.012981	4.4
67	-0.516354	5.110252	14.222407	0.006090	4.7
68	-0.533781	4.221434	14.723612	0.005119	5.1
69	-0.486158	4.860372	14.359833	0.007574	4.3
70	-0.473658	5.860343	13.825238	0.010842	5.0
71	-0.501399	4.972660	14.297751	0.006814	5.2
72	-0.500264	4.083849	14.804371	0.008819	4.3
73	-0.529751	4.467631	14.581278	0.007385	3.9
74	-0.525083	3.653479	15.062808	0.010520	5.6
75	-0.504169	4.653330	14.475728	0.011458	5.7
76	-0.503759	5.653330	13.932616	0.007857	5.5
77	-0.489369	4.764434	14.413304	0.008235	4.3
78	-0.467652	4.265793	14.697763	0.005359	4.7
79	-0.473931	4.219098	14.724976	0.006491	5.0
80	-0.576126	4.967761	14.300449	0.006215	3.8
81	-0.500124	5.965729	13.771206	0.009326	3.4
82	-0.534205	6.965034	13.279105	0.007789	2.9
83	-0.466745	6.627272	13.441451	0.008352	3.3
84	-0.494924	7.627271	12.971919	0.005459	5.3
85	-0.509034	8.253671	12.694155	0.006421	5.1
86	-0.505624	7.380880	13.084535	0.007230	3.4
87	-0.487657	8.363811	12.646541	0.007508	3.3
88	-0.503835	7.490080	13.034383	0.006662	5.0
89	-0.489689	7.854567	12.869735	0.006071	3.1
90	-0.464558	6.965696	13.278791	0.004606	3.9
91	-0.484202	6.077221	13.714503	0.006476	4.5
92	-0.509391	5.882300	13.813946	0.006642	4.3
93	-0.474741	6.882286	13.318514	0.007140	4.8
94	-0.499891	7.882286	12.857383	0.004963	7.2
95	-0.515606	6.997424	13.263742	0.007285	3.3
96	-0.486734	7.937354	12.832916	0.008190	5.8
97	-0.501541	8.923983	12.409799	0.009352	5.1
98	-0.541141	8.035088	12.789719	0.005640	4.8
99	-0.519794	9.034983	12.363936	0.007263	3.4
100	-0.466693	8.382458	12.638515	0.008157	5.3
101	-0.498984	8.497546	12.589204	0.005781	3.7
102	-0.477068	7.609751	12.979862	0.009800	4.5
103	-0.471313	6.720860	13.396071	0.004622	4.2
104	-0.481199	7.522943	13.019366	0.007061	4.6
105	-0.473239	6.634565	13.437904	0.004644	6.1
106	-0.504120	7.168585	13.183148	0.007099	3.5
107	-0.519221	6.318135	13.593557	0.009860	4.2
108	-0.531912	6.754993	13.379597	0.006594	3.5
109	-0.464669	7.754989	12.914302	0.004459	3.7
110	-0.492903	8.497160	12.589369	0.006314	5.0
111	-0.455611	9.496428	12.176857	0.009122	5.6
112	-0.525809	10.412528	11.821736	0.007452	4.6
113	-0.481142	9.523630	12.166005	0.007192	7.4
114	-0.519874	10.515393	11.783151	0.008921	4.7
115	-0.490132	11.515392	11.420764	0.008042	4.1
116	-0.518795	11.363625	11.474321	0.008263	4.4
117	-0.482304	12.363624	11.130404	0.006492	4.1
118	-0.467827	11.475262	11.434877	0.006661	3.7
119	-0.498413	10.666095	11.727073	0.007525	4.3
120	-0.496336	9.777198	12.065771	0.008947	5.5
121	-0.498901	10.537211	11.774999	0.008823	4.3
122	-0.502957	9.676411	12.105413	0.007678	3.7
123	-0.528543	10.676411	11.723254	0.008789	4.4
124	-0.542671	9.787514	12.061728	0.006171	3.6
125	-0.508702	10.783245	11.683849	0.006861	7.2
126	-0.484286	11.701205	11.355870	0.007321	4.2
127	-0.485829	11.811902	11.317559	0.004972	4.1
128	-0.453790	10.973275	11.614407	0.007514	4.1
129	-0.483076	10.084396	11.946529	0.006368	4.8
130	-0.526255	10.930181	11.630082	0.010892	3.5
131	-0.506173	11.930179	11.276909	0.012273	3.6
132	-0.462984	12.930179	10.944553	0.010573	3.8
133	-0.498519	13.930179	10.631226	0.007235	2.9
134	-0.514456	14.929901	10.335420	0.007576	4.7
135	-0.499428	14.041137	10.597562	0.007012	4.5
136	-0.494268	15.037601	10.304532	0.007358	3.1
137	-0.478495	14.148956	10.565054	0.007408	3.6
138	-0.507829	15.148955	10.272790	0.007508	3.4
139	-0.482547	16.066196	10.018579	0.008848	4.4
140	-0.497101	17.066193	9.755392	0.007465	3.9
141	-0.504227	16.177362	9.988622	0.009846	5.5
142	-0.490886	15.685291	10.122603	0.008091	6.8
143	-0.506215	14.889268	10.347122	0.011230	5.1
144	-0.498223	14.422442	10.483484	0.005817	5.5
145	-0.459759	15.329674	10.221689	0.005681	4.3
146	-0.436171	15.365431	10.211638	0.005826	5.0
147	-0.501528	16.300364	9.955684	0.006175	5.2
148	-0.494223	17.253481	9.707630	0.009011	3.8
149	-0.512948	18.253480	9.460324	0.009486	4.1
150	-0.510143	19.253480	9.225305	0.006665	5.3
151	-0.494873	20.253480	9.001680	0.007178	4.3
152	-0.467983	19.822929	9.096619	0.008270	4.2
153	-0.530117	20.737909	8.897202	0.005531	5.5
154	-0.488694	20.570225	8.933092	0.010599	2.9
155	-0.465015	19.681484	9.128247	0.006072	5.7
156	-0.520014	18.797262	9.331060	0.006469	4.8
157	-0.501393	18.946199	9.296269	0.006610	5.1
158	-0.492772	18.228095	9.466446	0.008417	2.9
159	-0.500055	17.339197	9.685926	0.007048	4.6
160	-0.513475	16.450301	9.915825	0.004427	3.5
161	-0.504250	15.570106	10.154486	0.007963	4.5
162	-0.512453	14.806404	10.371067	0.004541	5.7
163	-0.490989	15.801838	10.090546	0.010435	3.2
164	-0.506456	14.920604	10.338095	0.005741	4.8
165	-0.500704	15.920055	10.058236	0.009302	6.1
166	-0.494727	15.033262	10.305773	0.006313	3.3
167	-0.515143	16.019982	10.031086	0.006753	6.3
168	-0.463349	15.748633	10.105155	0.007488	4.2
169	-0.492682	16.748633	9.837459	0.011045	3.0
170	-0.496588	17.174163	9.727800	0.009866	5.2
171	-0.532112	18.174163	9.479478	0.008646	6.0
172	-0.476675	17.285265	9.699570	0.008101	5.0
173	-0.480551	18.285259	9.452671	0.006479	9.4
174	-0.488847	17.844062	9.560036	0.007021	4.0
175	-0.512273	16.955186	9.783923	0.005479	5.7
176	-0.487314	16.113548	10.005797	0.014196	4.6
177	-0.514433	17.113437	9.743299	0.005750	4.6
178	-0.456393	18.113415	9.494201	0.009165	4.1
179	-0.490748	19.113249	9.257555	0.006249	4.1
180	-0.497052	20.113186	9.032397	0.008652	4.2
181	-0.512389	21.112489	8.818064	0.007577	4.9
182	-0.483916	20.223592	9.008206	0.008019	4.0
183	-0.468250	19.334738	9.206720	0.007225	3.8
184	-0.493184	18.551180	9.389116	0.009741	4.8
185	-0.542471	19.551180	9.157579	0.007116	4.7
186	-0.498230	20.538448	8.939925	0.009109	6.5
187	-0.523651	21.538448	8.729764	0.010505	3.6
188	-0.508697	22.533898	8.530149	0.009868	2.8
189	-0.472049	23.533898	8.338606	0.004458	4.6
190	-0.475108	24.516555	8.158584	0.008246	4.6
191	-0.477376	23.630900	8.320483	0.011203	3.5
192	-0.501188	22.742002	8.489566	0.007786	7.1
193	-0.511796	23.694951	8.308559	0.003469	3.9
194	-0.500138	24.671987	8.130818	0.010160	4.4
195	-0.467055	25.669173	7.957086	0.006780	4.5
196	-0.515649	26.356239	7.841641	0.005039	4.1
197	-0.502531	25.497917	7.986393	0.006477	3.6
198	-0.459180	25.334184	8.014615	0.004759	4.3
199	-0.470251	24.462669	8.168254	0.006458	3.9
200	-0.476089	23.827015	8.284081	0.009187	3.9
201	-0.502615	24.827015	8.103313	0.007719	4.5
202	-0.480612	23.938120	8.263600	0.006013	4.8
203	-0.483531	24.938119	8.083714	0.005906	3.2
204	-0.487273	24.417803	8.176323	0.008406	5.3
205	-0.485525	23.534749	8.338447	0.005032	5.3
206	-0.494624	24.534648	8.155342	0.006376	2.9
207	-0.460553	23.687680	8.309911	0.005773	5.6
208	-0.506934	23.496870	8.345545	0.005739	4.9
209	-0.478289	23.240108	8.393981	0.006154	4.4
210	-0.510053	24.233085	8.209712	0.006652	6.2
211	-0.474965	25.233008	8.032154	0.004168	3.7
212	-0.480023	24.460856	8.168580	0.003589	4.9
213	-0.495881	24.919921	8.086918	0.005950	4.4
214	-0.481988	24.327576	8.192598	0.008317	4.5
215	-0.486859	25.276388	8.024624	0.007257	3.0
216	-0.493775	26.276383	7.854887	0.008694	4.7
217	-0.486097	25.387527	8.005398	0.009211	5.0
218	-0.520163	26.213684	7.865318	0.009434	4.6
219	-0.475029	27.213673	7.702185	0.006496	4.8
220	-0.477709	26.328287	7.846272	0.005603	5.1
221	-0.521011	26.238967	7.861108	0.007895	5.6
222	-0.442846	27.225606	7.700279	0.009084	5.2
223	-0.486217	28.225520	7.543864	0.008496	4.0
224	-0.493680	27.337139	7.682511	0.006266	3.4
225	-0.492255	28.337134	7.526798	0.006470	4.1
226	-0.498778	29.336048	7.377429	0.009035	5.0
227	-0.474916	28.521069	7.498841	0.007985	4.4
228	-0.507329	27.632171	7.635905	0.010379	4.0
229	-0.502239	26.743274	7.778072	0.008495	4.2
230	-0.494975	27.743206	7.618510	0.009706	3.3
231	-0.484427	26.859783	7.759137	0.006051	5.0
232	-0.458283	25.993310	7.902202	0.005001	4.8
233	-0.487678	26.992613	7.737662	0.008701	3.6
234	-0.513386	27.960257	7.584736	0.008707	4.9
235	-0.486604	27.071448	7.724973	0.009004	5.3
236	-0.499065	26.182550	7.870508	0.007305	3.8
237	-0.473336	25.307915	8.019161	0.009229	5.5
238	-0.483943	26.307914	7.849651	0.008906	3.7
239	-0.493986	27.307749	7.687185	0.009109	4.4
240	-0.498720	26.418852	7.831287	0.006828	5.2
241	-0.483740	25.531100	7.980697	0.011175	3.7
242	-0.494804	26.531097	7.812793	0.006250	5.0
243	-0.473515	26.056681	7.891560	0.008680	5.5
244	-0.488175	26.977013	7.740178	0.007225	4.4
245	-0.495583	26.115531	7.881703	0.007832	4.8
246	-0.509847	27.115527	7.717896	0.008661	4.3
247	-0.503717	27.503247	7.656201	0.004864	3.3
248	-0.509524	26.614358	7.799131	0.007828	3.7
249	-0.489656	27.614350	7.638704	0.008440	5.1
250	-0.516944	26.904738	7.751856	0.007339	4.3
251	-0.505308	27.904738	7.593347	0.007445	4.4
252	-0.486159	27.016566	7.733802	0.008947	4.8
253	-0.496014	26.169492	7.872686	0.006972	4.1
254	-0.472972	27.169244	7.709289	0.011918	3.3
255	-0.497414	26.280858	7.854143	0.012630	5.1
256	-0.493349	27.280858	7.691467	0.006199	3.5
257	-0.476380	28.280858	7.535393	0.005552	3.5
258	-0.494690	27.876344	7.597758	0.006888	4.5
259	-0.499391	26.987459	7.738493	0.008599	5.1
260	-0.489747	26.151352	7.875715	0.006448	3.7
261	-0.497294	27.151325	7.712158	0.014231	5.2
262	-0.513117	28.151325	7.555252	0.005333	4.0
263	-0.458184	27.262428	7.694404	0.003748	3.8
264	-0.481640	27.919583	7.591042	0.006266	5.0
265	-0.501416	27.031336	7.731424	0.007247	4.2
266	-0.483110	26.142439	7.877204	0.008307	4.8
267	-0.496906	27.142439	7.713581	0.010522	4.2
268	-0.499985	26.253541	7.858684	0.008736	4.7
269	-0.468811	27.253541	7.695821	0.012810	4.7
270	-0.516069	28.251680	7.539857	0.006347	3.8
271	-0.532494	29.251360	7.389862	0.006283	4.7
272	-0.476932	30.232261	7.248375	0.006498	4.3
273	-0.462518	29.661037	7.330103	0.006786	4.1
274	-0.491361	28.780345	7.459784	0.005003	4.3
275	-0.469872	29.722564	7.321212	0.009789	3.2
276	-0.494873	30.506037	7.209847	0.008485	5.0
277	-0.480357	31.506037	7.072532	0.004974	4.9
278	-0.502757	30.617172	7.194323	0.006774	4.2
279	-0.491364	30.740261	7.177208	0.006376	4.0
280	-0.480170	29.851569	7.302638	0.006936	4.2
281	-0.505679	28.963286	7.432470	0.008471	4.2
282	-0.527236	29.956911	7.287542	0.004548	3.7
283	-0.484481	29.454281	7.360141	0.009423	4.9
284	-0.494241	29.645669	7.332327	0.008029	3.7
285	-0.479048	28.756781	7.463317	0.012393	3.3
286	-0.460393	29.756752	7.316280	0.005334	4.1
287	-0.511507	30.756750	7.174922	0.007712	4.0
288	-0.506533	29.867860	7.300300	0.011781	3.2
289	-0.508078	28.978963	7.430139	0.007808	4.4
290	-0.508780	29.846018	7.303436	0.008989	6.0
291	-0.479209	30.845418	7.162651	0.006619	3.2
292	-0.502039	29.956681	7.287575	0.008506	4.9
293	-0.534075	30.956534	7.147333	0.007062	4.4
294	-0.489540	30.086867	7.269004	0.007614	4.2
295	-0.504142	30.037116	7.276089	0.009499	3.5
296	-0.507294	31.037116	7.136265	0.005294	3.9
297	-0.509386	30.274919	7.242344	0.009751	3.3
298	-0.478367	31.273282	7.104024	0.009459	4.7
299	-0.510269	30.384384	7.226916	0.006817	5.0
300	-0.501145	29.495488	7.354135	0.014736	4.6
301	-0.514504	30.495488	7.211324	0.009131	3.9
302	-0.523188	31.495455	7.073958	0.010274	4.0
303	-0.523609	30.811711	7.167311	0.005337	3.7
304	-0.503896	31.653771	7.052688	0.007504	5.5
305	-0.467597	32.595357	6.928784	0.006730	4.0
306	-0.505777	31.771065	7.037012	0.008283	3.3
307	-0.509699	30.882380	7.157548	0.008887	3.3
308	-0.552253	29.993483	7.282315	0.007287	5.4
309	-0.497615	30.992443	7.142396	0.005870	4.1
310	-0.492145	31.992435	7.007616	0.008962	3.2
311	-0.492492	32.782960	6.904615	0.006971	5.5
312	-0.488500	31.894232	7.020626	0.005296	4.5
313	-0.525342	31.005947	7.140542	0.008774	3.8
314	-0.513164	32.002430	7.006294	0.011394	5.9
315	-0.480523	31.113624	7.125788	0.007648	4.2
316	-0.486896	31.757035	7.038883	0.004440	4.1
317	-0.467658	31.811631	7.031607	0.009487	4.5
318	-0.544129	30.922773	7.151980	0.010205	4.7
319	-0.493602	31.922773	7.016840	0.008360	3.7
320	-0.484964	32.243830	6.974529	0.008636	3.9
321	-0.493975	31.354932	7.092944	0.007121	5.8
322	-0.482989	30.466035	7.215451	0.014687	4.3
323	-0.496968	29.577137	7.342263	0.006432	4.5
324	-0.509464	29.762994	7.315381	0.008966	4.6
325	-0.496126	29.209660	7.396000	0.011489	3.6
326	-0.490192	28.320762	7.529296	0.004710	5.4
327	-0.496887	27.964917	7.584014	0.009291	4.7
328	-0.529528	28.015488	7.576189	0.005539	4.1
329	-0.510959	29.015048	7.424778	0.006358	3.7
330	-0.476538	28.136205	7.557576	0.004024	4.8
331	-0.514414	27.264890	7.694012	0.007646	3.5
332	-0.506147	26.376027	7.838366	0.006608	4.0
333	-0.469016	25.516849	7.983142	0.005335	5.0
334	-0.495284	24.627996	8.138657	0.011252	2.8
335	-0.498197	23.962254	8.259164	0.008842	4.0
336	-0.515466	24.961831	8.079544	0.008978	4.4
337	-0.484887	24.072934	8.238883	0.007652	5.1
338	-0.513059	25.072934	8.060060	0.004444	3.9
339	-0.487908	25.701455	7.951586	0.008991	3.9
340	-0.464144	26.271617	7.855678	0.007158	4.1
341	-0.485352	26.480912	7.821051	0.008207	4.2
342	-0.479587	25.592023	7.970262	0.008831	5.3
343	-0.511382	26.592000	7.802795	0.003191	4.0
344	-0.485885	25.949997	7.909492	0.009446	4.8
345	-0.525423	26.940972	7.745997	0.007180	5.6
346	-0.452927	27.940972	7.587725	0.008530	4.4
347	-0.468967	27.052074	7.728087	0.007038	3.9
348	-0.461211	27.872676	7.598328	0.003868	5.2
349	-0.478908	28.748498	7.464560	0.006228	4.0
350	-0.495965	29.738933	7.318850	0.004471	4.9
351	-0.517148	29.421605	7.364911	0.005878	4.0
352	-0.494500	30.370430	7.228879	0.008947	3.6
353	-0.523770	31.242633	7.108191	0.009375	4.6
354	-0.486393	30.504236	7.210099	0.013463	4.2
355	-0.497480	31.504236	7.072775	0.010394	4.3
356	-0.476164	30.615338	7.194579	0.007622	4.2
357	-0.469877	29.886132	7.297678	0.006202	4.9
358	-0.499043	30.827154	7.165175	0.006194	3.2
359	-0.507761	30.053916	7.273695	0.005617	4.6
360	-0.507506	29.182609	7.399986	0.005473	3.9
361	-0.502509	30.142150	7.261146	0.008596	3.8
362	-0.507987	30.077717	7.270306	0.006120	4.0
363	-0.526491	29.322063	7.379479	0.005980	3.9
364	-0.483588	29.031968	7.422267	0.008295	5.7
365	-0.506287	30.029541	7.277170	0.008435	3.5
366	-0.464448	30.986009	7.143280	0.009380	3.9
367	-0.522917	31.986009	7.008466	0.007835	4.2
368	-0.497556	31.160529	7.119380	0.007119	3.6
369	-0.490263	30.427836	7.220810	0.007076	5.6
370	-0.443186	31.400151	7.086824	0.006392	4.2
371	-0.486042	32.386665	6.955869	0.006824	4.3
372	-0.516851	33.386285	6.828020	0.006387	4.0
373	-0.487964	32.497389	6.941472	0.010699	3.9
374	-0.506231	31.609545	7.058617	0.010300	3.3
375	-0.476320	32.609545	6.926950	0.006936	4.2
376	-0.500544	33.609545	6.800105	0.007668	6.1
377	-0.521678	32.757149	6.907930	0.007965	3.7
378	-0.446608	31.960071	7.011898	0.007793	5.1
379	-0.466064	31.071173	7.131597	0.005083	5.0
380	-0.503179	30.674105	7.186397	0.007382	3.3
381	-0.492414	31.667815	7.050808	0.006634	4.7
382	-0.490524	32.380169	6.956715	0.006687	4.9
383	-0.488052	33.378814	6.828958	0.009106	4.6
384	-0.510872	32.489918	6.942441	0.004983	4.5
385	-0.517970	32.256811	6.972829	0.007134	4.8
386	-0.506745	33.251687	6.844960	0.006580	4.2
387	-0.475293	34.251678	6.721074	0.008091	4.2
388	-0.486577	34.039475	6.746987	0.008256	5.7
389	-0.503498	33.541272	6.808617	0.012172	3.8
390	-0.471060	34.541270	6.686031	0.008876	4.6
391	-0.495813	33.652406	6.794772	0.006287	4.3
392	-0.475233	34.651445	6.672794	0.007095	3.4
393	-0.513625	35.480594	6.574836	0.005824	3.9
394	-0.509704	36.168477	6.495724	0.006202	4.4
395	-0.492446	37.167733	6.384134	0.005832	3.3
396	-0.489931	36.281573	6.482899	0.007590	3.5
397	-0.519273	35.392718	6.585081	0.006472	3.9
398	-0.478680	36.357541	6.474312	0.004201	4.6
399	-0.488366	35.509933	6.571422	0.010181	3.3
400	-0.478281	35.284285	6.597768	0.006678	4.6
401	-0.512472	36.284284	6.482592	0.007122	4.0
402	-0.498589	36.771233	6.427951	0.007633	3.8
403	-0.539758	37.188816	6.381821	0.003828	4.4
404	-0.484624	37.229656	6.377345	0.009704	5.1
405	-0.489064	38.190514	6.273820	0.006310	3.7
406	-0.496979	37.301618	6.369474	0.007803	5.5
407	-0.483713	36.466970	6.461984	0.005338	5.3
408	-0.465167	35.579836	6.563303	0.007503	3.9
409	-0.485439	36.571405	6.450262	0.010174	4.1
410	-0.518625	37.334174	6.365919	0.007419	4.4
411	-0.512654	37.362870	6.362789	0.005768	4.1
412	-0.506468	36.474969	6.461084	0.007945	4.7
413	-0.492510	35.586098	6.562577	0.006293	4.5
414	-0.500863	36.586098	6.448616	0.007337	4.5
415	-0.488510	35.697204	6.549717	0.004999	3.5
416	-0.483467	35.387245	6.585720	0.006050	5.5
417	-0.537975	34.631981	6.675129	0.005650	4.7
418	-0.518539	34.723681	6.664144	0.006956	4.2
419	-0.486042	33.994737	6.752476	0.008979	4.8
420	-0.454009	34.993703	6.632007	0.009445	4.2
421	-0.464757	34.256535	6.720483	0.006730	3.8
422	-0.529464	35.256535	6.601022	0.005224	4.9
423	-0.496760	36.218223	6.490076	0.006763	3.3
424	-0.470213	37.197816	6.380834	0.007702	3.3
425	-0.498815	36.331415	6.477262	0.006432	3.7
426	-0.514109	35.455806	6.577723	0.009712	4.6
427	-0.487031	34.586852	6.680548	0.006185	3.4
428	-0.466411	33.698503	6.789046	0.006854	4.7
429	-0.493301	32.863624	6.894275	0.004615	3.7
430	-0.510843	33.795554	6.777021	0.008770	4.3
431	-0.494397	32.925021	6.886425	0.009587	4.6
432	-0.459337	32.036127	7.001843	0.007181	4.2
433	-0.483055	31.158938	7.119597	0.011593	4.1
434	-0.483990	32.020060	7.003965	0.007196	4.2
435	-0.500646	31.131208	7.123384	0.008898	4.8
436	-0.521635	32.130087	6.989460	0.007579	3.1
437	-0.463185	33.130087	6.860337	0.005010	4.0
438	-0.500957	32.851040	6.895886	0.006299	3.4
439	-0.498166	33.838674	6.771692	0.008902	5.0
440	-0.492541	32.972675	6.880345	0.009951	3.5
441	-0.495239	32.235584	6.975609	0.007006	5.5
442	-0.477385	33.235564	6.846995	0.008010	3.8
443	-0.508014	34.235477	6.723045	0.008042	4.5
444	-0.501937	35.235446	6.603497	0.011732	4.7
445	-0.553018	34.479431	6.693483	0.009960	5.1
446	-0.512479	35.199702	6.607697	0.006378	4.0
447	-0.475648	36.199702	6.492178	0.005497	4.2
448	-0.500798	35.338862	6.591376	0.005415	4.2
449	-0.491249	36.315664	6.479043	0.008156	3.7
450	-0.491509	35.427299	6.581046	0.009763	4.0
451	-0.500836	34.538401	6.686376	0.009823	4.6
452	-0.508371	35.516407	6.570669	0.010766	3.1
453	-0.494416	34.627533	6.675662	0.005859	3.3
454	-0.456763	35.627432	6.557787	0.008359	3.6
455	-0.523790	34.740151	6.662175	0.008344	7.2
456	-0.526654	33.857507	6.769367	0.009265	3.9
457	-0.467076	32.971843	6.880451	0.004455	4.5
458	-0.494465	33.961073	6.756612	0.006839	3.8
459	-0.494486	34.861330	6.647723	0.010164	5.5
460	-0.498644	34.216072	6.725408	0.005632	5.3
461	-0.491633	35.212336	6.606212	0.008408	3.6
462	-0.500533	34.323441	6.712356	0.005614	4.3
463	-0.488232	33.653467	6.794640	0.011281	2.9
464	-0.492910	34.653467	6.672552	0.008654	5.0
465	-0.455687	35.653467	6.554773	0.004422	3.5
466	-0.492364	36.653008	6.441132	0.006844	5.7
467	-0.521198	35.768288	6.541515	0.011673	3.8
468	-0.449147	34.887067	6.644661	0.008273	4.3
469	-0.499088	35.722019	6.546851	0.006278	5.0
470	-0.495200	34.835529	6.650794	0.007597	4.2
471	-0.484069	35.661111	6.553889	0.010610	4.2
472	-0.503521	36.661105	6.440227	0.005713	3.4
473	-0.456232	37.638613	6.332869	0.011806	5.0
474	-0.474126	38.638613	6.226681	0.008083	4.2
475	-0.478766	37.749715	6.320892	0.005866	4.1
476	-0.497101	38.749658	6.215109	0.009132	5.9
477	-0.502090	39.749658	6.112802	0.005634	3.4
478	-0.482114	38.870294	6.202586	0.005571	4.1
479	-0.520109	39.752717	6.112494	0.009662	4.8
480	-0.501448	40.750604	6.013717	0.009233	4.1
481	-0.505448	39.861706	6.101548	0.011353	4.2
482	-0.521283	40.861706	6.002916	0.006681	3.3
483	-0.483159	39.972808	6.090430	0.005751	3.8
484	-0.467826	40.965726	5.992839	0.007604	3.1
485	-0.495386	41.965367	5.897696	0.014666	4.9
486	-0.449136	41.076469	5.982148	0.008656	4.1
487	-0.491607	40.187572	6.069053	0.006685	5.1
488	-0.481044	39.298674	6.158521	0.006279	5.8
489	-0.437694	40.293815	6.058533	0.004066	3.5
490	-0.512121	41.170627	5.973088	0.009287	4.3
491	-0.479897	40.298731	6.058047	0.007535	4.0
492	-0.502116	39.409839	6.147188	0.005005	6.9
493	-0.484371	40.387481	6.049289	0.008745	3.5
494	-0.494165	39.498602	6.138169	0.010654	3.4
495	-0.504594	40.498602	6.038359	0.005762	4.6
496	-0.490177	41.498528	5.941750	0.008479	3.0
497	-0.486930	40.609656	6.027474	0.010816	3.1
498	-0.497244	41.324964	5.958297	0.006389	3.9
499	-0.454273	42.324951	5.864207	0.004509	6.2
