1:ItNr	2:Metric	3:StepSize	4:||Gradient||	Time[ms]
0	-0.042871	627.201626	0.002051	627.3
1	-1.448575	623.504937	0.036039	10.1
2	-0.000002	619.865785	0.000001	11.8
3	-1.033370	616.282728	0.012320	13.7
4	-0.000009	612.754375	0.000005	14.7
5	-0.211285	609.279381	0.011680	11.9
6	-1.596402	605.856447	0.021837	9.2
7	-0.396634	602.484317	0.004744	8.6
8	-0.654985	599.161779	0.006497	8.7
9	-0.000000	595.887656	0.000000	9.8
10	-1.223489	592.660813	0.020138	7.9
11	-0.515466	589.480151	0.006584	18.8
12	-0.798028	586.344606	0.018967	8.6
13	-0.960214	583.253145	0.030949	8.3
14	-0.177628	580.204771	0.003548	11.8
15	-0.000000	577.198517	0.000000	8.8
16	-1.343620	574.233444	0.035138	11.1
17	-1.100749	571.308645	0.018196	9.5
18	-0.363613	568.423237	0.007230	14.7
19	-1.286259	565.576365	0.021667	8.9
20	-0.000000	562.767201	0.000000	12.1
21	-0.016433	559.994938	0.002784	9.2
22	-1.505545	557.258797	0.041465	8.0
23	-0.776391	554.558018	0.016740	7.9
24	-0.431991	551.891865	0.008797	9.6
25	-1.167349	549.259621	0.038023	8.1
26	-0.000000	546.660592	0.000000	8.7
27	-0.480796	544.094102	0.014820	10.1
28	-0.784240	541.559494	0.011207	8.4
29	-0.072327	539.056129	0.002773	9.1
30	-0.998879	536.583387	0.028979	9.3
31	-1.654877	534.140663	0.016748	9.1
32	-1.397643	531.727370	0.020257	8.7
33	-1.556114	529.342935	0.023601	9.0
34	-0.701932	526.986802	0.014282	8.5
35	-0.395795	524.658430	0.008536	9.4
36	-0.716646	522.357290	0.032606	8.3
37	-0.832095	520.082868	0.033170	12.3
38	-0.239022	517.834665	0.003086	10.0
39	-0.000000	515.612193	0.000000	9.6
40	-0.858354	513.414976	0.011377	9.3
41	-0.574870	511.242551	0.004124	9.5
42	-1.291472	509.094468	0.025140	9.0
43	-0.832566	506.970285	0.023534	8.9
44	-1.060323	504.869574	0.012682	8.8
45	-0.452174	502.791916	0.006101	10.0
46	-0.000000	500.736903	0.000000	8.5
47	-1.064932	498.704137	0.016943	8.2
48	-0.007500	496.693228	0.001228	10.0
49	-0.046837	494.703798	0.001141	8.9
50	-0.262529	492.735476	0.013401	9.5
51	-0.002326	490.787900	0.000230	9.0
52	-1.635445	488.860718	0.030991	9.2
53	-0.392138	486.953585	0.008133	8.5
54	-1.492241	485.066164	0.008824	8.7
55	-1.333398	483.198126	0.018751	10.3
56	-1.596218	481.349149	0.019661	10.5
57	-0.898151	479.518920	0.038991	7.9
58	-0.807908	477.707132	0.009923	9.7
59	-0.027453	475.913485	0.001564	8.2
60	-0.507740	474.137684	0.007073	10.0
61	-1.341888	472.379445	0.027475	9.8
62	-0.106341	470.638485	0.001757	7.8
63	-1.197197	468.914531	0.019393	8.4
64	-1.293868	467.207315	0.018502	9.1
65	-1.612087	465.516573	0.033845	9.6
66	-0.000000	463.842050	0.000000	8.7
67	-0.084683	462.183494	0.001523	10.2
68	-1.415134	460.540658	0.031988	8.5
69	-0.000000	458.913303	0.000000	7.8
70	-1.447570	457.301192	0.012798	9.5
71	-1.322027	455.704096	0.035586	9.0
72	-0.000116	454.121787	0.000040	9.0
73	-0.096591	452.554045	0.002838	11.5
74	-0.000000	451.000653	0.000000	7.1
75	-1.517199	449.461399	0.022304	9.0
76	-0.000000	447.936075	0.000000	8.6
77	-0.394004	446.424477	0.005545	17.5
78	-0.017554	444.926406	0.000627	9.0
79	-1.057091	443.441666	0.017013	8.1
80	-1.320018	441.970065	0.023751	8.1
81	-0.000000	440.511415	0.000000	9.8
82	-1.359628	439.065533	0.015498	8.5
83	-0.224637	437.632238	0.003968	9.0
84	-1.392747	436.211351	0.039527	8.6
85	-0.754752	434.802701	0.007934	9.4
86	-0.003054	433.406117	0.000474	13.3
87	-1.511694	432.021430	0.021774	8.5
88	-1.291705	430.648479	0.010890	11.9
89	-0.018308	429.287101	0.001270	11.5
90	-1.501688	427.937140	0.024297	8.0
91	-0.391274	426.598440	0.003571	8.3
92	-0.197511	425.270849	0.003195	8.6
93	-1.377854	423.954220	0.010843	10.2
94	-0.000394	422.648404	0.000115	8.1
95	-0.783398	421.353259	0.009052	8.6
96	-0.635212	420.068643	0.009570	11.0
97	-1.702661	418.794419	0.017959	9.8
98	-0.605714	417.530451	0.009621	8.6
99	-0.005079	416.276604	0.001182	7.7
100	-0.829474	415.032748	0.016851	16.1
101	-0.000008	413.798754	0.000004	9.0
102	-0.850140	412.574495	0.007150	9.8
103	-0.286820	411.359849	0.004804	8.9
104	-0.179892	410.154691	0.004488	9.9
105	-1.578475	408.958904	0.028038	8.3
106	-1.399990	407.772368	0.025481	8.2
107	-1.326649	406.594968	0.018967	9.0
108	-0.257750	405.426590	0.004215	9.6
109	-0.330451	404.267122	0.007281	8.3
110	-0.000000	403.116456	0.000000	9.9
111	-0.000000	401.974481	0.000000	9.2
112	-0.000000	400.841093	0.000000	8.6
113	-0.000000	399.716187	0.000000	8.5
114	-0.689492	398.599660	0.013809	8.3
115	-1.533760	397.491411	0.022625	7.6
116	-0.419491	396.391342	0.010371	20.5
117	-0.139765	395.299353	0.006802	7.3
118	-0.996165	394.215350	0.007810	9.1
119	-1.069320	393.139238	0.015158	17.8
120	-0.986066	392.070924	0.009581	9.2
121	-0.068125	391.010316	0.001651	11.4
122	-1.430863	389.957325	0.018230	9.2
123	-0.005932	388.911862	0.000152	8.5
124	-0.710628	387.873839	0.006852	9.0
125	-1.282569	386.843173	0.024599	8.9
126	-0.649398	385.819777	0.010074	8.5
127	-1.436589	384.803569	0.018002	11.8
128	-1.421539	383.794468	0.017496	8.1
129	-0.940150	382.792393	0.012013	11.8
130	-0.000000	381.797264	0.000000	10.1
131	-0.423584	380.809005	0.007964	8.7
132	-0.000000	379.827537	0.000000	9.9
133	-0.253741	378.852786	0.003003	12.7
134	-1.518226	377.884678	0.028912	10.4
135	-0.142780	376.923138	0.003235	9.5
136	-0.000000	375.968095	0.000000	11.0
137	-0.000000	375.019479	0.000000	8.8
138	-0.000000	374.077218	0.000000	8.7
139	-1.326406	373.141244	0.014395	10.3
140	-0.066345	372.211489	0.002035	10.4
141	-0.025832	371.287887	0.001728	11.4
142	-0.180315	370.370370	0.002617	10.4
143	-1.616005	369.458876	0.028748	8.4
144	-0.007791	368.553338	0.000157	11.5
145	-1.042259	367.653696	0.028995	11.3
146	-0.000278	366.759885	0.000068	9.0
147	-0.000067	365.871846	0.000021	9.9
148	-0.006940	364.989518	0.001888	7.8
149	-0.974524	364.112841	0.028241	9.2
150	-1.272270	363.241757	0.040391	8.3
151	-1.487486	362.376208	0.016312	8.4
152	-0.330067	361.516137	0.004238	8.9
153	-1.346649	360.661488	0.019256	9.2
154	-1.465284	359.812206	0.022189	10.5
155	-1.095619	358.968236	0.009031	10.2
156	-0.950999	358.129524	0.011547	10.3
157	-1.525666	357.296018	0.023580	9.3
158	-0.815558	356.467665	0.021164	11.5
159	-1.578565	355.644414	0.019674	9.4
160	-1.390851	354.826213	0.007273	10.0
161	-1.444907	354.013012	0.029973	10.8
162	-0.073996	353.204763	0.001496	9.5
163	-0.000000	352.401415	0.000000	8.9
164	-1.114857	351.602922	0.021295	10.3
165	-1.573338	350.809235	0.019546	8.3
166	-0.611373	350.020308	0.012817	8.7
167	-1.661869	349.236095	0.026873	8.2
168	-0.002951	348.456550	0.000721	8.2
169	-0.312839	347.681627	0.010348	10.4
170	-0.035969	346.911283	0.003795	8.8
171	-0.000000	346.145474	0.000000	9.6
172	-0.550475	345.384157	0.006519	16.0
173	-0.859897	344.627288	0.005531	7.6
174	-1.460705	343.874826	0.017967	9.3
175	-1.625438	343.126729	0.028698	8.7
176	-1.551140	342.382957	0.018553	8.4
177	-1.420814	341.643469	0.023821	12.9
178	-0.894494	340.908224	0.012704	9.0
179	-0.000031	340.177184	0.000015	8.6
180	-0.000000	339.450309	0.000000	9.5
181	-0.117567	338.727561	0.003992	9.6
182	-1.449840	338.008902	0.015588	9.2
183	-0.037847	337.294295	0.000590	14.3
184	-1.504030	336.583703	0.027620	8.7
185	-1.102619	335.877089	0.010726	8.3
186	-1.538300	335.174416	0.028429	14.2
187	-0.851158	334.475651	0.009658	8.1
188	-1.231310	333.780756	0.014567	8.6
189	-1.138879	333.089698	0.012147	8.0
190	-1.489306	332.402443	0.037458	8.3
191	-0.000000	331.718955	0.000000	10.3
192	-0.621629	331.039203	0.007785	8.1
193	-0.007785	330.363153	0.000721	9.3
194	-0.017846	329.690771	0.002745	8.3
195	-0.834393	329.022027	0.011977	9.7
196	-1.433555	328.356888	0.039525	9.3
197	-0.000000	327.695322	0.000000	8.3
198	-0.146623	327.037299	0.002923	9.2
199	-1.585585	326.382787	0.024903	9.0
200	-1.611320	325.731758	0.027365	9.5
201	-0.244607	325.084179	0.004199	7.3
202	-0.716401	324.440023	0.014018	8.2
203	-0.145284	323.799258	0.006776	8.6
204	-0.396763	323.161858	0.006207	9.5
205	-0.227111	322.527792	0.002725	10.0
206	-0.133707	321.897034	0.003977	9.9
207	-0.039356	321.269554	0.000974	12.9
208	-1.597147	320.645325	0.028282	9.8
209	-1.173488	320.024320	0.017913	8.1
210	-0.780614	319.406512	0.011200	9.2
211	-1.377016	318.791875	0.023797	9.4
212	-0.622197	318.180381	0.004233	8.3
213	-1.563107	317.572005	0.022979	10.6
214	-0.000000	316.966721	0.000000	10.9
215	-0.000000	316.364504	0.000000	9.0
216	-0.000000	315.765329	0.000000	9.6
217	-0.154205	315.169170	0.003872	8.7
218	-0.000000	314.576003	0.000000	9.1
219	-0.274596	313.985804	0.005956	9.4
220	-0.930442	313.398548	0.009038	9.4
221	-1.261004	312.814213	0.037356	9.5
222	-0.000000	312.232773	0.000000	9.3
223	-1.545422	311.654207	0.012451	8.6
224	-0.929338	311.078491	0.014401	9.1
225	-0.000000	310.505602	0.000000	9.7
226	-0.028656	309.935518	0.001892	11.9
227	-0.009210	309.368217	0.001371	8.4
228	-1.642408	308.803676	0.020253	8.2
229	-1.146192	308.241874	0.017871	8.6
230	-1.301704	307.682789	0.010976	8.2
231	-0.000000	307.126400	0.000000	8.6
232	-0.609234	306.572687	0.007595	7.7
233	-0.934652	306.021627	0.020389	8.8
234	-0.006837	305.473201	0.000767	8.7
235	-0.371082	304.927388	0.006834	9.1
236	-1.702595	304.384168	0.030518	10.9
237	-1.064543	303.843521	0.012196	8.6
238	-0.076540	303.305427	0.002200	9.0
239	-0.003773	302.769867	0.001149	8.2
240	-0.000000	302.236821	0.000000	7.9
241	-0.047047	301.706270	0.000894	8.4
242	-1.372460	301.178196	0.008763	7.4
243	-1.493066	300.652580	0.032127	11.7
244	-0.352316	300.129402	0.006882	8.1
245	-1.563101	299.608645	0.021996	8.4
246	-0.658896	299.090291	0.004441	9.0
247	-0.442881	298.574321	0.009913	8.9
248	-0.358797	298.060718	0.008657	8.7
249	-0.000000	297.549465	0.000000	8.7
250	-0.782013	297.040543	0.007438	7.3
251	-1.282866	296.533936	0.018972	8.5
252	-0.008199	296.029626	0.001099	9.0
253	-1.670854	295.527597	0.019905	8.7
254	-0.000000	295.027832	0.000000	8.9
255	-0.509124	294.530315	0.006251	8.7
256	-1.187783	294.035028	0.016445	8.4
257	-1.648530	293.541956	0.027719	7.6
258	-1.607464	293.051083	0.031138	10.0
259	-1.585834	292.562393	0.018870	8.8
260	-0.000000	292.075870	0.000000	8.8
261	-0.789988	291.591498	0.017085	16.3
262	-0.247617	291.109263	0.005702	7.8
263	-1.123783	290.629149	0.015275	8.6
264	-1.131733	290.151140	0.018428	8.5
265	-0.923329	289.675222	0.014989	8.1
266	-1.455212	289.201380	0.036471	9.4
267	-0.624047	288.729600	0.010334	8.1
268	-0.000000	288.259866	0.000000	8.7
269	-1.231910	287.792165	0.015467	8.1
270	-0.000000	287.326481	0.000000	7.7
271	-0.273241	286.862802	0.002647	8.5
272	-0.063384	286.401113	0.000669	10.2
273	-1.111949	285.941400	0.020202	9.2
274	-1.154770	285.483649	0.018857	8.3
275	-0.097739	285.027847	0.002635	9.2
276	-1.651550	284.573981	0.018788	9.1
277	-1.382547	284.122037	0.015689	9.5
278	-1.041483	283.672002	0.017101	11.3
279	-0.050672	283.223863	0.002712	8.9
280	-1.719943	282.777607	0.024640	8.4
281	-0.000000	282.333221	0.000000	8.8
282	-0.006365	281.890692	0.000386	7.6
283	-0.074976	281.450008	0.006942	8.2
284	-1.034322	281.011157	0.009801	9.0
285	-1.125902	280.574125	0.010124	10.1
286	-1.651924	280.138901	0.035635	9.0
287	-0.857569	279.705473	0.015935	8.4
288	-1.373301	279.273829	0.035704	10.0
289	-1.450284	278.843956	0.033588	8.6
290	-1.391497	278.415844	0.008945	8.9
291	-0.000000	277.989479	0.000000	8.6
292	-1.398960	277.564851	0.020996	9.3
293	-1.418961	277.141949	0.025893	8.1
294	-1.533098	276.720761	0.023097	8.2
295	-1.541002	276.301275	0.015262	9.4
296	-0.000000	275.883480	0.000000	14.6
297	-1.330045	275.467366	0.011001	7.7
298	-0.297545	275.052922	0.003164	9.2
299	-1.461998	274.640136	0.029006	7.1
300	-0.072643	274.228998	0.001509	8.6
301	-0.918957	273.819497	0.011947	11.1
302	-1.385173	273.411623	0.012531	8.7
303	-0.015902	273.005365	0.001210	9.7
304	-0.000000	272.600712	0.000000	10.4
305	-0.000000	272.197655	0.000000	8.0
306	-0.000000	271.796184	0.000000	8.3
307	-0.000005	271.396287	0.000002	11.6
308	-0.000000	270.997956	0.000000	9.7
309	-0.000000	270.601180	0.000000	9.0
310	-0.034823	270.205949	0.002884	11.1
311	-0.830596	269.812254	0.011936	9.8
312	-0.729087	269.420085	0.005513	8.0
313	-1.277638	269.029432	0.016228	10.0
314	-0.000000	268.640287	0.000000	11.1
315	-1.457748	268.252638	0.023821	8.8
316	-0.000000	267.866478	0.000000	9.9
317	-0.000000	267.481796	0.000000	9.9
318	-1.622105	267.098584	0.031661	8.8
319	-1.361203	266.716833	0.021935	9.2
320	-0.000001	266.336533	0.000001	11.7
321	-0.000000	265.957676	0.000000	7.3
322	-1.107943	265.580253	0.037857	9.0
323	-0.056368	265.204254	0.001507	8.5
324	-1.561436	264.829672	0.023184	8.3
325	-1.129911	264.456497	0.008068	8.9
326	-1.421167	264.084721	0.004971	16.0
327	-1.103667	263.714335	0.017427	8.9
328	-0.295387	263.345332	0.004957	8.1
329	-0.271030	262.977702	0.004202	8.8
330	-1.161068	262.611438	0.011585	10.5
331	-1.509497	262.246531	0.009375	8.9
332	-1.152354	261.882973	0.029583	9.6
333	-1.703573	261.520756	0.015371	9.6
334	-1.146960	261.159871	0.012413	9.4
335	-0.000009	260.800312	0.000005	8.3
336	-1.166878	260.442070	0.014035	9.4
337	-1.724090	260.085137	0.014002	8.6
338	-0.007266	259.729505	0.000772	7.7
339	-0.405871	259.375167	0.004697	9.1
340	-0.000000	259.022116	0.000000	8.5
341	-0.069467	258.670343	0.003306	7.6
342	-1.606346	258.319841	0.022362	9.0
343	-1.745515	257.970602	0.027873	7.6
344	-1.553372	257.622620	0.015971	8.4
345	-0.060749	257.275887	0.002247	9.3
346	-1.574248	256.930396	0.016958	9.7
347	-1.379576	256.586139	0.012122	9.8
348	-0.000000	256.243109	0.000000	9.3
349	-0.861307	255.901300	0.005960	12.3
350	-1.148578	255.560703	0.007523	8.9
351	-0.997722	255.221313	0.036176	7.5
352	-1.472304	254.883122	0.016871	8.9
353	-0.662831	254.546124	0.008910	8.4
354	-0.228469	254.210311	0.008493	9.4
355	-1.268197	253.875677	0.021292	8.2
356	-0.000000	253.542215	0.000000	8.6
357	-1.222384	253.209918	0.015782	10.7
358	-0.080713	252.878781	0.002744	8.7
359	-0.597615	252.548795	0.009439	8.0
360	-0.108640	252.219956	0.003636	8.6
361	-0.000032	251.892255	0.000013	8.9
362	-1.600618	251.565688	0.020691	8.2
363	-1.649775	251.240247	0.042262	9.3
364	-0.313283	250.915926	0.004414	10.2
365	-1.276106	250.592720	0.019108	9.4
366	-0.545528	250.270621	0.007490	10.6
367	-1.702401	249.949624	0.035333	9.2
368	-1.134362	249.629723	0.013309	10.3
369	-0.654910	249.310911	0.010680	9.2
370	-1.582985	248.993182	0.029414	10.8
371	-1.466046	248.676531	0.035919	8.2
372	-0.000000	248.360952	0.000000	9.8
373	-0.229732	248.046438	0.006904	8.5
374	-0.243571	247.732984	0.003818	9.0
375	-0.546577	247.420584	0.012458	15.2
376	-1.453724	247.109233	0.017439	7.9
377	-0.000000	246.798924	0.000000	9.7
378	-0.000000	246.489652	0.000000	11.4
379	-0.002061	246.181412	0.000378	15.0
380	-0.013021	245.874197	0.001679	14.2
381	-0.593232	245.568002	0.009618	9.9
382	-1.486600	245.262822	0.017681	12.1
383	-0.116884	244.958652	0.002995	9.7
384	-0.358780	244.655485	0.007035	9.8
385	-0.015472	244.353317	0.001192	9.2
386	-0.000000	244.052142	0.000000	10.8
387	-0.149419	243.751955	0.002058	8.9
388	-0.000012	243.452750	0.000006	9.2
389	-0.081915	243.154523	0.001989	11.7
390	-1.649218	242.857268	0.012652	8.9
391	-1.273007	242.560980	0.011272	12.1
392	-0.419969	242.265654	0.007117	9.7
393	-1.271953	241.971285	0.008558	9.2
394	-0.739059	241.677868	0.006948	9.3
395	-1.274981	241.385397	0.023017	9.9
396	-1.645061	241.093869	0.021543	15.4
397	-0.000000	240.803278	0.000000	11.2
398	-0.915325	240.513619	0.009537	10.5
399	-1.075181	240.224887	0.016280	13.6
400	-1.452820	239.937077	0.014324	9.7
401	-0.185484	239.650186	0.002939	8.7
402	-1.611483	239.364207	0.033791	10.7
403	-0.382070	239.079136	0.006833	9.9
404	-1.558711	238.794969	0.015085	14.4
405	-1.628817	238.511701	0.010031	14.1
406	-0.000000	238.229327	0.000000	13.4
407	-0.000000	237.947843	0.000000	13.6
408	-0.505986	237.667244	0.004547	12.1
409	-0.000435	237.387526	0.000076	15.2
410	-1.002282	237.108684	0.023676	12.3
411	-1.255367	236.830714	0.034196	10.7
412	-0.066905	236.553610	0.000756	16.1
413	-1.663195	236.277370	0.016426	12.6
414	-1.554714	236.001989	0.016755	17.2
415	-0.188855	235.727461	0.003329	14.3
416	-1.508514	235.453784	0.021998	14.0
417	-0.000000	235.180952	0.000000	17.3
418	-0.000000	234.908962	0.000000	11.8
419	-0.031101	234.637809	0.001366	15.2
420	-1.137767	234.367488	0.018337	12.9
421	-0.952959	234.097997	0.007829	12.2
422	-0.000000	233.829331	0.000000	14.9
423	-0.000000	233.561485	0.000000	14.2
424	-0.177282	233.294456	0.005672	11.8
425	-1.263808	233.028239	0.007399	13.5
426	-0.154474	232.762831	0.003705	11.2
427	-1.680491	232.498228	0.013225	12.6
428	-1.674722	232.234425	0.024813	13.0
429	-0.222129	231.971419	0.002781	15.5
430	-1.507902	231.709205	0.014086	20.1
431	-0.905450	231.447781	0.009955	12.1
432	-1.505925	231.187141	0.014380	10.3
433	-0.000000	230.927283	0.000000	11.0
434	-0.906089	230.668202	0.008054	9.6
435	-1.261443	230.409895	0.011106	15.1
436	-1.191022	230.152358	0.019955	11.0
437	-0.719795	229.895587	0.013232	10.4
438	-1.230116	229.639578	0.022796	9.1
439	-0.130479	229.384329	0.001309	8.8
440	-1.097751	229.129834	0.010994	10.1
441	-0.003935	228.876091	0.000317	9.3
442	-0.929646	228.623096	0.007516	8.1
443	-1.327068	228.370846	0.007816	9.5
444	-1.482903	228.119336	0.019876	9.3
445	-0.006513	227.868563	0.000342	10.5
446	-1.062887	227.618525	0.015315	8.6
447	-0.313989	227.369216	0.003875	10.0
448	-0.002484	227.120635	0.000102	10.2
449	-0.455299	226.872777	0.003164	9.8
450	-0.000260	226.625638	0.000055	10.1
451	-1.395507	226.379217	0.009263	9.1
452	-0.126026	226.133509	0.002725	7.6
453	-0.000000	225.888510	0.000000	8.3
454	-0.322598	225.644218	0.006653	10.2
455	-1.591113	225.400630	0.015543	13.2
456	-0.002851	225.157741	0.000523	9.8
457	-1.549128	224.915549	0.017289	11.3
458	-0.000000	224.674051	0.000000	9.1
459	-0.081653	224.433242	0.001949	9.4
460	-0.009297	224.193121	0.001123	8.8
461	-0.238359	223.953684	0.009899	12.1
462	-1.537443	223.714927	0.021556	11.7
463	-0.158754	223.476848	0.003864	14.2
464	-0.186590	223.239444	0.002153	9.3
465	-1.005158	223.002710	0.011105	11.1
466	-0.145228	222.766645	0.002781	10.7
467	-0.483899	222.531245	0.006620	8.2
468	-1.092554	222.296508	0.024188	9.9
469	-0.759636	222.062429	0.009703	10.3
470	-0.733013	221.829007	0.006989	8.3
471	-1.208404	221.596238	0.023447	8.5
472	-1.617065	221.364119	0.015285	8.7
473	-1.049803	221.132647	0.022924	10.5
474	-1.719423	220.901820	0.023189	8.5
475	-0.739926	220.671634	0.010995	7.5
476	-1.210022	220.442086	0.015308	10.0
477	-0.090718	220.213174	0.001712	11.7
478	-0.074639	219.984895	0.002570	8.8
479	-0.000000	219.757246	0.000000	13.5
480	-1.624559	219.530224	0.027166	10.6
481	-0.252476	219.303826	0.003441	7.7
482	-0.206130	219.078050	0.003960	12.1
483	-0.528518	218.852893	0.006665	9.5
484	-0.043079	218.628352	0.000787	9.0
485	-1.194349	218.404424	0.010799	9.0
486	-0.067017	218.181106	0.003507	9.2
487	-1.267591	217.958397	0.027792	9.6
488	-1.603355	217.736292	0.010486	9.0
489	-0.338815	217.514790	0.006614	10.6
490	-0.075961	217.293888	0.001497	9.7
491	-0.343206	217.073584	0.003061	10.2
492	-0.004281	216.853873	0.000089	17.5
493	-0.661354	216.634755	0.007912	7.2
494	-0.000004	216.416227	0.000002	9.2
495	-0.941156	216.198285	0.014408	10.5
496	-1.450851	215.980927	0.015879	8.1
497	-1.173674	215.764151	0.015234	10.1
498	-0.000000	215.547955	0.000000	8.2
499	-1.172590	215.332335	0.015521	8.3
500	-0.891893	215.117289	0.006625	9.7
501	-0.046705	214.902815	0.000582	9.3
502	-0.055830	214.688911	0.002478	11.7
503	-1.197608	214.475573	0.011967	8.9
504	-0.256118	214.262800	0.002348	9.0
505	-1.445905	214.050588	0.009122	8.5
506	-0.574480	213.838936	0.005528	9.5
507	-0.000000	213.627842	0.000000	9.8
508	-0.000000	213.417302	0.000000	8.0
509	-1.367061	213.207314	0.014658	9.4
510	-1.531781	212.997877	0.019017	9.5
511	-0.804415	212.788987	0.010135	8.4
512	-1.558013	212.580642	0.013802	9.5
513	-1.666294	212.372841	0.010674	8.3
514	-0.000261	212.165581	0.000058	8.9
515	-0.926326	211.958859	0.012720	13.6
516	-1.238799	211.752673	0.012165	8.4
517	-0.043633	211.547021	0.000606	18.1
518	-1.435866	211.341902	0.014460	11.3
519	-1.622911	211.137311	0.013972	8.9
520	-0.000000	210.933248	0.000000	6.9
521	-0.131609	210.729710	0.003527	9.0
522	-1.693422	210.526695	0.013797	8.6
523	-1.159361	210.324200	0.010844	10.7
524	-1.349730	210.122224	0.031517	9.7
525	-0.000000	209.920765	0.000000	20.5
526	-0.094263	209.719820	0.003760	21.0
527	-0.923153	209.519387	0.016223	16.0
528	-1.518296	209.319463	0.017909	22.9
529	-0.819333	209.120048	0.009667	21.6
530	-1.583530	208.921139	0.027842	19.3
531	-0.236332	208.722733	0.003112	13.0
532	-0.000000	208.524829	0.000000	15.4
533	-1.319780	208.327425	0.015782	10.2
534	-0.210368	208.130518	0.005481	11.1
535	-0.154401	207.934107	0.001650	14.1
536	-1.370848	207.738189	0.013702	9.0
537	-0.000000	207.542762	0.000000	12.1
538	-0.739558	207.347825	0.012139	12.4
539	-0.069822	207.153376	0.002832	11.4
540	-0.000000	206.959412	0.000000	13.5
541	-1.502455	206.765932	0.017729	12.9
542	-0.131363	206.572933	0.003625	9.5
543	-0.000000	206.380414	0.000000	8.3
544	-0.000000	206.188373	0.000000	9.6
545	-0.034872	205.996807	0.001961	14.0
546	-1.640228	205.805716	0.024046	8.2
547	-0.261407	205.615096	0.004420	9.2
548	-0.106926	205.424946	0.001203	7.9
549	-0.827752	205.235265	0.007888	8.8
550	-1.327097	205.046050	0.021932	9.5
551	-0.140271	204.857299	0.002298	8.9
552	-0.919543	204.669011	0.023286	8.2
553	-1.574759	204.481184	0.009368	13.2
554	-0.046265	204.293816	0.000494	8.4
555	-0.198015	204.106905	0.005270	9.5
556	-0.924652	203.920449	0.012518	8.5
557	-1.304174	203.734447	0.019898	8.9
558	-1.091603	203.548896	0.008848	7.2
559	-0.000620	203.363795	0.000157	9.2
560	-0.706846	203.179143	0.009357	9.3
561	-1.205385	202.994937	0.013979	9.3
562	-1.254339	202.811176	0.014167	9.2
563	-1.230565	202.627857	0.014771	10.4
564	-0.000000	202.444980	0.000000	7.5
565	-1.619297	202.262543	0.019115	9.7
566	-1.524302	202.080543	0.024049	9.8
567	-1.588399	201.898979	0.017945	9.8
568	-0.182510	201.717849	0.005091	11.6
569	-0.003143	201.537153	0.000647	8.1
570	-1.669352	201.356887	0.014645	9.2
571	-0.041608	201.177050	0.001322	8.5
572	-1.675815	200.997642	0.023997	8.8
573	-0.000000	200.818659	0.000000	8.3
574	-1.752991	200.640100	0.015693	9.2
575	-1.571349	200.461965	0.020862	9.4
576	-1.439822	200.284250	0.012704	8.4
577	-0.000000	200.106955	0.000000	8.6
578	-0.926027	199.930078	0.011964	14.1
579	-0.005331	199.753617	0.001183	7.2
580	-0.529569	199.577571	0.006164	8.9
581	-0.000000	199.401938	0.000000	8.3
582	-0.254162	199.226717	0.006314	8.5
583	-0.362560	199.051905	0.006539	9.0
584	-0.044674	198.877502	0.001022	8.9
585	-0.000000	198.703506	0.000000	10.1
586	-0.304914	198.529916	0.006587	8.8
587	-0.032643	198.356729	0.001127	7.8
588	-1.219267	198.183944	0.014336	8.4
589	-1.365124	198.011560	0.014349	14.4
590	-1.577999	197.839576	0.016140	8.6
591	-0.000000	197.667989	0.000000	8.5
592	-0.000001	197.496798	0.000001	9.0
593	-0.227544	197.326002	0.004450	8.9
594	-1.560171	197.155600	0.015944	8.2
595	-0.000000	196.985589	0.000000	9.9
596	-0.249413	196.815969	0.006216	8.1
597	-0.254067	196.646738	0.004647	8.9
598	-0.418918	196.477894	0.005594	10.1
599	-0.240077	196.309436	0.004935	8.6
600	-1.634703	196.141363	0.021084	9.7
601	-0.210313	195.973673	0.003715	8.1
602	-0.070790	195.806365	0.002279	9.3
603	-1.230398	195.639437	0.007411	10.2
604	-0.678028	195.472888	0.007522	7.8
605	-1.143597	195.306717	0.033014	8.8
606	-1.616868	195.140922	0.017530	9.3
607	-1.496236	194.975501	0.026691	9.2
608	-1.447935	194.810454	0.016536	8.8
609	-0.000097	194.645779	0.000042	9.6
610	-1.692415	194.481475	0.025843	9.6
611	-0.025216	194.317540	0.001283	8.0
612	-0.054151	194.153973	0.001561	9.1
613	-0.180385	193.990773	0.002375	9.5
614	-1.705966	193.827938	0.016839	8.3
615	-1.583283	193.665467	0.013386	10.2
616	-0.098644	193.503358	0.003571	9.9
617	-0.940837	193.341611	0.022879	8.6
618	-0.119157	193.180224	0.003489	9.1
619	-0.273000	193.019196	0.006210	11.6
620	-1.247441	192.858525	0.014467	8.9
621	-1.634811	192.698210	0.033736	7.3
622	-1.639533	192.538251	0.012799	8.5
623	-1.502900	192.378644	0.015193	7.7
624	-1.578366	192.219391	0.014521	8.9
625	-0.110196	192.060488	0.002632	9.7
626	-1.207953	191.901935	0.008952	9.2
627	-0.006085	191.743730	0.000554	8.3
628	-0.196090	191.585873	0.004769	11.1
629	-0.365626	191.428362	0.008838	19.1
630	-1.131039	191.271196	0.006420	6.9
631	-0.296820	191.114374	0.003981	8.2
632	-1.454246	190.957893	0.034272	9.1
633	-1.628652	190.801755	0.013333	9.1
634	-1.524737	190.645956	0.019745	9.2
635	-0.267011	190.490495	0.003633	9.4
636	-1.689900	190.335373	0.023609	8.9
637	-1.773597	190.180587	0.012826	8.8
638	-0.073972	190.026136	0.002610	8.8
639	-0.047714	189.872019	0.001471	10.0
640	-1.749557	189.718235	0.026343	8.4
641	-0.000089	189.564782	0.000026	8.9
642	-1.529845	189.411661	0.023318	7.9
643	-1.237233	189.258868	0.014100	9.0
644	-1.390138	189.106404	0.008769	9.3
645	-0.577419	188.954267	0.008010	8.4
646	-0.000000	188.802456	0.000000	8.2
647	-1.716577	188.650969	0.024785	8.7
648	-0.336655	188.499807	0.003406	9.0
649	-0.174874	188.348967	0.004959	10.2
650	-0.000000	188.198448	0.000000	9.4
651	-0.264676	188.048250	0.003531	9.5
652	-1.587138	187.898371	0.012129	17.7
653	-0.067492	187.748810	0.005846	7.5
654	-0.000000	187.599566	0.000000	7.8
655	-0.000191	187.450638	0.000051	8.0
656	-0.649292	187.302025	0.009344	9.5
657	-0.102380	187.153725	0.003415	7.6
658	-0.306526	187.005739	0.005867	9.1
659	-1.592750	186.858064	0.018255	9.8
660	-0.902711	186.710699	0.011267	9.2
661	-0.809023	186.563645	0.010693	9.6
662	-0.347868	186.416898	0.005447	9.2
663	-0.126978	186.270459	0.002822	8.4
664	-0.000000	186.124326	0.000000	9.7
665	-1.525958	185.978499	0.013558	8.6
666	-0.415988	185.832976	0.004760	8.2
667	-0.460137	185.687756	0.006675	9.1
668	-1.548233	185.542838	0.018321	8.8
669	-1.758312	185.398222	0.017387	10.1
670	-1.687824	185.253906	0.016363	7.6
671	-0.142177	185.109889	0.003968	9.3
672	-1.170327	184.966170	0.012966	8.8
673	-0.000000	184.822748	0.000000	9.9
674	-1.060731	184.679623	0.017784	14.5
675	-0.000000	184.536792	0.000000	14.5
676	-0.000038	184.394256	0.000016	15.4
677	-0.152959	184.252013	0.003758	8.6
678	-1.630948	184.110062	0.011746	8.8
679	-1.686834	183.968403	0.010641	9.0
680	-0.046527	183.827034	0.001052	7.7
681	-1.221301	183.685954	0.011436	9.6
682	-0.006131	183.545163	0.000393	8.4
683	-1.310171	183.404658	0.011088	9.0
684	-0.909457	183.264441	0.010057	9.0
685	-1.555177	183.124509	0.014542	9.0
686	-1.209807	182.984861	0.009272	10.8
687	-0.004349	182.845497	0.000306	8.4
688	-1.448610	182.706416	0.031086	9.0
689	-0.945923	182.567616	0.024688	8.5
690	-1.267734	182.429098	0.034818	9.4
691	-1.318798	182.290859	0.017547	7.8
692	-1.675681	182.152899	0.024696	7.1
693	-0.000000	182.015217	0.000000	8.4
694	-1.467108	181.877813	0.011653	9.2
695	-0.055290	181.740684	0.000819	8.9
696	-0.000000	181.603832	0.000000	9.1
697	-0.149395	181.467253	0.004105	8.5
698	-0.000000	181.330948	0.000000	10.6
699	-1.220517	181.194916	0.024273	8.2
700	-0.140492	181.059155	0.003655	8.5
701	-0.000000	180.923666	0.000000	15.1
702	-0.010428	180.788446	0.000638	7.5
703	-1.676840	180.653496	0.012619	8.1
704	-1.370377	180.518814	0.018757	8.3
705	-0.009925	180.384399	0.000564	9.0
706	-1.418516	180.250251	0.013366	9.2
707	-0.494176	180.116369	0.004775	18.9
708	-0.000000	179.982752	0.000000	7.1
709	-1.681789	179.849398	0.015290	10.4
710	-0.334980	179.716308	0.004500	10.8
711	-0.016998	179.583480	0.001487	8.4
712	-0.619688	179.450913	0.005217	9.0
713	-0.000000	179.318607	0.000000	8.0
714	-0.000000	179.186561	0.000000	9.2
715	-0.952996	179.054774	0.011222	9.2
716	-0.527848	178.923245	0.008969	8.0
717	-0.308087	178.791973	0.004527	9.4
718	-0.811479	178.660958	0.004589	8.7
719	-0.547387	178.530199	0.008098	8.7
720	-1.718352	178.399694	0.016693	8.3
721	-1.771106	178.269444	0.008505	9.1
722	-0.202960	178.139447	0.003815	8.0
723	-0.080297	178.009702	0.002547	8.9
724	-0.457431	177.880209	0.004316	8.2
725	-1.686433	177.750967	0.008695	9.6
726	-1.307468	177.621975	0.016933	8.7
727	-0.000000	177.493232	0.000000	9.7
728	-1.520125	177.364738	0.007853	8.0
729	-0.415558	177.236492	0.004018	9.2
730	-1.286030	177.108492	0.006791	9.7
731	-0.795572	176.980739	0.012824	10.2
732	-1.639810	176.853231	0.010771	9.0
733	-0.000000	176.725968	0.000000	14.9
734	-0.768951	176.598949	0.010482	12.8
735	-1.657687	176.472173	0.009082	8.7
736	-0.831750	176.345639	0.011092	9.0
737	-0.077215	176.219348	0.001783	9.3
738	-0.200874	176.093296	0.003201	8.7
739	-0.000000	175.967486	0.000000	8.4
740	-1.520176	175.841914	0.013625	11.1
741	-1.369076	175.716581	0.010040	11.5
742	-1.679171	175.591486	0.012248	8.6
743	-1.520587	175.466629	0.027798	9.1
744	-0.314869	175.342008	0.006047	8.7
745	-0.625521	175.217622	0.003364	10.5
746	-0.148538	175.093472	0.002008	9.3
747	-1.353345	174.969556	0.020858	9.1
748	-1.638762	174.845873	0.015814	9.5
749	-0.000000	174.722423	0.000000	9.3
750	-1.697033	174.599206	0.014616	9.0
751	-0.014184	174.476220	0.000436	9.1
752	-1.022159	174.353464	0.011275	8.2
753	-1.518433	174.230939	0.009282	9.0
754	-0.881092	174.108643	0.008260	8.9
755	-1.645637	173.986576	0.009947	8.4
756	-0.002556	173.864737	0.000234	8.8
757	-1.268158	173.743124	0.035014	9.9
758	-0.025888	173.621739	0.001113	9.2
759	-0.248084	173.500579	0.002618	9.8
760	-0.708656	173.379645	0.013081	9.1
761	-1.497186	173.258935	0.011831	8.7
762	-1.388634	173.138449	0.025598	8.9
763	-0.278142	173.018186	0.005342	9.1
764	-0.466238	172.898146	0.007797	8.5
765	-0.000716	172.778327	0.000227	8.5
766	-0.204197	172.658730	0.003163	8.2
767	-1.702671	172.539353	0.018330	9.9
768	-0.000000	172.420196	0.000000	10.0
769	-1.144269	172.301258	0.025604	14.7
770	-0.884160	172.182539	0.021176	16.4
771	-1.700209	172.064037	0.016209	12.8
772	-0.017820	171.945753	0.000284	9.5
773	-0.600676	171.827686	0.009004	15.7
774	-1.611416	171.709834	0.008476	13.4
775	-0.859580	171.592198	0.009272	15.7
776	-1.054233	171.474776	0.014401	16.8
777	-0.340722	171.357568	0.006829	13.6
778	-0.393277	171.240574	0.003701	15.0
779	-0.000000	171.123793	0.000000	11.9
780	-0.853347	171.007223	0.008555	15.0
781	-0.928315	170.890865	0.013612	17.6
782	-1.356947	170.774718	0.011113	13.6
783	-0.194451	170.658782	0.006056	16.3
784	-0.556297	170.543055	0.005929	24.4
785	-0.238322	170.427537	0.005636	11.1
786	-0.835352	170.312227	0.007515	13.5
787	-1.551373	170.197125	0.008957	7.2
788	-0.169407	170.082231	0.004056	12.7
789	-0.267016	169.967543	0.004257	8.9
790	-1.593357	169.853061	0.011930	11.1
791	-0.523674	169.738784	0.005259	10.3
792	-0.000000	169.624713	0.000000	10.4
793	-0.676050	169.510845	0.004978	8.1
794	-0.790118	169.397181	0.010127	12.4
795	-0.354939	169.283720	0.004045	9.0
796	-1.529572	169.170462	0.020884	8.5
797	-0.000000	169.057405	0.000000	9.8
798	-0.205197	168.944549	0.004030	11.3
799	-1.530535	168.831895	0.013845	13.2
800	-0.784826	168.719440	0.007025	13.2
801	-1.438222	168.607185	0.019582	10.3
802	-0.000000	168.495129	0.000000	8.8
803	-0.941703	168.383271	0.018910	8.4
804	-0.000582	168.271611	0.000175	10.8
805	-0.001936	168.160148	0.000509	7.7
806	-1.178159	168.048882	0.006352	9.8
807	-1.732700	167.937812	0.010664	8.8
808	-0.235148	167.826938	0.003467	8.9
809	-1.423302	167.716258	0.019415	12.9
810	-0.000000	167.605773	0.000000	7.8
811	-0.929268	167.495482	0.018926	8.7
812	-0.970515	167.385384	0.010213	10.0
813	-1.653536	167.275479	0.012122	8.3
814	-0.479508	167.165766	0.016166	9.6
815	-0.000000	167.056245	0.000000	9.3
816	-1.134333	166.946915	0.010809	10.2
817	-0.035467	166.837776	0.001846	9.6
818	-0.306683	166.728826	0.002837	8.8
819	-0.865568	166.620067	0.017170	10.2
820	-0.047811	166.511496	0.002013	7.7
821	-0.103992	166.403113	0.004186	8.4
822	-0.000000	166.294919	0.000000	9.5
823	-1.503424	166.186912	0.016328	9.4
824	-0.734291	166.079091	0.003779	10.7
825	-1.653021	165.971458	0.027912	10.7
826	-1.549548	165.864009	0.026486	14.8
827	-1.241564	165.756747	0.036932	7.7
828	-0.377194	165.649669	0.003876	8.7
829	-0.504672	165.542775	0.007871	8.5
830	-0.000011	165.436065	0.000005	9.8
831	-0.000000	165.329538	0.000000	8.3
832	-0.003875	165.223194	0.000269	8.3
833	-1.597345	165.117032	0.019894	11.2
834	-1.021662	165.011052	0.017007	8.5
835	-0.000000	164.905253	0.000000	10.1
836	-0.909375	164.799635	0.011764	10.7
837	-0.863127	164.694197	0.016484	7.7
838	-0.000000	164.588939	0.000000	10.2
839	-1.643239	164.483859	0.019939	8.3
840	-0.000001	164.378959	0.000001	9.4
841	-1.750607	164.274237	0.011314	7.9
842	-0.064298	164.169692	0.002175	9.0
843	-0.000000	164.065325	0.000000	9.4
844	-0.000000	163.961135	0.000000	8.4
845	-1.726961	163.857120	0.009856	9.2
846	-1.340135	163.753282	0.009430	9.2
847	-1.731443	163.649619	0.013572	9.5
848	-0.000000	163.546130	0.000000	10.5
849	-0.428636	163.442816	0.004800	8.6
850	-0.000000	163.339676	0.000000	10.9
851	-1.094844	163.236709	0.014259	11.7
852	-1.497378	163.133915	0.011104	10.8
853	-0.000766	163.031294	0.000155	9.9
854	-1.712310	162.928844	0.009452	9.6
855	-1.332300	162.826566	0.015533	8.1
856	-1.368490	162.724459	0.019110	11.7
857	-1.342110	162.622523	0.018223	9.5
858	-0.058241	162.520757	0.001753	8.0
859	-1.101616	162.419160	0.010672	9.1
860	-0.696338	162.317733	0.003029	8.9
861	-0.510425	162.216474	0.006131	9.0
862	-0.000001	162.115383	0.000000	9.3
863	-1.573235	162.014461	0.032849	8.6
864	-1.729815	161.913705	0.013673	8.8
865	-0.379839	161.813117	0.004641	8.5
866	-0.187454	161.712695	0.004093	8.6
867	-1.712640	161.612439	0.017279	8.4
868	-1.055869	161.512349	0.010955	10.2
869	-1.573763	161.412424	0.028375	9.7
870	-0.163781	161.312663	0.003778	9.8
871	-0.330928	161.213067	0.005059	15.2
872	-0.244477	161.113635	0.004604	8.9
873	-0.000055	161.014366	0.000024	8.4
874	-1.427781	160.915260	0.025162	9.7
875	-0.000000	160.816316	0.000000	8.4
876	-0.002755	160.717535	0.000350	8.9
877	-1.481447	160.618915	0.011148	8.7
878	-1.207602	160.520456	0.017070	8.8
879	-0.000000	160.422158	0.000000	8.6
880	-1.321522	160.324021	0.011243	9.0
881	-1.550958	160.226043	0.010049	7.6
882	-1.430812	160.128225	0.025736	9.2
883	-1.453694	160.030566	0.008098	9.4
884	-0.000000	159.933066	0.000000	8.8
885	-1.483876	159.835723	0.018791	9.1
886	-0.899694	159.738539	0.010732	8.6
887	-0.964685	159.641512	0.007539	9.3
888	-1.543062	159.544642	0.030713	8.3
889	-0.130249	159.447929	0.003703	8.7
890	-1.686075	159.351372	0.017729	8.5
891	-0.000000	159.254971	0.000000	9.3
892	-1.583433	159.158725	0.012051	11.5
893	-1.623585	159.062634	0.009031	7.8
894	-0.850016	158.966697	0.018220	9.4
895	-0.000105	158.870915	0.000044	8.3
896	-0.138476	158.775286	0.005354	8.6
897	-0.000000	158.679811	0.000000	10.1
898	-1.055719	158.584489	0.015204	9.3
899	-1.199660	158.489319	0.027899	8.8
900	-0.002907	158.394302	0.000286	9.1
901	-0.044284	158.299436	0.001344	8.7
902	-0.015990	158.204721	0.001447	9.2
903	-0.135958	158.110158	0.003488	8.0
904	-0.000000	158.015745	0.000000	9.3
905	-1.536141	157.921482	0.021598	17.3
906	-1.368919	157.827369	0.041007	7.7
907	-1.214205	157.733406	0.022848	8.3
908	-1.591683	157.639591	0.013438	8.2
909	-1.645562	157.545925	0.010003	8.6
910	-0.000000	157.452408	0.000000	8.7
911	-0.370804	157.359038	0.003513	15.6
912	-0.000021	157.265816	0.000010	8.6
913	-0.867842	157.172741	0.004186	8.6
914	-1.227494	157.079813	0.009693	8.7
915	-0.241132	156.987031	0.007349	8.7
916	-1.248728	156.894395	0.014686	8.9
917	-1.288042	156.801904	0.005296	8.6
918	-1.097499	156.709559	0.012065	10.2
919	-1.236487	156.617359	0.017148	9.9
920	-1.461179	156.525304	0.011615	8.6
921	-0.768505	156.433392	0.008697	9.5
922	-0.457241	156.341624	0.004523	8.3
923	-0.001801	156.250000	0.000224	9.3
924	-0.953451	156.158519	0.009854	23.1
925	-0.001839	156.067180	0.000446	9.6
926	-1.400633	155.975984	0.030843	8.7
927	-0.094556	155.884930	0.003175	8.5
928	-1.650893	155.794017	0.010560	8.0
929	-1.393342	155.703246	0.017736	10.2
930	-0.851152	155.612615	0.013444	8.8
931	-0.000014	155.522125	0.000007	8.5
932	-0.133449	155.431775	0.003302	9.3
933	-0.000000	155.341565	0.000000	16.2
934	-1.619948	155.251495	0.012612	8.4
935	-1.389372	155.161563	0.008289	8.7
936	-1.576032	155.071771	0.015082	8.5
937	-1.294939	154.982117	0.010416	13.3
938	-0.825535	154.892601	0.007018	8.7
939	-0.250245	154.803222	0.003650	9.9
940	-0.904107	154.713981	0.016494	9.7
941	-0.000001	154.624878	0.000001	9.1
942	-0.000000	154.535910	0.000000	9.7
943	-1.636902	154.447080	0.013892	8.8
944	-0.000000	154.358385	0.000000	11.1
945	-0.000000	154.269826	0.000000	8.5
946	-1.727007	154.181402	0.018416	8.1
947	-1.552611	154.093114	0.029619	8.3
948	-0.573492	154.004960	0.009675	9.5
949	-1.471104	153.916940	0.009711	9.4
950	-0.183684	153.829054	0.004432	8.0
951	-0.029150	153.741303	0.000926	8.9
952	-0.934759	153.653684	0.006330	8.8
953	-0.000727	153.566198	0.000159	9.3
954	-1.549452	153.478846	0.032120	7.8
955	-0.671865	153.391625	0.009381	8.1
956	-0.305763	153.304537	0.004902	10.8
957	-0.759375	153.217580	0.005739	9.9
958	-0.164528	153.130755	0.002756	8.7
959	-0.075420	153.044061	0.002600	8.1
960	-0.501737	152.957498	0.009235	8.2
961	-0.962700	152.871065	0.013427	9.3
962	-0.021178	152.784762	0.001033	8.3
963	-1.754996	152.698589	0.015479	9.0
964	-1.586728	152.612545	0.014228	9.4
965	-0.186977	152.526631	0.003571	8.9
966	-0.000000	152.440845	0.000000	9.5
967	-0.000000	152.355188	0.000000	9.2
968	-1.129417	152.269660	0.013974	9.5
969	-0.489130	152.184259	0.003631	8.4
970	-1.574370	152.098986	0.010909	8.4
971	-1.614096	152.013840	0.012075	9.2
972	-1.654110	151.928821	0.017394	9.1
973	-0.779838	151.843928	0.007189	9.1
974	-0.002614	151.759163	0.000400	8.8
975	-1.617071	151.674523	0.015107	9.9
976	-1.453788	151.590009	0.011622	9.4
977	-1.556696	151.505620	0.018699	19.4
978	-0.105560	151.421357	0.002816	8.0
979	-1.608072	151.337218	0.010509	8.5
980	-0.000000	151.253204	0.000000	8.6
981	-0.811775	151.169314	0.012654	7.0
982	-0.955689	151.085549	0.013270	9.6
983	-1.399140	151.001907	0.016747	9.1
984	-0.028356	150.918388	0.001579	8.7
985	-0.992294	150.834992	0.008841	7.9
986	-0.000000	150.751719	0.000000	8.6
987	-0.000000	150.668569	0.000000	7.9
988	-0.318222	150.585541	0.003914	6.9
989	-1.390016	150.502634	0.010912	10.6
990	-0.549601	150.419849	0.010549	9.5
991	-0.384341	150.337186	0.007835	10.2
992	-1.177600	150.254644	0.005974	9.2
993	-0.000303	150.172222	0.000082	7.9
994	-1.641131	150.089921	0.016580	10.5
995	-1.419614	150.007740	0.010484	8.3
996	-1.568466	149.925679	0.018671	8.5
997	-0.576623	149.843737	0.005572	14.3
998	-0.000000	149.761915	0.000000	8.1
999	-0.182318	149.680212	0.003532	8.5
1000	-0.385261	149.598627	0.004961	8.3
1001	-1.637780	149.517161	0.013998	8.0
1002	-1.459999	149.435814	0.014186	9.0
1003	-1.617214	149.354584	0.008535	8.5
1004	-1.351965	149.273472	0.014579	9.1
1005	-0.000000	149.192477	0.000000	8.3
1006	-1.600147	149.111599	0.024496	8.8
1007	-0.000000	149.030838	0.000000	9.3
1008	-1.643661	148.950194	0.009958	8.2
1009	-1.495304	148.869666	0.009113	9.5
1010	-0.000000	148.789253	0.000000	9.0
1011	-1.704143	148.708957	0.012197	7.9
1012	-1.571651	148.628776	0.009376	11.5
1013	-1.415462	148.548710	0.007121	8.6
1014	-0.000006	148.468759	0.000003	9.4
1015	-0.000000	148.388923	0.000000	7.7
1016	-1.570547	148.309201	0.004780	8.1
1017	-1.714411	148.229594	0.014862	8.2
1018	-0.076229	148.150100	0.001491	8.8
1019	-1.297921	148.070719	0.017286	8.4
1020	-0.731642	147.991452	0.010104	8.3
1021	-0.018062	147.912298	0.001976	8.6
1022	-0.379616	147.833257	0.004424	20.4
1023	-0.000000	147.754329	0.000000	10.2
1024	-0.190975	147.675512	0.002821	8.5
1025	-0.000000	147.596808	0.000000	9.3
1026	-0.625941	147.518216	0.005775	8.8
1027	-1.058037	147.439735	0.011995	9.3
1028	-1.031127	147.361365	0.019524	8.4
1029	-0.930670	147.283106	0.010743	10.1
1030	-1.684383	147.204958	0.007678	10.0
1031	-1.599242	147.126920	0.014700	8.3
1032	-1.277639	147.048993	0.012345	8.7
1033	-1.558003	146.971175	0.016147	7.9
1034	-0.075571	146.893468	0.004038	9.1
1035	-0.625361	146.815869	0.007962	8.8
1036	-1.633208	146.738380	0.011782	9.0
1037	-1.155669	146.661000	0.022214	8.9
1038	-0.096870	146.583729	0.005304	8.6
1039	-0.330006	146.506566	0.010565	9.7
1040	-0.091740	146.429511	0.001478	9.5
1041	-1.090550	146.352565	0.014989	8.6
1042	-0.953174	146.275726	0.009219	9.2
1043	-1.192506	146.198994	0.008086	8.0
1044	-0.000000	146.122370	0.000000	8.6
1045	-1.226596	146.045853	0.025091	8.4
1046	-1.675093	145.969442	0.017523	8.8
1047	-0.873558	145.893139	0.004717	9.1
1048	-0.000000	145.816941	0.000000	7.5
1049	-0.216749	145.740849	0.007986	9.6
1050	-0.661927	145.664863	0.007413	8.1
1051	-0.986695	145.588983	0.013808	8.3
1052	-1.694902	145.513208	0.016739	8.4
1053	-0.192517	145.437538	0.004932	9.3
1054	-0.000000	145.361973	0.000000	12.7
1055	-1.640659	145.286513	0.015704	15.4
1056	-1.358361	145.211157	0.007722	12.2
1057	-0.000004	145.135905	0.000003	10.0
1058	-0.549550	145.060757	0.006889	12.1
1059	-0.000000	144.985712	0.000000	10.2
1060	-0.000255	144.910771	0.000050	11.6
1061	-1.689999	144.835934	0.032609	13.1
1062	-1.590808	144.761199	0.013278	13.3
1063	-0.000000	144.686567	0.000000	15.9
1064	-0.051884	144.612037	0.001149	11.7
1065	-1.141379	144.537610	0.011267	9.1
1066	-0.000000	144.463285	0.000000	13.9
1067	-0.000000	144.389062	0.000000	11.8
1068	-0.000000	144.314940	0.000000	12.0
1069	-0.000822	144.240920	0.000141	11.8
1070	-0.944438	144.167001	0.012733	10.5
1071	-1.659231	144.093182	0.014416	13.2
1072	-0.005706	144.019465	0.000603	11.6
1073	-0.048051	143.945848	0.002041	10.5
1074	-1.145545	143.872331	0.013360	12.0
1075	-1.113409	143.798914	0.009745	11.9
1076	-0.512028	143.725597	0.010968	13.5
1077	-1.383359	143.652380	0.019427	15.2
1078	-0.622446	143.579262	0.009985	9.6
1079	-1.041895	143.506243	0.011197	8.9
1080	-0.000000	143.433323	0.000000	17.9
1081	-0.016704	143.360502	0.000656	12.1
1082	-0.667665	143.287780	0.009694	14.2
1083	-0.790592	143.215155	0.009703	10.2
1084	-1.661388	143.142629	0.006031	8.9
1085	-1.680750	143.070201	0.017800	10.0
1086	-0.523897	142.997870	0.006379	9.1
1087	-0.853041	142.925637	0.015981	8.8
1088	-0.000000	142.853501	0.000000	9.3
1089	-1.679696	142.781462	0.018421	11.4
1090	-0.351753	142.709519	0.004405	8.7
1091	-0.000000	142.637674	0.000000	9.4
1092	-1.052339	142.565924	0.009145	12.1
1093	-1.579471	142.494271	0.016333	8.8
1094	-0.179912	142.422714	0.003702	9.7
1095	-0.825488	142.351252	0.011876	11.0
1096	-1.681497	142.279886	0.006986	7.6
1097	-1.508575	142.208616	0.016258	10.9
1098	-0.320950	142.137440	0.005572	10.1
1099	-0.525343	142.066360	0.003149	9.8
1100	-0.000000	141.995374	0.000000	9.4
1101	-1.620909	141.924483	0.031498	10.7
1102	-1.452672	141.853685	0.013919	10.4
1103	-0.000002	141.782983	0.000001	10.9
1104	-0.518158	141.712373	0.007030	7.8
1105	-0.713316	141.641858	0.009766	11.4
1106	-1.408147	141.571436	0.008360	10.7
1107	-1.140187	141.501108	0.010805	12.4
1108	-1.775105	141.430872	0.013499	8.4
1109	-1.617929	141.360730	0.010052	10.9
1110	-1.609922	141.290680	0.017739	9.2
1111	-1.206393	141.220722	0.020201	14.5
1112	-0.000328	141.150857	0.000084	11.4
1113	-0.049740	141.081084	0.000839	12.0
1114	-0.060801	141.011403	0.000680	10.0
1115	-1.336564	140.941813	0.017552	9.5
1116	-0.206398	140.872315	0.004626	10.2
1117	-0.050066	140.802909	0.001329	10.9
1118	-1.055879	140.733593	0.011263	10.8
1119	-1.559291	140.664369	0.009994	9.1
1120	-0.534741	140.595235	0.006668	10.1
1121	-1.685763	140.526192	0.013399	11.4
1122	-1.238289	140.457239	0.009651	10.3
1123	-1.479748	140.388376	0.014771	12.4
1124	-1.514097	140.319603	0.014485	9.4
1125	-0.079934	140.250920	0.002908	12.7
1126	-0.222118	140.182326	0.004447	13.6
1127	-1.670732	140.113822	0.015348	12.4
1128	-1.620239	140.045407	0.009278	8.0
1129	-0.000000	139.977081	0.000000	10.8
1130	-0.133872	139.908844	0.003840	11.6
1131	-0.602022	139.840696	0.011486	7.6
1132	-0.150119	139.772635	0.003615	11.8
1133	-0.000000	139.704664	0.000000	11.9
1134	-1.722267	139.636780	0.015887	15.6
1135	-0.000000	139.568984	0.000000	16.6
1136	-0.264943	139.501276	0.003807	11.1
1137	-0.973007	139.433655	0.009042	9.3
1138	-1.555171	139.366122	0.025316	37.3
1139	-1.746854	139.298676	0.016471	59.2
1140	-1.695031	139.231317	0.009494	43.9
1141	-0.000309	139.164045	0.000126	19.1
1142	-0.000000	139.096859	0.000000	16.1
1143	-0.120725	139.029760	0.002271	15.8
1144	-0.005592	138.962747	0.000139	15.6
1145	-1.321577	138.895820	0.013862	16.1
1146	-0.257813	138.828978	0.005002	14.5
1147	-0.000000	138.762223	0.000000	16.1
1148	-0.000000	138.695553	0.000000	13.4
1149	-0.000000	138.628969	0.000000	11.2
1150	-0.901424	138.562469	0.010924	9.3
1151	-0.180404	138.496055	0.003323	13.3
1152	-0.747522	138.429725	0.005247	11.9
1153	-0.058805	138.363481	0.002888	16.7
1154	-0.599297	138.297320	0.005341	13.8
1155	-0.502262	138.231244	0.004810	11.7
1156	-0.289155	138.165252	0.003290	9.2
1157	-0.322209	138.099344	0.005058	12.4
1158	-1.497683	138.033520	0.032996	10.8
1159	-1.354437	137.967779	0.013799	10.8
1160	-1.354432	137.902122	0.010273	7.4
1161	-0.000000	137.836548	0.000000	9.0
1162	-0.344047	137.771057	0.004963	8.7
1163	-0.530291	137.705649	0.004062	8.8
1164	-1.281788	137.640324	0.014579	19.6
1165	-1.628846	137.575081	0.020645	10.3
1166	-0.147410	137.509921	0.003651	8.3
1167	-1.663460	137.444842	0.029385	9.5
1168	-0.058342	137.379846	0.001962	8.3
1169	-0.567619	137.314932	0.008060	8.6
1170	-0.000000	137.250100	0.000000	9.5
1171	-0.000000	137.185349	0.000000	15.4
1172	-0.000000	137.120680	0.000000	9.9
1173	-0.000000	137.056092	0.000000	9.1
1174	-1.549040	136.991585	0.013575	10.9
1175	-0.232287	136.927158	0.003561	17.6
1176	-0.792065	136.862813	0.009984	11.4
1177	-0.000294	136.798548	0.000080	11.6
1178	-0.009600	136.734363	0.001174	13.0
1179	-1.615561	136.670259	0.010728	12.1
1180	-0.014397	136.606235	0.000450	10.7
1181	-1.352677	136.542291	0.021041	10.0
1182	-1.073269	136.478426	0.007611	14.4
1183	-0.000001	136.414641	0.000001	9.4
1184	-0.510129	136.350936	0.007057	9.5
1185	-0.000000	136.287310	0.000000	10.3
1186	-1.784270	136.223763	0.007775	9.1
1187	-0.123755	136.160295	0.002796	9.1
1188	-0.941351	136.096905	0.009374	13.2
1189	-0.121051	136.033594	0.002472	10.0
1190	-1.660788	135.970362	0.012516	8.5
1191	-1.479487	135.907208	0.017730	11.9
1192	-1.257787	135.844133	0.013031	10.7
1193	-0.079089	135.781135	0.002362	8.2
1194	-0.729822	135.718215	0.005838	9.1
1195	-0.539569	135.655373	0.004802	9.6
1196	-0.000000	135.592608	0.000000	8.8
1197	-1.445845	135.529921	0.014634	10.0
1198	-0.000000	135.467311	0.000000	9.1
1199	-1.601101	135.404778	0.019124	8.3
1200	-0.981083	135.342322	0.016582	8.9
1201	-0.000000	135.279942	0.000000	8.7
1202	-1.595755	135.217640	0.012202	9.4
1203	-1.133804	135.155413	0.008206	18.2
1204	-0.318742	135.093263	0.002812	7.7
1205	-1.552936	135.031190	0.008990	11.2
1206	-1.112825	134.969192	0.010583	12.6
1207	-0.283746	134.907270	0.006470	9.8
1208	-1.746809	134.845424	0.011638	8.4
1209	-0.357164	134.783653	0.002451	9.1
1210	-1.158609	134.721958	0.010516	8.6
1211	-1.382508	134.660338	0.017495	8.3
1212	-0.116296	134.598793	0.003198	11.3
1213	-1.688908	134.537323	0.014763	9.1
1214	-0.895828	134.475927	0.018595	8.8
1215	-1.649511	134.414607	0.009452	9.2
1216	-0.000000	134.353361	0.000000	8.5
1217	-1.219363	134.292189	0.009510	9.4
1218	-1.783105	134.231092	0.017386	8.8
1219	-0.211922	134.170068	0.004643	12.3
1220	-1.390643	134.109119	0.015850	7.5
1221	-1.160385	134.048243	0.019748	8.9
1222	-1.578163	133.987441	0.014203	10.1
1223	-0.886709	133.926713	0.017571	9.7
1224	-0.000010	133.866057	0.000004	9.2
1225	-0.877059	133.805475	0.010353	11.6
1226	-0.154657	133.744966	0.002666	8.4
1227	-0.799944	133.684530	0.006471	8.7
1228	-1.177934	133.624167	0.009604	11.1
1229	-1.041392	133.563877	0.002345	8.9
1230	-0.000000	133.503658	0.000000	8.7
1231	-0.665315	133.443513	0.010715	10.3
1232	-0.004528	133.383439	0.000840	8.6
1233	-1.477446	133.323437	0.011540	9.0
1234	-0.573183	133.263508	0.006251	10.3
1235	-1.731411	133.203650	0.013887	9.9
1236	-0.000000	133.143864	0.000000	8.9
1237	-0.000000	133.084149	0.000000	8.5
1238	-1.587202	133.024506	0.014568	8.7
1239	-1.102713	132.964934	0.009263	9.4
1240	-0.524207	132.905433	0.005594	8.8
1241	-0.619177	132.846003	0.006524	8.6
1242	-1.146564	132.786643	0.006688	8.9
1243	-0.000000	132.727355	0.000000	10.0
1244	-1.195776	132.668137	0.019450	8.2
1245	-1.680982	132.608989	0.019638	11.5
1246	-1.743127	132.549912	0.013488	8.5
1247	-1.498511	132.490904	0.007997	8.9
1248	-0.000000	132.431967	0.000000	8.3
1249	-1.089847	132.373100	0.009338	8.5
1250	-0.000000	132.314302	0.000000	9.2
1251	-1.678764	132.255574	0.022293	8.3
1252	-1.445346	132.196916	0.013732	8.8
1253	-0.933120	132.138326	0.011718	10.5
1254	-0.213713	132.079806	0.004520	8.1
1255	-0.591692	132.021355	0.007854	10.1
1256	-1.550438	131.962973	0.013951	7.7
1257	-0.000000	131.904660	0.000000	8.2
1258	-0.944004	131.846415	0.009540	10.0
1259	-0.005867	131.788239	0.000384	9.9
1260	-0.346437	131.730131	0.008491	8.9
1261	-0.043852	131.672092	0.001111	13.4
1262	-0.003827	131.614121	0.000205	9.3
1263	-1.545838	131.556217	0.015114	8.8
1264	-0.016776	131.498382	0.001234	7.2
1265	-0.576120	131.440614	0.004623	8.8
1266	-0.282335	131.382914	0.002508	10.1
1267	-1.585966	131.325282	0.015465	8.3
1268	-1.348553	131.267717	0.012811	11.4
1269	-1.093909	131.210219	0.025095	9.8
1270	-1.325055	131.152788	0.018390	8.8
1271	-1.571197	131.095424	0.016746	8.8
1272	-0.242696	131.038127	0.005051	10.5
1273	-1.754030	130.980897	0.018937	8.3
1274	-0.000000	130.923733	0.000000	8.2
1275	-1.364780	130.866636	0.013747	9.6
1276	-1.645710	130.809605	0.013173	9.1
1277	-0.438103	130.752641	0.007472	12.9
1278	-1.454396	130.695742	0.011184	9.1
1279	-1.208499	130.638910	0.021890	8.8
1280	-0.659990	130.582143	0.011553	8.3
1281	-0.504263	130.525442	0.003868	9.7
1282	-1.709334	130.468807	0.026023	11.1
1283	-1.013089	130.412237	0.020350	8.2
1284	-0.001539	130.355733	0.000269	11.8
1285	-0.335596	130.299294	0.004413	9.1
1286	-0.797173	130.242920	0.011234	8.8
1287	-1.492783	130.186611	0.012665	8.6
1288	-0.000085	130.130366	0.000024	9.0
1289	-1.452721	130.074187	0.022925	8.9
1290	-0.832421	130.018072	0.008248	11.1
1291	-0.000000	129.962022	0.000000	8.4
1292	-0.281245	129.906036	0.005502	8.9
1293	-0.084318	129.850114	0.003216	8.1
1294	-1.669009	129.794257	0.019544	9.8
1295	-0.437711	129.738463	0.006236	11.1
1296	-1.605466	129.682734	0.010396	8.4
1297	-0.035573	129.627068	0.001035	9.0
1298	-1.544226	129.571466	0.038792	8.8
1299	-1.176512	129.515927	0.019497	8.9
1300	-0.000000	129.460452	0.000000	10.5
1301	-0.903038	129.405040	0.009097	8.3
1302	-1.360004	129.349692	0.017929	8.7
1303	-1.200359	129.294406	0.008343	8.0
1304	-0.420976	129.239183	0.006719	7.9
1305	-0.000000	129.184024	0.000000	9.1
1306	-0.925322	129.128927	0.016400	9.7
1307	-0.096426	129.073892	0.002804	9.7
1308	-0.037673	129.018921	0.004776	9.6
1309	-0.190689	128.964011	0.004820	8.0
1310	-1.354195	128.909164	0.019051	8.1
1311	-0.570032	128.854379	0.006000	9.0
1312	-0.456156	128.799656	0.006142	8.8
1313	-1.444786	128.744995	0.017429	8.6
1314	-1.202047	128.690396	0.008587	9.0
1315	-0.002386	128.635858	0.000260	8.1
1316	-0.531538	128.581382	0.009312	8.7
1317	-1.104949	128.526968	0.009847	8.9
1318	-0.994516	128.472615	0.024163	9.5
1319	-1.569704	128.418323	0.016631	9.7
1320	-0.293072	128.364092	0.005246	8.2
1321	-1.376058	128.309922	0.030422	9.0
1322	-0.000000	128.255814	0.000000	8.4
1323	-1.657092	128.201766	0.017788	8.5
1324	-1.310905	128.147778	0.009122	9.4
1325	-0.000000	128.093852	0.000000	9.6
1326	-1.673008	128.039985	0.017812	9.5
1327	-0.298026	127.986180	0.004506	12.4
1328	-0.412198	127.932434	0.005797	7.3
1329	-0.492360	127.878749	0.007517	9.9
1330	-0.043604	127.825123	0.001334	8.7
1331	-1.118314	127.771558	0.015678	9.5
1332	-1.546107	127.718052	0.021381	9.0
1333	-0.000000	127.664606	0.000000	8.1
1334	-1.200288	127.611220	0.034183	8.5
1335	-0.000000	127.557893	0.000000	8.3
1336	-0.001729	127.504625	0.000559	8.4
1337	-0.035403	127.451417	0.001433	8.6
1338	-0.007408	127.398268	0.000422	9.8
1339	-0.008093	127.345178	0.000794	9.9
1340	-0.196750	127.292147	0.002303	8.2
1341	-0.000000	127.239175	0.000000	9.4
1342	-1.655517	127.186261	0.015411	7.5
1343	-0.000000	127.133407	0.000000	9.1
1344	-0.984542	127.080610	0.020203	10.6
1345	-1.330169	127.027872	0.009421	14.0
1346	-0.267878	126.975193	0.003462	8.1
1347	-0.948630	126.922572	0.009140	8.5
1348	-0.000000	126.870008	0.000000	7.8
1349	-0.000000	126.817503	0.000000	8.7
1350	-0.000000	126.765056	0.000000	8.0
1351	-1.523034	126.712667	0.024776	11.6
1352	-1.109411	126.660335	0.009161	8.5
1353	-0.906806	126.608061	0.009421	8.2
1354	-1.493546	126.555844	0.013870	9.9
1355	-0.261736	126.503685	0.005470	9.2
1356	-0.000457	126.451583	0.000132	8.3
1357	-1.630277	126.399538	0.009704	9.1
1358	-1.667083	126.347550	0.011207	8.0
1359	-0.406512	126.295619	0.006188	8.8
1360	-1.490960	126.243745	0.010598	7.8
1361	-0.191519	126.191928	0.003367	22.2
1362	-0.623264	126.140168	0.006622	8.2
1363	-0.000000	126.088464	0.000000	8.3
1364	-0.456100	126.036817	0.007628	8.5
1365	-1.139445	125.985226	0.014751	9.1
1366	-1.563045	125.933691	0.012094	8.3
1367	-0.000000	125.882212	0.000000	10.1
1368	-1.437205	125.830790	0.012398	9.0
1369	-0.034763	125.779423	0.001669	8.3
1370	-0.000000	125.728113	0.000000	15.7
1371	-0.695642	125.676858	0.008637	8.6
1372	-0.280268	125.625659	0.007023	8.3
1373	-0.967046	125.574515	0.004745	9.5
1374	-1.376900	125.523427	0.035688	9.8
1375	-1.059510	125.472394	0.016346	9.0
1376	-0.031825	125.421417	0.000582	9.2
1377	-1.387913	125.370495	0.017227	8.7
1378	-1.594353	125.319628	0.011713	9.3
1379	-0.000000	125.268815	0.000000	9.2
1380	-1.428524	125.218058	0.010542	9.0
1381	-1.557775	125.167356	0.019382	10.1
1382	-1.340102	125.116708	0.017554	7.7
1383	-1.499042	125.066115	0.008577	8.8
1384	-1.526248	125.015576	0.009211	11.4
1385	-0.353114	124.965092	0.005443	10.6
1386	-1.023837	124.914662	0.018038	9.0
1387	-1.144702	124.864287	0.010749	9.7
1388	-0.448119	124.813965	0.006583	8.7
1389	-1.430095	124.763698	0.014109	9.3
1390	-0.358307	124.713485	0.007456	8.8
1391	-0.670028	124.663325	0.006235	7.8
1392	-1.413922	124.613219	0.010231	9.6
1393	-1.747866	124.563167	0.020359	7.7
1394	-0.289898	124.513168	0.003029	8.3
1395	-0.235754	124.463223	0.004806	8.4
1396	-1.355543	124.413332	0.009109	9.1
1397	-0.000000	124.363493	0.000000	8.4
1398	-0.999703	124.313708	0.006828	9.7
1399	-0.188787	124.263976	0.003537	9.0
1400	-1.305472	124.214297	0.013015	8.8
1401	-1.765927	124.164671	0.031165	9.0
1402	-0.208695	124.115097	0.005113	8.6
1403	-1.625317	124.065577	0.010764	8.3
1404	-0.082567	124.016109	0.003622	11.6
1405	-1.562296	123.966693	0.010773	9.1
1406	-0.094806	123.917330	0.003264	8.8
1407	-1.008337	123.868020	0.016286	8.2
1408	-0.659865	123.818762	0.013616	12.6
1409	-0.006752	123.769556	0.000349	11.4
1410	-1.606952	123.720402	0.010317	10.6
1411	-0.418867	123.671300	0.007796	10.7
1412	-0.873851	123.622250	0.006787	10.6
1413	-1.524004	123.573252	0.012900	10.3
1414	-0.000000	123.524305	0.000000	7.7
1415	-0.217380	123.475411	0.002973	12.4
1416	-0.000000	123.426568	0.000000	10.9
1417	-1.613405	123.377776	0.013050	11.3
1418	-1.091116	123.329036	0.008381	11.6
1419	-1.676742	123.280347	0.012164	11.4
1420	-0.000000	123.231709	0.000000	13.6
1421	-1.351146	123.183122	0.007234	10.0
1422	-1.542921	123.134587	0.018191	13.7
1423	-0.000002	123.086102	0.000001	13.9
1424	-1.318838	123.037669	0.039218	11.1
1425	-0.000000	122.989286	0.000000	8.1
1426	-0.692201	122.940954	0.008341	10.8
1427	-0.920642	122.892672	0.012039	13.9
1428	-1.539852	122.844441	0.018349	12.8
1429	-0.000082	122.796261	0.000039	11.0
1430	-0.003640	122.748130	0.001006	13.1
1431	-1.395766	122.700050	0.017057	10.9
1432	-0.000082	122.652021	0.000026	13.4
1433	-1.015106	122.604041	0.009347	13.7
1434	-0.000075	122.556111	0.000029	18.8
1435	-1.199315	122.508232	0.007972	15.8
1436	-1.669242	122.460402	0.024656	12.5
1437	-0.379227	122.412622	0.007328	12.0
1438	-1.435979	122.364891	0.009564	16.8
1439	-0.000420	122.317210	0.000081	14.5
1440	-1.398194	122.269579	0.019889	11.2
1441	-1.128133	122.221997	0.013856	10.2
1442	-0.000076	122.174465	0.000035	10.1
1443	-1.468047	122.126981	0.025203	9.3
1444	-1.709285	122.079547	0.015861	11.1
1445	-0.930763	122.032162	0.012778	10.5
1446	-0.000000	121.984826	0.000000	8.0
1447	-0.000115	121.937539	0.000047	8.2
1448	-0.000044	121.890301	0.000020	9.1
1449	-0.062292	121.843112	0.001425	8.2
1450	-0.000354	121.795971	0.000093	9.9
1451	-1.592520	121.748879	0.016761	13.5
1452	-0.000000	121.701835	0.000000	19.4
1453	-1.369818	121.654840	0.008781	8.4
1454	-0.701157	121.607893	0.006873	15.3
1455	-0.859348	121.560994	0.007418	16.3
1456	-0.521819	121.514144	0.008616	15.1
1457	-0.670928	121.467342	0.006395	15.7
1458	-0.000000	121.420588	0.000000	16.1
1459	-1.768690	121.373882	0.024035	16.1
1460	-0.000000	121.327223	0.000000	16.4
1461	-1.672703	121.280613	0.013310	14.6
1462	-0.975989	121.234050	0.005130	14.4
1463	-0.000000	121.187535	0.000000	15.1
1464	-1.395617	121.141067	0.031654	13.5
1465	-0.609828	121.094647	0.008445	10.2
1466	-0.043814	121.048274	0.000855	10.6
1467	-1.588882	121.001949	0.026656	11.5
1468	-1.679833	120.955671	0.015416	14.0
1469	-1.612330	120.909440	0.009275	9.9
1470	-0.799892	120.863256	0.010718	10.1
1471	-1.622406	120.817119	0.009137	12.3
1472	-0.054659	120.771029	0.001785	12.5
1473	-1.692780	120.724986	0.012930	10.5
1474	-1.410781	120.678990	0.024381	8.5
1475	-1.617180	120.633040	0.010965	10.3
1476	-1.589693	120.587137	0.031695	8.8
1477	-1.467747	120.541281	0.015425	8.6
1478	-0.866455	120.495471	0.010738	16.8
1479	-0.306707	120.449707	0.005187	12.8
1480	-1.169255	120.403990	0.017774	13.5
1481	-0.051127	120.358319	0.001191	9.0
1482	-0.346708	120.312694	0.005372	12.2
1483	-0.702319	120.267115	0.007901	13.9
1484	-1.601851	120.221582	0.008160	9.2
1485	-1.250729	120.176096	0.009177	10.4
1486	-0.222876	120.130655	0.003651	12.3
1487	-1.600848	120.085260	0.006674	12.9
1488	-1.393319	120.039910	0.017841	12.7
1489	-0.238162	119.994606	0.005244	8.8
1490	-1.713864	119.949348	0.010661	11.1
1491	-0.002352	119.904135	0.000624	12.5
1492	-1.493100	119.858968	0.018751	10.4
1493	-0.144939	119.813846	0.002555	15.3
1494	-1.700592	119.768769	0.011236	7.6
1495	-1.676715	119.723738	0.012891	9.6
1496	-0.000000	119.678752	0.000000	8.2
1497	-0.000000	119.633810	0.000000	9.2
1498	-0.000000	119.588914	0.000000	10.5
1499	-0.004422	119.544062	0.000603	8.3
1500	-0.000000	119.499256	0.000000	8.2
1501	-1.594375	119.454494	0.015248	8.1
1502	-1.333641	119.409777	0.010896	8.6
1503	-0.739075	119.365104	0.004139	9.2
1504	-1.631939	119.320476	0.013611	7.9
1505	-0.000000	119.275893	0.000000	9.7
1506	-0.000000	119.231353	0.000000	8.6
1507	-0.045124	119.186859	0.001842	9.1
1508	-0.000000	119.142408	0.000000	8.8
1509	-1.335847	119.098002	0.010801	8.6
1510	-0.044852	119.053639	0.004313	7.7
1511	-0.000048	119.009321	0.000023	8.4
1512	-0.000000	118.965047	0.000000	7.0
1513	-0.986512	118.920816	0.010030	8.8
1514	-0.159631	118.876630	0.002596	8.4
1515	-0.000000	118.832487	0.000000	9.7
1516	-0.033794	118.788388	0.001640	7.8
1517	-1.033392	118.744332	0.009910	8.4
1518	-1.521444	118.700320	0.020155	10.7
1519	-0.061234	118.656352	0.003017	8.6
1520	-0.352841	118.612427	0.007057	8.1
1521	-1.482378	118.568545	0.016515	8.9
1522	-1.649497	118.524706	0.010466	11.7
1523	-0.000000	118.480911	0.000000	7.8
1524	-0.000000	118.437159	0.000000	21.2
1525	-0.000000	118.393450	0.000000	8.5
1526	-1.572959	118.349784	0.010939	7.2
1527	-1.376151	118.306160	0.013362	8.1
1528	-1.584249	118.262580	0.016287	8.4
1529	-0.084668	118.219042	0.002668	8.4
1530	-0.472106	118.175548	0.007015	8.9
1531	-1.705978	118.132095	0.013846	8.3
1532	-0.000000	118.088686	0.000000	8.6
1533	-0.045526	118.045319	0.002392	8.2
1534	-0.925168	118.001994	0.010531	9.2
1535	-1.486237	117.958712	0.014265	9.8
1536	-0.816845	117.915472	0.013526	8.3
1537	-1.433267	117.872274	0.007177	9.3
1538	-0.043354	117.829118	0.002073	8.3
1539	-0.000000	117.786005	0.000000	7.9
1540	-1.441708	117.742933	0.009647	9.6
1541	-0.000000	117.699904	0.000000	9.8
1542	-0.000000	117.656916	0.000000	9.2
1543	-1.143936	117.613971	0.012491	7.9
1544	-1.484890	117.571067	0.015342	14.0
1545	-1.593171	117.528205	0.013848	8.8
1546	-0.000000	117.485384	0.000000	8.6
1547	-1.543373	117.442605	0.015250	8.2
1548	-0.197069	117.399867	0.006290	8.7
1549	-0.000000	117.357171	0.000000	8.5
1550	-0.723478	117.314517	0.007223	8.6
1551	-0.048490	117.271903	0.003935	9.7
1552	-0.567830	117.229331	0.013017	8.7
1553	-0.000000	117.186800	0.000000	8.4
1554	-0.062373	117.144311	0.001855	8.9
1555	-1.339958	117.101862	0.014383	9.2
1556	-1.302102	117.059454	0.016944	9.5
1557	-1.062187	117.017087	0.015148	8.8
1558	-0.734276	116.974762	0.007765	12.8
1559	-0.595789	116.932476	0.008270	9.3
1560	-0.293026	116.890232	0.010970	8.2
1561	-1.304604	116.848028	0.008049	7.6
1562	-0.226017	116.805865	0.005531	8.0
1563	-1.535199	116.763743	0.016820	9.1
1564	-1.572299	116.721661	0.011891	8.9
1565	-1.446390	116.679619	0.029746	8.9
1566	-0.148885	116.637618	0.004815	8.5
1567	-0.735878	116.595657	0.009562	9.1
1568	-1.467880	116.553736	0.010024	11.7
1569	-1.158564	116.511855	0.009751	8.6
1570	-1.627508	116.470015	0.030818	8.7
1571	-0.102155	116.428214	0.005041	8.6
1572	-1.170996	116.386454	0.017923	9.1
1573	-0.000000	116.344733	0.000000	10.2
1574	-0.215487	116.303052	0.004529	7.6
1575	-0.304556	116.261412	0.005565	8.6
1576	-0.200840	116.219810	0.003093	8.0
1577	-0.000000	116.178249	0.000000	8.7
1578	-1.063349	116.136727	0.011254	8.2
1579	-0.370664	116.095245	0.006758	9.5
1580	-0.729707	116.053802	0.006543	9.3
1581	-0.028672	116.012398	0.001082	9.8
1582	-0.165380	115.971034	0.003172	8.8
1583	-1.658828	115.929710	0.020607	9.5
1584	-1.235496	115.888424	0.015141	10.0
1585	-1.658812	115.847178	0.014732	8.8
1586	-0.590069	115.805970	0.007868	9.3
1587	-0.000170	115.764802	0.000061	9.5
1588	-0.217658	115.723673	0.003385	8.2
1589	-1.169042	115.682583	0.019665	7.8
1590	-0.005554	115.641532	0.000682	12.0
1591	-0.348028	115.600519	0.005502	8.4
1592	-0.327774	115.559546	0.004600	8.6
1593	-0.245376	115.518610	0.004523	9.3
1594	-1.374521	115.477714	0.015003	8.4
1595	-0.634024	115.436856	0.006273	8.7
1596	-0.000000	115.396037	0.000000	8.2
1597	-1.191527	115.355256	0.006262	9.0
1598	-0.000678	115.314514	0.000129	16.6
1599	-0.088898	115.273810	0.002116	7.7
1600	-1.162701	115.233144	0.008299	9.1
1601	-1.564746	115.192517	0.015855	9.2
1602	-0.424253	115.151927	0.004106	8.7
1603	-0.013708	115.111376	0.000466	8.4
1604	-1.086799	115.070863	0.007422	7.1
1605	-0.831620	115.030388	0.008504	7.6
1606	-0.000000	114.989951	0.000000	8.7
1607	-0.000000	114.949551	0.000000	8.2
1608	-0.039727	114.909190	0.000864	16.4
1609	-0.025704	114.868866	0.000936	9.6
1610	-0.264683	114.828580	0.005253	8.5
1611	-0.183257	114.788332	0.002142	8.2
1612	-0.000000	114.748121	0.000000	8.8
1613	-0.243610	114.707948	0.004032	8.6
1614	-0.000000	114.667812	0.000000	8.3
1615	-1.442174	114.627714	0.016245	9.1
1616	-1.405028	114.587653	0.018795	8.8
1617	-0.255805	114.547629	0.003249	9.1
1618	-1.406098	114.507643	0.009884	8.3
1619	-1.037227	114.467693	0.008252	11.5
1620	-1.672534	114.427781	0.017836	9.0
1621	-1.608397	114.387907	0.017451	10.5
1622	-0.456981	114.348069	0.007829	8.1
1623	-1.630010	114.308268	0.008257	9.9
1624	-0.829209	114.268504	0.007237	9.6
1625	-1.742436	114.228777	0.015589	8.8
1626	-0.000439	114.189086	0.000155	8.9
1627	-0.336809	114.149433	0.005924	19.3
1628	-0.004297	114.109816	0.000594	7.8
1629	-0.366844	114.070235	0.005947	8.2
1630	-0.847428	114.030692	0.005227	8.9
1631	-1.387496	113.991185	0.009585	8.7
1632	-1.750300	113.951714	0.022479	8.5
1633	-1.089261	113.912280	0.003488	8.3
1634	-0.000000	113.872882	0.000000	8.9
1635	-1.551341	113.833521	0.007986	8.4
1636	-1.684229	113.794195	0.015791	8.6
1637	-0.346723	113.754906	0.008079	9.1
1638	-0.660037	113.715653	0.004541	9.2
1639	-1.726353	113.676437	0.012380	11.0
1640	-0.005873	113.637256	0.000555	11.1
1641	-0.430206	113.598111	0.005221	7.8
1642	-0.000000	113.559002	0.000000	9.5
1643	-1.133420	113.519929	0.010724	8.8
1644	-0.000837	113.480892	0.000260	9.0
1645	-0.000000	113.441891	0.000000	9.4
1646	-1.748422	113.402925	0.014454	8.6
1647	-1.614422	113.363995	0.006522	8.1
1648	-1.416478	113.325101	0.010249	9.2
1649	-1.313566	113.286242	0.020336	10.3
1650	-0.000790	113.247419	0.000205	9.6
1651	-0.661667	113.208631	0.004028	8.7
1652	-1.006395	113.169879	0.013524	8.7
1653	-0.055208	113.131162	0.002117	7.6
1654	-1.039254	113.092480	0.011251	8.6
1655	-0.000000	113.053833	0.000000	8.3
1656	-1.399926	113.015222	0.009353	9.1
1657	-0.484280	112.976646	0.009088	10.1
1658	-1.330356	112.938105	0.009678	9.3
1659	-0.960260	112.899599	0.016512	12.3
1660	-0.990535	112.861128	0.006295	11.0
1661	-0.000001	112.822692	0.000000	8.1
1662	-0.902879	112.784291	0.011342	17.2
1663	-0.000000	112.745924	0.000000	8.0
1664	-1.273124	112.707593	0.012464	8.3
1665	-0.000000	112.669296	0.000000	9.0
1666	-1.254837	112.631034	0.025832	8.7
1667	-0.085621	112.592806	0.002324	9.5
1668	-0.000000	112.554613	0.000000	12.0
1669	-1.811874	112.516455	0.009051	10.3
1670	-1.319590	112.478331	0.010114	11.3
1671	-0.140372	112.440241	0.002884	8.9
1672	-1.668284	112.402186	0.010079	9.8
1673	-0.000000	112.364165	0.000000	11.4
1674	-0.067532	112.326179	0.001704	11.8
1675	-0.196835	112.288227	0.004023	10.1
1676	-1.170629	112.250309	0.009238	10.5
1677	-1.439826	112.212425	0.017246	8.2
1678	-0.776215	112.174575	0.008051	9.7
1679	-0.179456	112.136759	0.003464	12.3
1680	-0.008153	112.098977	0.000880	9.6
1681	-0.606143	112.061229	0.011029	13.5
1682	-1.668630	112.023515	0.015277	10.8
1683	-0.000041	111.985834	0.000019	13.5
1684	-1.475610	111.948188	0.011880	8.3
1685	-1.672945	111.910575	0.008612	12.2
1686	-0.000000	111.872996	0.000000	8.1
1687	-0.057127	111.835450	0.001460	8.6
1688	-1.297994	111.797939	0.014390	9.5
1689	-0.000000	111.760460	0.000000	10.0
1690	-1.180357	111.723015	0.014921	8.6
1691	-0.167926	111.685604	0.002801	8.4
1692	-0.000000	111.648226	0.000000	8.5
1693	-0.437412	111.610881	0.004314	9.2
1694	-0.000000	111.573570	0.000000	10.1
1695	-0.766895	111.536292	0.006086	8.7
1696	-0.000000	111.499047	0.000000	10.6
1697	-0.048812	111.461835	0.002767	17.7
1698	-0.128041	111.424656	0.001682	9.3
1699	-0.000000	111.387510	0.000000	8.9
1700	-0.000000	111.350398	0.000000	9.0
1701	-1.081513	111.313318	0.009673	9.1
1702	-0.016204	111.276271	0.000637	10.5
1703	-0.441531	111.239257	0.006294	8.8
1704	-1.389715	111.202276	0.012324	8.8
1705	-0.777291	111.165328	0.008364	8.2
1706	-1.534530	111.128412	0.017279	10.0
1707	-1.621860	111.091529	0.019218	9.3
1708	-0.095354	111.054679	0.003015	8.3
1709	-0.086348	111.017861	0.002319	8.1
1710	-0.425504	110.981076	0.007440	12.0
1711	-0.837250	110.944323	0.005701	9.4
1712	-0.347112	110.907603	0.005487	7.8
1713	-0.416392	110.870915	0.007815	9.2
1714	-0.884894	110.834259	0.012278	7.9
1715	-1.129870	110.797636	0.011602	8.8
1716	-0.049947	110.761045	0.001957	8.3
1717	-0.000000	110.724486	0.000000	8.6
1718	-0.150663	110.687959	0.004636	13.9
1719	-1.542863	110.651465	0.007473	8.8
1720	-1.298944	110.615002	0.006864	7.5
1721	-0.576874	110.578572	0.007684	20.1
1722	-0.193189	110.542173	0.001655	8.7
1723	-1.456076	110.505807	0.005020	9.3
1724	-0.446507	110.469472	0.007991	8.8
1725	-1.149392	110.433169	0.024747	9.6
1726	-1.007265	110.396898	0.007171	8.9
1727	-0.000000	110.360659	0.000000	8.5
1728	-0.129146	110.324451	0.003556	8.3
1729	-0.664812	110.288276	0.006900	8.6
1730	-0.949545	110.252131	0.013312	9.1
1731	-0.958629	110.216019	0.010063	15.0
1732	-1.774193	110.179937	0.011283	12.3
1733	-1.601808	110.143888	0.034195	14.2
1734	-1.521463	110.107869	0.006994	9.7
1735	-1.001014	110.071882	0.006259	9.4
1736	-1.700832	110.035927	0.012572	12.9
1737	-0.145479	110.000003	0.002805	14.0
1738	-0.000000	109.964110	0.000000	9.4
1739	-1.477623	109.928248	0.016260	10.6
1740	-0.863374	109.892417	0.014363	11.8
1741	-1.392094	109.856618	0.010259	13.6
1742	-0.000000	109.820850	0.000000	10.7
1743	-0.000000	109.785112	0.000000	9.6
1744	-0.362830	109.749406	0.004125	12.6
1745	-1.700565	109.713730	0.012605	13.8
1746	-0.284949	109.678086	0.005799	12.7
1747	-1.488992	109.642472	0.007951	8.8
1748	-0.000000	109.606890	0.000000	11.0
1749	-0.003081	109.571337	0.000224	13.5
1750	-1.247125	109.535816	0.018767	9.5
1751	-0.000225	109.500326	0.000088	10.2
1752	-0.000000	109.464866	0.000000	11.1
1753	-0.188343	109.429436	0.003332	12.5
1754	-0.761148	109.394038	0.007249	15.9
1755	-1.830812	109.358669	0.015252	14.6
1756	-0.000000	109.323331	0.000000	9.6
1757	-1.740066	109.288024	0.012178	9.3
1758	-1.310121	109.252747	0.021360	10.1
1759	-1.520085	109.217501	0.026524	9.4
1760	-0.000000	109.182284	0.000000	8.9
1761	-0.997587	109.147098	0.024410	9.8
1762	-1.432817	109.111942	0.028051	19.1
1763	-1.653902	109.076817	0.014892	7.4
1764	-1.631311	109.041721	0.014309	9.5
1765	-0.000000	109.006656	0.000000	7.6
1766	-0.830659	108.971620	0.010473	9.6
1767	-1.537608	108.936615	0.017087	9.1
1768	-1.153222	108.901640	0.011971	8.2
1769	-0.000000	108.866694	0.000000	8.4
1770	-1.599878	108.831779	0.016481	8.5
1771	-0.463287	108.796893	0.006820	8.0
1772	-0.001698	108.762037	0.000204	8.4
1773	-1.409410	108.727211	0.011894	8.5
1774	-0.004530	108.692415	0.000155	17.2
1775	-0.000000	108.657648	0.000000	9.3
1776	-0.907408	108.622911	0.006445	8.1
1777	-0.005717	108.588203	0.000391	14.8
1778	-0.000000	108.553525	0.000000	10.0
1779	-0.129567	108.518877	0.004066	9.2
1780	-0.939089	108.484258	0.015276	9.5
1781	-0.066444	108.449668	0.001769	8.9
1782	-1.568046	108.415108	0.004933	8.7
1783	-0.462598	108.380578	0.005665	11.0
1784	-1.426909	108.346076	0.013974	9.1
1785	-1.450112	108.311604	0.023175	11.8
1786	-0.055049	108.277161	0.001801	10.0
1787	-1.612609	108.242747	0.024357	9.3
1788	-0.845388	108.208363	0.007473	9.8
1789	-1.411039	108.174007	0.018520	10.0
1790	-1.170247	108.139681	0.005337	9.4
1791	-1.048707	108.105383	0.007567	8.4
1792	-1.267980	108.071115	0.011150	8.7
1793	-0.172486	108.036875	0.004379	9.5
1794	-0.277021	108.002665	0.004606	15.5
1795	-0.140953	107.968483	0.003884	10.3
1796	-1.296266	107.934330	0.015377	10.6
1797	-1.643627	107.900206	0.012171	9.3
1798	-0.221756	107.866111	0.004304	10.2
1799	-0.887767	107.832044	0.007245	10.4
1800	-0.000673	107.798007	0.000054	8.3
1801	-1.225841	107.763997	0.007521	8.8
1802	-0.000000	107.730017	0.000000	8.3
1803	-0.936746	107.696065	0.013102	8.7
1804	-1.432530	107.662141	0.011437	8.9
1805	-1.677091	107.628246	0.011563	12.5
1806	-0.503073	107.594379	0.003048	8.1
1807	-1.214326	107.560541	0.031379	7.9
1808	-0.000000	107.526731	0.000000	14.7
1809	-0.000044	107.492949	0.000018	9.2
1810	-0.002122	107.459196	0.000138	8.2
1811	-0.000000	107.425471	0.000000	9.7
1812	-0.259756	107.391774	0.004913	10.1
1813	-0.085915	107.358106	0.003312	8.6
1814	-1.017562	107.324465	0.008645	11.1
1815	-0.000000	107.290853	0.000000	12.2
1816	-0.988827	107.257268	0.014146	8.6
1817	-1.289261	107.223712	0.008366	9.3
1818	-1.468756	107.190184	0.015093	10.3
1819	-1.564224	107.156683	0.021422	8.4
1820	-0.763398	107.123211	0.009271	9.2
1821	-0.003367	107.089766	0.000696	8.9
1822	-0.327455	107.056349	0.006961	8.7
1823	-1.533591	107.022960	0.008106	9.8
1824	-1.599359	106.989599	0.010680	7.5
1825	-0.322279	106.956265	0.004173	8.8
1826	-1.031226	106.922960	0.015493	7.9
1827	-1.647084	106.889681	0.016318	15.2
1828	-1.229642	106.856431	0.010254	9.1
1829	-0.312834	106.823208	0.002262	7.3
1830	-0.000000	106.790012	0.000000	11.2
1831	-1.664763	106.756844	0.014953	10.4
1832	-0.000000	106.723703	0.000000	9.1
1833	-0.228132	106.690590	0.005539	9.3
1834	-0.321454	106.657505	0.005875	8.7
1835	-0.000009	106.624446	0.000004	9.4
1836	-0.415158	106.591415	0.006027	8.9
1837	-1.160803	106.558411	0.015044	13.6
1838	-1.652529	106.525435	0.011113	9.3
1839	-1.198607	106.492485	0.017600	12.7
1840	-1.635738	106.459563	0.014360	8.7
1841	-0.004364	106.426668	0.000313	8.4
1842	-0.005678	106.393800	0.000762	8.4
1843	-0.801240	106.360959	0.011679	8.6
1844	-1.000203	106.328145	0.017512	8.7
1845	-0.124403	106.295358	0.002249	9.3
1846	-1.698941	106.262598	0.017882	12.1
1847	-0.764799	106.229865	0.009526	10.0
1848	-1.268142	106.197158	0.010668	7.9
1849	-0.008902	106.164479	0.000396	7.7
1850	-1.655841	106.131826	0.020401	9.3
1851	-1.194788	106.099201	0.005248	8.6
1852	-0.578475	106.066602	0.007901	13.3
1853	-0.719682	106.034029	0.005565	9.1
1854	-1.357487	106.001483	0.013071	9.8
1855	-0.000000	105.968964	0.000000	7.9
1856	-1.416722	105.936472	0.008161	20.6
1857	-0.309766	105.904006	0.005914	13.2
1858	-1.597973	105.871566	0.012422	9.0
1859	-0.000000	105.839153	0.000000	8.9
1860	-0.039673	105.806767	0.002155	9.2
1861	-0.504959	105.774407	0.003502	8.5
1862	-1.733707	105.742073	0.022065	11.0
1863	-1.456452	105.709766	0.010621	9.3
1864	-1.128779	105.677485	0.004648	8.6
1865	-0.017675	105.645230	0.001497	10.2
1866	-0.187814	105.613001	0.005073	8.5
1867	-0.000000	105.580799	0.000000	12.2
1868	-0.007250	105.548623	0.000400	9.2
1869	-1.758397	105.516473	0.017226	10.6
1870	-0.982745	105.484349	0.012377	9.0
1871	-0.336955	105.452251	0.004472	8.5
1872	-1.296100	105.420179	0.011920	8.5
1873	-0.007180	105.388133	0.000378	9.9
1874	-0.000000	105.356113	0.000000	9.7
1875	-1.084497	105.324119	0.007135	10.6
1876	-0.000000	105.292151	0.000000	12.8
1877	-0.327906	105.260209	0.004942	10.5
1878	-0.000554	105.228293	0.000151	8.5
1879	-1.127289	105.196402	0.013523	10.3
1880	-0.043505	105.164537	0.002489	9.5
1881	-1.637546	105.132698	0.009742	8.7
1882	-0.119442	105.100885	0.002656	8.9
1883	-1.186405	105.069097	0.005717	8.7
1884	-0.034119	105.037335	0.001509	9.1
1885	-1.616741	105.005598	0.010652	9.6
1886	-0.009546	104.973887	0.001083	10.8
1887	-1.668439	104.942202	0.008871	9.7
1888	-0.202311	104.910542	0.003104	8.4
1889	-0.018769	104.878907	0.001192	8.8
1890	-0.000000	104.847298	0.000000	8.9
1891	-1.380782	104.815715	0.027886	9.1
1892	-0.000077	104.784156	0.000031	10.7
1893	-0.000000	104.752623	0.000000	9.5
1894	-0.000000	104.721116	0.000000	9.5
1895	-1.702493	104.689633	0.013749	14.6
1896	-0.217856	104.658176	0.005192	9.2
1897	-1.313316	104.626744	0.014225	8.7
1898	-0.000000	104.595337	0.000000	8.8
1899	-0.000000	104.563955	0.000000	10.2
1900	-0.356121	104.532599	0.003166	8.9
1901	-0.000000	104.501267	0.000000	8.3
1902	-1.333524	104.469960	0.009469	13.4
1903	-0.716420	104.438679	0.005910	9.0
1904	-1.226656	104.407422	0.005407	8.8
1905	-1.230932	104.376191	0.014058	9.2
1906	-0.000000	104.344984	0.000000	9.0
1907	-0.257559	104.313802	0.005705	14.1
1908	-1.636154	104.282645	0.016571	9.6
1909	-1.627161	104.251513	0.022250	9.4
1910	-0.008978	104.220405	0.000221	10.3
1911	-1.137796	104.189323	0.023992	8.1
1912	-0.008389	104.158265	0.000461	8.0
1913	-0.817825	104.127231	0.007235	8.8
1914	-0.024816	104.096222	0.001475	8.4
1915	-1.692686	104.065238	0.017288	8.7
1916	-1.494648	104.034279	0.025895	9.4
1917	-0.192935	104.003344	0.005476	13.6
1918	-1.062188	103.972433	0.009534	9.9
1919	-0.000000	103.941547	0.000000	8.5
1920	-0.863406	103.910686	0.013398	8.3
1921	-1.115995	103.879849	0.006928	8.5
1922	-1.243348	103.849036	0.007884	9.0
1923	-0.000000	103.818248	0.000000	9.9
1924	-0.341877	103.787484	0.003119	8.4
1925	-0.000000	103.756744	0.000000	11.0
1926	-0.310312	103.726029	0.005822	10.3
1927	-1.331550	103.695338	0.017264	9.6
1928	-1.517817	103.664671	0.016978	8.5
1929	-0.648517	103.634028	0.007199	9.5
1930	-0.000000	103.603409	0.000000	9.5
1931	-0.362291	103.572814	0.007175	9.5
1932	-1.483491	103.542244	0.010877	8.3
1933	-0.094815	103.511698	0.002861	8.8
1934	-1.312513	103.481175	0.015846	8.6
1935	-0.000000	103.450677	0.000000	8.6
1936	-0.198420	103.420202	0.002727	7.4
1937	-1.259413	103.389752	0.018687	13.8
1938	-0.114125	103.359325	0.005402	8.9
1939	-0.000000	103.328922	0.000000	8.1
1940	-1.032526	103.298543	0.016752	9.5
1941	-1.294235	103.268188	0.010272	9.1
1942	-1.550394	103.237857	0.011367	8.2
1943	-0.000003	103.207549	0.000002	9.3
1944	-0.000000	103.177265	0.000000	8.6
1945	-0.000015	103.147005	0.000006	9.3
1946	-0.493671	103.116768	0.008632	21.0
1947	-1.383875	103.086556	0.016655	8.6
1948	-0.521650	103.056366	0.009195	8.3
1949	-1.726637	103.026200	0.009553	10.0
1950	-0.000001	102.996058	0.000000	8.3
1951	-0.921943	102.965939	0.007722	8.8
1952	-1.732761	102.935844	0.014342	9.2
1953	-0.031283	102.905772	0.001261	11.3
1954	-1.017440	102.875724	0.013121	7.5
1955	-1.038231	102.845699	0.005622	8.8
1956	-0.035637	102.815697	0.001379	7.7
1957	-1.552384	102.785719	0.005368	9.7
1958	-0.617205	102.755764	0.007273	8.7
1959	-1.414591	102.725832	0.018299	9.6
1960	-1.661168	102.695924	0.004980	9.2
1961	-1.560316	102.666038	0.008581	9.1
1962	-0.509492	102.636176	0.007931	9.5
1963	-1.308721	102.606337	0.017914	7.9
1964	-0.692302	102.576521	0.007468	12.7
1965	-1.049092	102.546728	0.012805	9.1
1966	-0.949695	102.516959	0.006029	15.7
1967	-0.005428	102.487212	0.000115	7.6
1968	-1.625524	102.457488	0.010744	8.3
1969	-1.481775	102.427788	0.008313	8.6
1970	-0.791281	102.398110	0.005876	8.2
1971	-0.456999	102.368455	0.004973	8.9
1972	-0.452752	102.338823	0.004135	8.1
1973	-1.433351	102.309214	0.010442	9.3
1974	-0.774166	102.279628	0.011753	13.5
1975	-0.338165	102.250064	0.002905	8.8
1976	-0.000001	102.220524	0.000000	10.3
1977	-0.881570	102.191006	0.008818	9.0
1978	-0.002612	102.161511	0.000296	8.3
1979	-1.439038	102.132038	0.020428	11.0
1980	-0.782680	102.102588	0.014670	8.3
1981	-0.000053	102.073161	0.000026	8.4
1982	-0.000000	102.043757	0.000000	8.9
1983	-1.662895	102.014375	0.009108	9.5
1984	-1.484557	101.985015	0.012640	10.2
1985	-1.365831	101.955678	0.006904	13.7
1986	-0.022604	101.926364	0.001483	15.2
1987	-1.628137	101.897072	0.024679	9.7
1988	-1.507650	101.867802	0.017279	8.4
1989	-0.717530	101.838555	0.006605	9.4
1990	-0.032608	101.809330	0.001209	9.3
1991	-0.000000	101.780128	0.000000	8.5
1992	-0.000000	101.750948	0.000000	9.0
1993	-0.834523	101.721790	0.007499	9.5
1994	-1.460189	101.692654	0.010494	12.8
1995	-1.791141	101.663541	0.017972	10.9
1996	-1.358166	101.634450	0.012571	8.9
1997	-1.244574	101.605381	0.020227	11.2
1998	-0.000000	101.576335	0.000000	9.3
1999	-0.000490	101.547310	0.000091	9.1
