1:ItNr	2:Metric	3:StepSize	4:||Gradient||	Time[ms]
0	-0.051141	627.201626	0.001079	618.7
1	-0.451549	623.504937	0.011221	10.1
2	-0.099246	619.865785	0.004158	8.4
3	-0.002289	616.282728	0.000223	9.7
4	-0.378603	612.754375	0.006537	9.6
5	-0.589946	609.279381	0.006179	9.0
6	-1.361636	605.856447	0.032731	8.5
7	-0.004092	602.484317	0.000550	8.5
8	-0.959746	599.161779	0.015540	8.6
9	-0.000277	595.887656	0.000042	9.7
10	-0.620655	592.660813	0.010897	8.9
11	-0.532986	589.480151	0.007190	12.1
12	-0.654396	586.344606	0.010911	10.2
13	-1.651260	583.253145	0.033588	8.9
14	-0.930813	580.204771	0.005702	9.4
15	-1.361913	577.198517	0.045196	8.5
16	-1.742780	574.233444	0.028967	8.4
17	-0.478553	571.308645	0.004012	12.6
18	-0.740568	568.423237	0.020692	9.6
19	-0.241856	565.576365	0.002072	10.6
20	-1.150353	562.767201	0.014133	9.0
21	-1.584696	559.994938	0.031335	8.3
22	-1.205131	557.258797	0.012786	10.1
23	-0.011161	554.558018	0.000669	9.6
24	-0.359554	551.891865	0.004647	9.3
25	-0.064330	549.259621	0.003917	14.4
26	-1.734139	546.660592	0.017339	8.3
27	-1.612520	544.094102	0.019549	8.8
28	-0.000000	541.559494	0.000000	9.0
29	-0.000000	539.056129	0.000000	9.8
30	-1.684278	536.583387	0.030950	9.0
31	-1.220030	534.140663	0.032880	8.9
32	-1.489062	531.727370	0.025596	8.0
33	-0.007793	529.342935	0.001091	9.3
34	-0.002763	526.986802	0.000431	9.0
35	-1.323051	524.658430	0.032498	10.4
36	-0.011041	522.357290	0.000888	13.9
37	-1.282288	520.082868	0.020152	10.8
38	-1.538123	517.834665	0.015170	8.9
39	-0.101021	515.612193	0.002692	10.1
40	-0.909027	513.414976	0.030520	9.2
41	-0.045684	511.242551	0.003221	8.9
42	-1.304344	509.094468	0.012398	7.8
43	-0.125152	506.970285	0.005507	8.4
44	-0.551119	504.869574	0.006856	11.4
45	-0.002699	502.791916	0.000390	9.6
46	-0.830655	500.736903	0.011103	8.3
47	-0.098501	498.704137	0.001165	9.5
48	-0.000000	496.693228	0.000000	8.7
49	-1.407518	494.703798	0.036964	8.5
50	-0.948195	492.735476	0.031229	8.2
51	-0.000000	490.787900	0.000000	9.0
52	-1.024519	488.860718	0.038113	9.5
53	-0.639015	486.953585	0.006190	10.7
54	-1.380537	485.066164	0.022285	9.0
55	-0.292616	483.198126	0.014547	8.6
56	-1.984041	481.349149	0.010295	11.5
57	-0.472314	479.518920	0.002056	11.7
58	-0.634634	477.707132	0.009655	9.9
59	-0.466596	475.913485	0.006339	8.9
60	-0.000000	474.137684	0.000000	9.1
61	-0.895754	472.379445	0.012110	8.9
62	-0.590255	470.638485	0.010869	8.8
63	-1.909318	468.914531	0.036627	9.7
64	-1.711217	467.207315	0.032510	8.4
65	-0.000000	465.516573	0.000000	9.6
66	-0.638019	463.842050	0.004015	8.3
67	-1.218627	462.183494	0.004502	9.9
68	-1.522740	460.540658	0.033066	9.2
69	-1.476623	458.913303	0.031474	8.5
70	-1.468882	457.301192	0.028830	9.7
71	-1.649074	455.704096	0.026399	9.3
72	-1.705757	454.121787	0.030456	9.3
73	-1.536435	452.554045	0.022544	15.5
74	-0.032089	451.000653	0.001645	9.1
75	-0.802725	449.461399	0.038894	10.4
76	-0.096629	447.936075	0.004339	9.7
77	-1.247295	446.424477	0.010891	9.7
78	-0.059689	444.926406	0.001852	8.7
79	-1.090518	443.441666	0.011290	9.2
80	-0.000599	441.970065	0.000092	8.7
81	-0.000000	440.511415	0.000000	10.7
82	-1.567016	439.065533	0.018605	10.5
83	-1.491873	437.632238	0.032419	8.9
84	-0.740167	436.211351	0.015420	9.6
85	-0.112978	434.802701	0.005694	9.3
86	-0.321216	433.406117	0.004132	10.0
87	-0.030017	432.021430	0.002097	8.8
88	-1.608551	430.648479	0.022404	8.2
89	-0.000000	429.287101	0.000000	8.9
90	-0.916846	427.937140	0.011592	9.4
91	-0.000000	426.598440	0.000000	8.8
92	-1.759070	425.270849	0.025573	9.3
93	-0.471816	423.954220	0.009784	8.7
94	-0.992077	422.648404	0.016562	8.7
95	-1.586206	421.353259	0.023610	8.6
96	-0.455409	420.068643	0.004313	9.9
97	-1.589796	418.794419	0.019988	9.6
98	-1.742624	417.530451	0.026282	8.4
99	-0.000639	416.276604	0.000111	9.4
100	-1.677302	415.032748	0.013362	10.6
101	-0.000006	413.798754	0.000002	7.8
102	-1.694725	412.574495	0.021627	8.7
103	-0.132527	411.359849	0.004674	8.8
104	-0.556974	410.154691	0.005921	8.7
105	-1.971084	408.958904	0.023371	9.3
106	-1.140679	407.772368	0.010973	10.3
107	-1.675652	406.594968	0.009724	11.1
108	-1.604574	405.426590	0.013479	10.1
109	-0.950047	404.267122	0.013911	7.9
110	-1.703041	403.116456	0.023033	8.3
111	-0.029708	401.974481	0.001445	8.9
112	-1.311769	400.841093	0.008018	9.3
113	-0.988776	399.716187	0.010708	14.4
114	-1.354339	398.599660	0.022399	8.4
115	-0.002677	397.491411	0.000360	8.7
116	-0.000000	396.391342	0.000000	7.8
117	-1.705397	395.299353	0.033242	7.9
118	-0.228425	394.215350	0.003529	7.8
119	-0.000000	393.139238	0.000000	7.1
120	-0.014956	392.070924	0.001439	9.8
121	-1.061726	391.010316	0.007487	8.1
122	-1.649797	389.957325	0.030713	11.6
123	-0.383795	388.911862	0.005106	9.4
124	-0.000000	387.873839	0.000000	7.6
125	-1.976736	386.843173	0.008946	8.8
126	-1.509561	385.819777	0.030944	15.7
127	-0.000000	384.803569	0.000000	9.0
128	-1.584078	383.794468	0.021232	8.4
129	-0.000000	382.792393	0.000000	8.8
130	-0.662052	381.797264	0.009449	8.4
131	-0.117498	380.809005	0.001616	10.6
132	-0.011346	379.827537	0.001083	15.0
133	-1.669618	378.852786	0.030093	16.6
134	-0.626898	377.884678	0.009462	9.0
135	-0.242011	376.923138	0.004003	8.5
136	-1.320268	375.968095	0.040407	9.5
137	-0.154213	375.019479	0.004669	9.9
138	-1.797282	374.077218	0.026670	9.2
139	-1.901146	373.141244	0.019469	8.4
140	-0.044488	372.211489	0.002284	8.7
141	-0.068045	371.287887	0.002072	9.0
142	-0.544818	370.370370	0.006293	10.6
143	-0.795529	369.458876	0.006597	9.3
144	-1.630833	368.553338	0.026743	10.5
145	-0.000000	367.653696	0.000000	8.6
146	-1.551092	366.759885	0.019193	11.5
147	-0.191604	365.871846	0.007129	11.2
148	-0.242283	364.989518	0.004145	9.3
149	-0.005864	364.112841	0.000842	7.3
150	-0.129620	363.241757	0.004396	11.5
151	-1.622438	362.376208	0.014212	8.8
152	-1.277194	361.516137	0.014943	9.4
153	-0.000000	360.661488	0.000000	7.7
154	-1.044459	359.812206	0.028878	9.9
155	-0.663366	358.968236	0.005988	8.3
156	-1.880204	358.129524	0.021977	9.0
157	-1.715787	357.296018	0.015399	8.9
158	-0.023225	356.467665	0.001517	8.8
159	-1.368420	355.644414	0.048001	9.5
160	-1.544401	354.826213	0.019249	8.2
161	-1.214394	354.013012	0.018725	10.8
162	-0.000004	353.204763	0.000001	12.3
163	-0.000004	352.401415	0.000001	9.2
164	-1.410438	351.602922	0.007388	12.6
165	-0.969190	350.809235	0.011686	8.7
166	-0.596400	350.020308	0.006854	8.4
167	-0.509122	349.236095	0.010212	9.1
168	-0.046853	348.456550	0.001063	8.6
169	-0.341385	347.681627	0.012792	9.4
170	-1.841491	346.911283	0.030310	10.7
171	-0.045682	346.145474	0.003021	12.2
172	-0.004397	345.384157	0.000443	9.9
173	-1.636348	344.627288	0.024652	10.5
174	-1.681793	343.874826	0.045230	8.8
175	-0.207558	343.126729	0.002989	9.3
176	-0.000000	342.382957	0.000000	8.6
177	-1.364444	341.643469	0.023459	8.0
178	-0.669761	340.908224	0.007335	9.3
179	-1.117142	340.177184	0.015118	8.8
180	-0.820531	339.450309	0.039247	9.3
181	-1.650875	338.727561	0.031566	8.1
182	-0.105404	338.008902	0.004909	9.3
183	-0.000040	337.294295	0.000009	10.5
184	-0.835238	336.583703	0.015115	15.0
185	-0.816422	335.877089	0.011393	7.2
186	-0.038650	335.174416	0.003848	9.8
187	-1.875308	334.475651	0.030012	8.6
188	-0.000000	333.780756	0.000000	9.1
189	-0.381813	333.089698	0.011777	9.1
190	-1.612344	332.402443	0.010411	10.1
191	-0.323716	331.718955	0.005519	11.3
192	-0.152660	331.039203	0.009731	15.1
193	-1.297540	330.363153	0.039379	7.8
194	-0.570041	329.690771	0.009438	9.2
195	-1.431123	329.022027	0.012017	11.4
196	-0.203092	328.356888	0.002670	8.1
197	-0.007142	327.695322	0.000415	9.6
198	-0.000000	327.037299	0.000000	9.1
199	-0.639422	326.382787	0.006688	8.6
200	-0.171766	325.731758	0.005110	9.4
201	-0.589115	325.084179	0.007860	8.7
202	-1.690502	324.440023	0.049029	9.5
203	-0.002114	323.799258	0.000296	8.2
204	-1.477096	323.161858	0.038400	12.5
205	-1.650801	322.527792	0.042140	8.7
206	-0.000009	321.897034	0.000002	8.4
207	-0.000025	321.269554	0.000006	9.1
208	-0.000000	320.645325	0.000000	8.7
209	-0.038009	320.024320	0.001297	9.1
210	-0.579553	319.406512	0.005515	10.2
211	-1.824821	318.791875	0.019394	7.8
212	-0.300903	318.180381	0.008746	8.3
213	-0.029318	317.572005	0.003131	8.4
214	-0.020324	316.966721	0.001946	12.7
215	-1.878313	316.364504	0.023271	9.9
216	-1.063717	315.765329	0.015892	9.2
217	-0.000004	315.169170	0.000001	9.0
218	-0.017261	314.576003	0.001043	8.5
219	-1.550087	313.985804	0.018696	8.2
220	-1.916654	313.398548	0.013949	9.0
221	-0.724503	312.814213	0.009183	8.6
222	-1.049227	312.232773	0.010141	11.0
223	-0.140121	311.654207	0.004871	13.2
224	-0.305880	311.078491	0.005076	10.0
225	-0.000000	310.505602	0.000000	8.4
226	-0.102312	309.935518	0.002982	9.5
227	-1.628421	309.368217	0.026914	11.8
228	-0.755367	308.803676	0.039262	14.1
229	-1.951474	308.241874	0.034720	8.5
230	-1.761340	307.682789	0.025445	8.4
231	-1.959139	307.126400	0.031235	9.9
232	-1.569255	306.572687	0.015463	10.6
233	-1.888828	306.021627	0.021197	12.2
234	-0.204879	305.473201	0.006573	8.9
235	-1.331794	304.927388	0.015866	11.3
236	-1.139487	304.384168	0.024155	9.2
237	-0.000002	303.843521	0.000000	8.6
238	-0.037925	303.305427	0.002800	8.9
239	-0.041472	302.769867	0.002633	8.4
240	-1.864683	302.236821	0.020793	9.5
241	-0.844213	301.706270	0.005897	8.4
242	-0.499942	301.178196	0.007218	8.8
243	-1.653524	300.652580	0.031779	11.4
244	-1.865212	300.129402	0.014808	8.2
245	-0.883982	299.608645	0.011914	8.6
246	-0.081225	299.090291	0.002706	9.5
247	-0.899301	298.574321	0.016317	8.1
248	-1.471314	298.060718	0.020579	11.9
249	-1.752015	297.549465	0.016616	7.4
250	-0.669973	297.040543	0.009393	8.9
251	-0.181527	296.533936	0.003257	8.3
252	-0.990927	296.029626	0.012598	8.2
253	-0.758652	295.527597	0.015868	10.4
254	-0.000000	295.027832	0.000000	9.1
255	-0.389873	294.530315	0.008157	8.9
256	-0.905443	294.035028	0.008574	8.7
257	-0.579693	293.541956	0.007530	8.5
258	-0.508332	293.051083	0.006257	8.7
259	-1.501945	292.562393	0.012851	8.8
260	-0.000000	292.075870	0.000000	10.2
261	-0.431083	291.591498	0.007787	11.9
262	-1.849498	291.109263	0.018368	7.6
263	-1.630442	290.629149	0.028063	8.6
264	-1.234422	290.151140	0.011431	11.5
265	-1.641589	289.675222	0.038581	7.3
266	-1.095910	289.201380	0.010032	8.8
267	-0.656305	288.729600	0.009026	8.7
268	-0.000000	288.259866	0.000000	10.7
269	-1.002042	287.792165	0.012836	9.2
270	-1.853686	287.326481	0.023457	10.0
271	-0.758507	286.862802	0.026829	8.8
272	-0.001043	286.401113	0.000193	8.1
273	-0.997790	285.941400	0.021035	9.4
274	-1.527424	285.483649	0.010417	9.5
275	-0.000021	285.027847	0.000004	8.3
276	-0.007373	284.573981	0.000439	14.2
277	-0.417460	284.122037	0.007940	8.6
278	-1.386969	283.672002	0.011713	8.7
279	-0.053225	283.223863	0.001541	10.6
280	-1.855930	282.777607	0.028628	9.0
281	-0.304908	282.333221	0.004466	9.8
282	-0.000000	281.890692	0.000000	8.6
283	-1.730746	281.450008	0.031552	8.3
284	-1.620626	281.011157	0.015663	9.1
285	-0.560484	280.574125	0.009537	7.9
286	-1.378109	280.138901	0.028475	11.2
287	-0.000028	279.705473	0.000007	10.4
288	-1.376713	279.273829	0.019993	8.6
289	-1.080470	278.843956	0.024325	13.2
290	-0.000000	278.415844	0.000000	8.6
291	-1.737433	277.989479	0.020139	9.2
292	-1.389041	277.564851	0.011532	10.5
293	-1.848174	277.141949	0.017837	9.6
294	-0.325853	276.720761	0.011256	9.6
295	-0.443179	276.301275	0.009267	7.7
296	-1.912874	275.883480	0.020885	8.9
297	-0.419332	275.467366	0.007288	9.8
298	-1.659844	275.052922	0.037111	9.7
299	-1.260043	274.640136	0.008493	9.2
300	-1.641279	274.228998	0.022511	14.5
301	-0.207734	273.819497	0.004180	8.8
302	-0.758249	273.411623	0.011233	9.1
303	-0.939650	273.005365	0.011984	9.9
304	-0.119671	272.600712	0.002470	9.6
305	-1.963700	272.197655	0.017740	9.3
306	-0.451468	271.796184	0.008332	9.5
307	-1.094260	271.396287	0.005572	11.3
308	-0.052175	270.997956	0.001746	8.7
309	-0.095299	270.601180	0.003501	8.6
310	-0.000001	270.205949	0.000000	9.4
311	-0.764725	269.812254	0.010418	9.9
312	-1.677541	269.420085	0.015974	8.6
313	-0.033734	269.029432	0.001259	11.0
314	-1.213462	268.640287	0.008346	9.8
315	-1.781188	268.252638	0.009783	7.9
316	-1.314217	267.866478	0.043189	12.3
317	-1.907732	267.481796	0.020438	10.0
318	-1.582878	267.098584	0.022098	9.0
319	-1.984269	266.716833	0.008356	9.7
320	-0.257692	266.336533	0.004909	9.7
321	-0.602801	265.957676	0.009184	9.2
322	-0.000034	265.580253	0.000008	9.1
323	-0.183293	265.204254	0.003148	8.2
324	-0.004979	264.829672	0.000698	13.9
325	-0.882175	264.456497	0.010620	9.5
326	-0.269815	264.084721	0.004124	9.4
327	-1.344002	263.714335	0.013766	9.5
328	-0.045411	263.345332	0.002366	9.7
329	-1.701623	262.977702	0.025817	8.6
330	-0.472733	262.611438	0.006697	8.9
331	-0.055172	262.246531	0.003443	12.0
332	-1.954594	261.882973	0.010734	8.7
333	-0.023387	261.520756	0.001191	7.4
334	-0.000000	261.159871	0.000000	7.4
335	-1.315029	260.800312	0.011709	9.7
336	-1.236986	260.442070	0.013626	8.5
337	-1.090884	260.085137	0.027444	9.8
338	-1.327326	259.729505	0.036425	9.3
339	-1.678873	259.375167	0.029060	8.7
340	-0.067161	259.022116	0.002771	9.7
341	-1.949724	258.670343	0.021632	8.6
342	-0.000000	258.319841	0.000000	9.3
343	-1.933845	257.970602	0.029167	9.3
344	-0.000037	257.622620	0.000010	10.6
345	-1.719811	257.275887	0.039731	7.8
346	-1.795974	256.930396	0.013226	8.9
347	-1.720726	256.586139	0.015299	10.2
348	-0.013759	256.243109	0.001308	8.7
349	-1.477148	255.901300	0.020361	9.2
350	-2.021069	255.560703	0.012115	9.3
351	-1.138056	255.221313	0.046113	7.6
352	-0.080793	254.883122	0.001840	8.2
353	-0.215205	254.546124	0.004300	9.1
354	-1.121066	254.210311	0.007019	8.2
355	-0.000000	253.875677	0.000000	12.5
356	-0.016828	253.542215	0.000573	8.6
357	-1.090566	253.209918	0.041404	8.5
358	-0.757704	252.878781	0.026857	9.6
359	-0.000000	252.548795	0.000000	12.2
360	-1.328854	252.219956	0.009354	9.9
361	-1.321747	251.892255	0.014557	7.4
362	-0.000000	251.565688	0.000000	9.9
363	-1.295880	251.240247	0.016480	9.4
364	-0.012788	250.915926	0.001180	8.3
365	-0.000000	250.592720	0.000000	8.9
366	-0.000000	250.270621	0.000000	10.0
367	-1.238248	249.949624	0.012317	7.5
368	-0.000000	249.629723	0.000000	8.6
369	-1.495825	249.310911	0.012697	9.0
370	-0.427212	248.993182	0.007598	10.0
371	-0.786212	248.676531	0.023563	8.8
372	-0.056176	248.360952	0.001887	8.4
373	-0.039549	248.046438	0.001710	9.2
374	-1.535956	247.732984	0.015682	8.1
375	-1.454292	247.420584	0.031531	9.7
376	-1.050052	247.109233	0.015074	8.8
377	-0.000456	246.798924	0.000091	9.3
378	-1.981858	246.489652	0.013083	7.7
379	-0.126401	246.181412	0.002383	9.7
380	-0.953188	245.874197	0.026927	10.4
381	-1.927550	245.568002	0.023611	11.1
382	-1.564521	245.262822	0.020837	8.4
383	-0.614679	244.958652	0.009748	10.4
384	-1.684136	244.655485	0.014481	8.6
385	-1.089391	244.353317	0.010695	8.6
386	-0.064481	244.052142	0.003320	8.7
387	-0.130905	243.751955	0.002987	9.1
388	-0.585488	243.452750	0.007415	10.0
389	-0.013413	243.154523	0.000778	8.0
390	-0.978021	242.857268	0.005820	9.9
391	-1.172437	242.560980	0.013174	7.9
392	-2.015301	242.265654	0.014373	9.0
393	-0.000000	241.971285	0.000000	7.9
394	-1.915253	241.677868	0.015618	8.7
395	-0.402166	241.385397	0.005153	8.3
396	-1.445838	241.093869	0.010006	9.0
397	-0.023546	240.803278	0.001432	8.4
398	-1.630303	240.513619	0.041387	11.5
399	-0.002654	240.224887	0.000401	8.6
400	-0.812561	239.937077	0.008972	9.4
401	-0.743239	239.650186	0.009292	8.5
402	-0.032476	239.364207	0.001618	8.8
403	-0.150700	239.079136	0.004144	8.6
404	-1.111676	238.794969	0.017472	9.2
405	-1.301076	238.511701	0.012765	9.5
406	-0.810638	238.229327	0.024997	9.8
407	-0.000000	237.947843	0.000000	9.0
408	-0.099902	237.667244	0.002454	8.5
409	-1.626174	237.387526	0.042836	9.1
410	-1.898794	237.108684	0.014101	8.0
411	-0.000000	236.830714	0.000000	8.1
412	-0.511584	236.553610	0.008319	7.2
413	-1.507174	236.277370	0.013879	8.7
414	-1.408446	236.001989	0.008729	8.8
415	-0.586693	235.727461	0.007204	7.4
416	-0.868250	235.453784	0.007291	9.3
417	-0.776891	235.180952	0.007867	9.6
418	-1.244222	234.908962	0.008060	9.5
419	-1.583403	234.637809	0.017463	9.0
420	-1.722351	234.367488	0.013094	9.1
421	-1.078098	234.097997	0.012079	8.6
422	-1.032013	233.829331	0.006844	8.0
423	-0.586257	233.561485	0.004615	10.2
424	-0.000000	233.294456	0.000000	13.7
425	-1.526721	233.028239	0.010911	9.1
426	-1.219062	232.762831	0.050195	8.2
427	-0.000000	232.498228	0.000000	11.6
428	-1.256957	232.234425	0.023255	10.1
429	-1.387406	231.971419	0.029945	8.6
430	-0.822831	231.709205	0.014802	8.6
431	-1.606349	231.447781	0.008226	8.5
432	-1.720442	231.187141	0.035363	9.9
433	-0.666184	230.927283	0.007670	8.5
434	-0.281102	230.668202	0.008166	9.6
435	-0.000000	230.409895	0.000000	8.9
436	-0.493573	230.152358	0.007971	9.1
437	-1.580430	229.895587	0.038438	10.4
438	-1.985973	229.639578	0.016444	8.1
439	-0.042754	229.384329	0.001610	9.6
440	-0.040803	229.129834	0.001926	8.0
441	-1.941490	228.876091	0.009587	8.4
442	-0.002825	228.623096	0.000444	9.4
443	-1.551356	228.370846	0.013760	11.6
444	-0.176493	228.119336	0.007610	8.6
445	-0.000000	227.868563	0.000000	7.9
446	-1.666950	227.618525	0.016150	11.6
447	-0.324688	227.369216	0.004840	9.2
448	-1.450609	227.120635	0.020232	9.1
449	-1.095375	226.872777	0.010987	8.5
450	-0.015496	226.625638	0.001176	8.7
451	-1.522051	226.379217	0.012737	9.6
452	-1.706410	226.133509	0.012683	9.8
453	-0.000000	225.888510	0.000000	9.1
454	-0.440529	225.644218	0.005617	14.2
455	-0.000178	225.400630	0.000041	7.4
456	-1.000948	225.157741	0.008612	9.8
457	-1.636006	224.915549	0.008868	8.1
458	-0.096395	224.674051	0.003077	8.7
459	-1.349290	224.433242	0.032062	8.6
460	-0.477234	224.193121	0.006792	8.9
461	-0.000000	223.953684	0.000000	10.0
462	-0.408418	223.714927	0.006456	8.9
463	-0.810735	223.476848	0.024447	9.9
464	-1.052571	223.239444	0.017741	8.3
465	-0.964531	223.002710	0.027852	10.0
466	-1.884780	222.766645	0.030837	8.7
467	-1.399149	222.531245	0.013312	8.5
468	-1.330335	222.296508	0.018757	8.9
469	-0.648599	222.062429	0.009162	9.5
470	-1.430713	221.829007	0.013215	9.5
471	-1.500544	221.596238	0.041499	8.4
472	-0.525126	221.364119	0.007693	9.6
473	-1.261295	221.132647	0.017245	9.7
474	-1.901893	220.901820	0.027640	9.1
475	-0.000000	220.671634	0.000000	9.1
476	-1.957629	220.442086	0.018413	8.0
477	-0.812383	220.213174	0.014135	9.3
478	-0.878245	219.984895	0.008701	8.5
479	-1.693413	219.757246	0.018298	8.2
480	-1.328661	219.530224	0.048260	8.3
481	-1.244249	219.303826	0.021874	10.7
482	-0.149328	219.078050	0.004986	9.9
483	-0.259723	218.852893	0.005956	10.8
484	-1.889499	218.628352	0.013294	9.2
485	-1.224994	218.404424	0.012937	9.0
486	-0.113490	218.181106	0.002570	8.1
487	-0.235367	217.958397	0.004737	10.5
488	-0.394747	217.736292	0.005750	8.1
489	-1.750557	217.514790	0.019975	9.4
490	-1.612646	217.293888	0.013708	9.6
491	-1.431811	217.073584	0.009239	8.4
492	-0.647612	216.853873	0.008104	9.4
493	-0.076505	216.634755	0.002448	10.7
494	-1.795208	216.416227	0.024923	8.8
495	-1.311934	216.198285	0.010963	9.2
496	-0.024854	215.980927	0.000867	8.6
497	-0.025581	215.764151	0.001379	10.1
498	-0.085650	215.547955	0.001947	9.8
499	-0.546866	215.332335	0.008775	7.4
500	-1.285261	215.117289	0.019398	9.2
501	-0.095804	214.902815	0.003553	8.0
502	-0.362414	214.688911	0.004906	8.2
503	-0.391398	214.475573	0.007800	9.1
504	-0.877832	214.262800	0.009624	9.1
505	-1.975467	214.050588	0.015340	8.3
506	-1.448324	213.838936	0.021674	8.5
507	-0.652273	213.627842	0.009321	10.4
508	-0.000000	213.417302	0.000000	8.9
509	-0.405994	213.207314	0.005656	8.8
510	-1.767357	212.997877	0.042535	9.3
511	-1.536071	212.788987	0.046925	8.4
512	-0.000354	212.580642	0.000064	8.7
513	-1.647729	212.372841	0.010063	8.2
514	-0.008301	212.165581	0.000724	9.5
515	-0.063320	211.958859	0.002646	10.1
516	-1.604152	211.752673	0.019410	9.1
517	-1.976652	211.547021	0.028820	8.9
518	-0.003021	211.341902	0.000525	9.2
519	-0.620946	211.137311	0.010118	9.6
520	-0.466369	210.933248	0.008837	8.2
521	-0.748504	210.729710	0.012900	8.0
522	-0.000000	210.526695	0.000000	8.9
523	-1.690094	210.324200	0.023162	9.4
524	-1.697499	210.122224	0.026853	8.9
525	-2.083676	209.920765	0.020613	12.3
526	-1.752528	209.719820	0.031875	8.2
527	-0.634038	209.519387	0.011356	8.9
528	-0.000000	209.319463	0.000000	8.9
529	-1.717454	209.120048	0.021312	8.4
530	-1.439467	208.921139	0.031152	8.2
531	-0.624624	208.722733	0.010124	8.7
532	-0.179586	208.524829	0.004816	11.1
533	-0.438844	208.327425	0.005918	9.5
534	-1.798312	208.130518	0.026402	10.5
535	-0.359150	207.934107	0.009579	9.5
536	-0.366107	207.738189	0.005287	8.4
537	-0.000000	207.542762	0.000000	11.9
538	-1.272218	207.347825	0.015466	9.5
539	-0.002967	207.153376	0.000510	8.2
540	-0.521250	206.959412	0.008567	9.0
541	-1.392483	206.765932	0.018780	9.3
542	-0.464345	206.572933	0.005413	8.5
543	-0.222957	206.380414	0.005295	10.2
544	-0.000000	206.188373	0.000000	7.1
545	-1.896351	205.996807	0.024882	9.5
546	-0.226966	205.805716	0.003981	8.6
547	-0.000000	205.615096	0.000000	11.1
548	-1.315704	205.424946	0.040582	8.7
549	-1.221900	205.235265	0.041121	8.7
550	-1.315565	205.046050	0.009813	10.9
551	-1.938115	204.857299	0.009611	8.5
552	-1.075013	204.669011	0.013371	8.2
553	-1.942189	204.481184	0.012897	8.5
554	-2.043839	204.293816	0.017192	9.6
555	-0.517547	204.106905	0.010029	12.7
556	-0.249493	203.920449	0.004159	8.0
557	-1.041991	203.734447	0.018968	8.0
558	-0.000000	203.548896	0.000000	8.6
559	-0.018913	203.363795	0.001327	7.6
560	-0.551022	203.179143	0.006082	8.3
561	-0.785034	202.994937	0.010008	8.8
562	-1.853075	202.811176	0.008283	9.7
563	-1.796105	202.627857	0.014132	10.0
564	-1.595982	202.444980	0.024140	9.0
565	-1.796848	202.262543	0.017072	8.7
566	-0.000653	202.080543	0.000132	7.9
567	-1.522187	201.898979	0.040726	9.2
568	-0.798801	201.717849	0.016002	8.7
569	-1.904810	201.537153	0.028346	8.0
570	-1.665628	201.356887	0.010194	9.2
571	-0.003447	201.177050	0.000301	7.7
572	-0.373723	200.997642	0.007763	9.2
573	-0.215487	200.818659	0.005326	11.0
574	-0.001891	200.640100	0.000246	9.1
575	-0.000012	200.461965	0.000003	7.8
576	-0.076198	200.284250	0.004502	8.8
577	-1.287796	200.106955	0.016916	8.4
578	-0.703573	199.930078	0.006095	8.6
579	-0.559157	199.753617	0.009649	10.5
580	-0.827462	199.577571	0.010016	9.5
581	-0.000000	199.401938	0.000000	7.9
582	-1.367500	199.226717	0.017037	10.2
583	-0.644967	199.051905	0.010169	8.4
584	-0.304327	198.877502	0.008255	8.8
585	-0.493977	198.703506	0.006181	10.5
586	-0.144664	198.529916	0.002204	8.3
587	-1.559377	198.356729	0.044658	9.0
588	-0.081613	198.183944	0.002637	8.8
589	-0.401190	198.011560	0.004307	8.8
590	-0.613485	197.839576	0.007187	8.5
591	-1.958795	197.667989	0.018357	8.4
592	-0.038819	197.496798	0.002405	8.9
593	-0.324323	197.326002	0.006470	8.8
594	-0.011996	197.155600	0.000658	8.8
595	-0.572861	196.985589	0.006868	8.8
596	-0.000000	196.815969	0.000000	8.3
597	-1.091561	196.646738	0.010065	9.4
598	-1.238039	196.477894	0.026716	7.5
599	-0.966966	196.309436	0.007738	8.4
600	-0.403252	196.141363	0.005236	8.5
601	-1.395228	195.973673	0.005815	9.4
602	-0.045366	195.806365	0.002952	10.0
603	-1.776888	195.639437	0.013436	8.7
604	-1.794888	195.472888	0.029450	9.6
605	-1.139974	195.306717	0.012142	8.6
606	-1.694148	195.140922	0.047761	10.2
607	-0.000000	194.975501	0.000000	13.7
608	-1.829112	194.810454	0.023044	9.8
609	-1.070633	194.645779	0.009398	9.4
610	-0.279056	194.481475	0.005784	8.5
611	-1.409500	194.317540	0.019429	8.9
612	-0.000078	194.153973	0.000015	9.3
613	-0.033619	193.990773	0.001499	7.8
614	-0.805475	193.827938	0.006093	8.8
615	-1.309901	193.665467	0.030034	9.3
616	-1.337536	193.503358	0.011048	8.9
617	-0.006981	193.341611	0.000956	9.3
618	-0.264079	193.180224	0.006666	9.2
619	-0.578659	193.019196	0.008991	9.1
620	-0.055661	192.858525	0.002239	8.3
621	-1.521092	192.698210	0.013655	10.3
622	-1.818541	192.538251	0.028925	8.0
623	-1.886056	192.378644	0.011193	7.3
624	-0.045874	192.219391	0.001520	12.2
625	-0.711200	192.060488	0.010430	9.1
626	-1.701740	191.901935	0.014684	10.7
627	-0.220438	191.743730	0.005202	10.0
628	-1.997846	191.585873	0.025919	8.2
629	-0.973999	191.428362	0.011866	9.1
630	-1.639315	191.271196	0.009329	11.4
631	-1.992086	191.114374	0.016227	8.7
632	-2.067727	190.957893	0.017297	9.5
633	-0.189071	190.801755	0.004997	8.7
634	-2.055574	190.645956	0.006874	10.4
635	-0.280283	190.490495	0.004265	9.4
636	-1.495893	190.335373	0.009887	8.2
637	-1.714025	190.180587	0.025006	8.6
638	-0.001414	190.026136	0.000232	8.2
639	-1.782285	189.872019	0.020010	8.9
640	-0.155506	189.718235	0.005678	8.6
641	-1.771295	189.564782	0.009190	11.6
642	-0.053966	189.411661	0.003518	8.8
643	-1.889152	189.258868	0.019584	8.7
644	-0.061247	189.106404	0.001513	9.6
645	-1.622988	188.954267	0.023283	9.3
646	-0.261020	188.802456	0.004536	9.0
647	-0.424971	188.650969	0.004040	9.4
648	-0.868866	188.499807	0.010159	9.5
649	-0.000000	188.348967	0.000000	8.4
650	-1.632731	188.198448	0.040727	8.5
651	-1.853422	188.048250	0.018635	8.2
652	-0.541459	187.898371	0.008447	8.9
653	-0.007053	187.748810	0.000635	9.6
654	-1.457510	187.599566	0.022898	9.1
655	-1.626469	187.450638	0.019747	8.9
656	-0.685778	187.302025	0.015308	9.8
657	-1.796877	187.153725	0.027009	9.4
658	-0.714769	187.005739	0.009017	8.6
659	-0.761803	186.858064	0.011831	14.8
660	-2.064281	186.710699	0.015015	9.2
661	-0.000000	186.563645	0.000000	8.3
662	-0.009300	186.416898	0.000481	8.4
663	-1.973984	186.270459	0.017509	8.4
664	-1.854886	186.124326	0.033658	14.2
665	-0.661979	185.978499	0.009487	8.5
666	-0.939114	185.832976	0.027864	7.9
667	-1.580956	185.687756	0.032628	8.9
668	-1.525251	185.542838	0.010423	12.2
669	-0.057768	185.398222	0.002003	8.3
670	-0.461289	185.253906	0.011488	11.2
671	-0.000000	185.109889	0.000000	8.9
672	-0.760709	184.966170	0.006735	8.7
673	-0.173010	184.822748	0.002694	9.8
674	-0.835798	184.679623	0.009436	9.0
675	-0.012339	184.536792	0.000956	13.4
676	-0.000000	184.394256	0.000000	9.9
677	-1.625023	184.252013	0.033489	9.5
678	-0.015438	184.110062	0.000583	9.1
679	-0.806020	183.968403	0.009705	9.3
680	-0.152329	183.827034	0.002734	8.5
681	-0.547656	183.685954	0.006443	8.5
682	-1.876169	183.545163	0.011959	13.1
683	-0.844430	183.404658	0.014485	14.6
684	-1.363535	183.264441	0.012890	9.4
685	-0.925074	183.124509	0.009967	9.5
686	-0.487371	182.984861	0.005108	9.6
687	-0.002015	182.845497	0.000284	14.6
688	-1.220781	182.706416	0.034545	9.6
689	-0.000010	182.567616	0.000002	9.7
690	-1.137599	182.429098	0.016101	14.0
691	-0.208319	182.290859	0.004322	8.1
692	-0.003838	182.152899	0.000453	9.7
693	-0.056513	182.015217	0.004097	9.1
694	-0.000002	181.877813	0.000000	8.7
695	-0.081513	181.740684	0.002701	8.6
696	-0.818054	181.603832	0.008888	9.1
697	-1.296510	181.467253	0.042772	8.8
698	-0.194532	181.330948	0.004925	9.9
699	-0.744836	181.194916	0.006508	8.4
700	-0.107956	181.059155	0.004660	9.5
701	-0.011031	180.923666	0.000820	8.2
702	-0.387899	180.788446	0.005069	8.8
703	-1.323669	180.653496	0.007568	14.3
704	-0.984151	180.518814	0.004771	7.7
705	-1.765204	180.384399	0.029307	8.4
706	-1.810488	180.250251	0.025343	8.9
707	-0.091331	180.116369	0.001039	7.6
708	-1.268729	179.982752	0.040239	7.6
709	-1.855945	179.849398	0.037607	8.7
710	-1.695399	179.716308	0.046616	9.9
711	-0.873855	179.583480	0.011875	9.9
712	-0.598684	179.450913	0.010716	9.1
713	-1.429641	179.318607	0.009440	8.6
714	-0.007762	179.186561	0.000342	8.9
715	-0.944830	179.054774	0.026310	11.7
716	-0.000000	178.923245	0.000000	11.2
717	-0.001125	178.791973	0.000194	8.7
718	-0.507242	178.660958	0.007588	11.3
719	-1.684151	178.530199	0.027796	12.1
720	-0.103019	178.399694	0.003447	8.5
721	-1.700457	178.269444	0.007112	10.1
722	-0.001659	178.139447	0.000264	8.9
723	-1.120934	178.009702	0.015613	8.9
724	-1.417194	177.880209	0.019655	11.5
725	-1.930891	177.750967	0.013827	12.9
726	-0.017453	177.621975	0.001186	8.7
727	-0.000000	177.493232	0.000000	8.8
728	-0.085902	177.364738	0.004237	8.5
729	-1.403662	177.236492	0.006038	9.2
730	-0.517864	177.108492	0.007931	7.8
731	-0.103585	176.980739	0.004044	9.8
732	-1.823163	176.853231	0.036407	8.2
733	-0.913497	176.725968	0.011011	7.8
734	-2.026653	176.598949	0.010451	10.2
735	-0.000000	176.472173	0.000000	9.9
736	-0.162470	176.345639	0.002748	9.4
737	-0.887530	176.219348	0.015994	8.6
738	-1.734530	176.093296	0.006218	8.9
739	-1.502437	175.967486	0.014108	9.0
740	-1.473363	175.841914	0.008686	12.3
741	-1.810602	175.716581	0.027884	8.2
742	-0.646427	175.591486	0.006002	9.6
743	-0.612115	175.466629	0.008015	9.1
744	-0.405083	175.342008	0.006564	9.2
745	-0.391754	175.217622	0.005753	8.9
746	-1.798319	175.093472	0.029067	9.0
747	-1.543436	174.969556	0.047663	10.0
748	-0.303959	174.845873	0.002743	13.4
749	-1.537645	174.722423	0.030533	9.1
750	-1.776487	174.599206	0.007904	12.4
751	-1.290084	174.476220	0.017072	9.5
752	-1.494537	174.353464	0.014381	9.1
753	-0.259273	174.230939	0.005115	9.7
754	-0.000000	174.108643	0.000000	9.4
755	-1.908322	173.986576	0.023026	7.9
756	-0.036901	173.864737	0.002198	7.1
757	-0.894565	173.743124	0.010842	7.5
758	-1.770981	173.621739	0.020641	12.4
759	-0.002115	173.500579	0.000313	9.4
760	-1.796518	173.379645	0.025032	8.6
761	-0.329733	173.258935	0.005875	9.8
762	-0.000002	173.138449	0.000001	9.0
763	-0.167453	173.018186	0.005427	8.8
764	-0.585455	172.898146	0.009418	8.2
765	-1.970086	172.778327	0.018836	7.9
766	-0.109959	172.658730	0.004107	15.4
767	-1.120670	172.539353	0.009489	9.6
768	-0.000000	172.420196	0.000000	7.0
769	-0.908330	172.301258	0.041254	8.6
770	-1.842069	172.182539	0.025092	7.9
771	-0.000239	172.064037	0.000050	10.1
772	-0.476312	171.945753	0.006337	11.1
773	-1.878670	171.827686	0.026569	8.7
774	-0.495699	171.709834	0.008588	9.4
775	-0.000008	171.592198	0.000002	12.0
776	-1.926573	171.474776	0.015605	8.3
777	-0.019712	171.357568	0.002420	9.4
778	-0.717157	171.240574	0.009713	8.3
779	-0.000000	171.123793	0.000000	9.7
780	-1.359582	171.007223	0.025695	9.3
781	-1.160428	170.890865	0.012861	8.8
782	-0.217952	170.774718	0.004351	11.4
783	-0.381417	170.658782	0.008675	9.1
784	-0.000000	170.543055	0.000000	8.4
785	-1.037087	170.427537	0.015000	9.1
786	-1.386659	170.312227	0.012127	8.6
787	-0.474508	170.197125	0.008394	14.5
788	-0.807584	170.082231	0.021978	10.3
789	-1.786124	169.967543	0.017266	8.6
790	-1.965242	169.853061	0.012186	9.0
791	-1.886136	169.738784	0.021050	10.8
792	-1.996157	169.624713	0.009454	15.0
793	-0.673242	169.510845	0.010449	8.3
794	-0.052349	169.397181	0.001437	9.1
795	-2.016382	169.283720	0.032011	8.1
796	-0.760720	169.170462	0.011579	10.2
797	-0.082519	169.057405	0.003663	11.1
798	-1.757844	168.944549	0.018672	11.8
799	-0.357353	168.831895	0.005389	8.2
800	-1.826728	168.719440	0.020188	8.8
801	-0.586895	168.607185	0.005980	14.5
802	-0.294113	168.495129	0.004075	9.4
803	-1.850411	168.383271	0.019372	9.2
804	-1.074849	168.271611	0.011166	9.0
805	-0.694274	168.160148	0.009208	9.2
806	-0.248116	168.048882	0.005568	9.6
807	-0.000008	167.937812	0.000002	12.6
808	-1.670831	167.826938	0.046308	9.9
809	-1.969815	167.716258	0.014827	10.6
810	-0.187080	167.605773	0.003815	8.6
811	-0.970795	167.495482	0.015680	17.9
812	-0.970734	167.385384	0.011828	9.5
813	-0.000000	167.275479	0.000000	14.8
814	-0.002897	167.165766	0.000450	7.9
815	-1.252268	167.056245	0.017688	9.3
816	-2.029221	166.946915	0.015352	10.0
817	-1.485977	166.837776	0.014352	9.6
818	-0.046799	166.728826	0.001281	9.4
819	-0.074995	166.620067	0.003029	9.1
820	-0.029043	166.511496	0.002470	7.7
821	-0.067018	166.403113	0.003342	9.3
822	-0.166362	166.294919	0.003206	9.2
823	-0.727977	166.186912	0.008370	8.9
824	-1.772006	166.079091	0.010681	8.0
825	-0.206505	165.971458	0.004984	7.6
826	-1.444025	165.864009	0.022094	12.8
827	-0.000006	165.756747	0.000001	9.8
828	-0.000010	165.649669	0.000002	7.8
829	-1.446005	165.542775	0.010189	10.7
830	-0.083995	165.436065	0.002378	9.0
831	-1.529202	165.329538	0.032646	8.7
832	-1.174100	165.223194	0.025060	8.4
833	-0.269676	165.117032	0.008140	7.7
834	-1.694296	165.011052	0.024303	9.3
835	-0.868662	164.905253	0.008520	13.3
836	-1.178222	164.799635	0.015626	7.9
837	-1.847743	164.694197	0.021274	9.7
838	-1.841888	164.588939	0.024692	9.7
839	-1.372294	164.483859	0.013503	9.5
840	-0.000000	164.378959	0.000000	7.7
841	-0.766723	164.274237	0.010630	8.1
842	-0.876217	164.169692	0.010286	8.8
843	-0.686119	164.065325	0.009676	8.5
844	-0.671736	163.961135	0.007137	9.0
845	-0.095850	163.857120	0.002426	9.4
846	-0.000000	163.753282	0.000000	9.8
847	-1.872854	163.649619	0.006802	8.9
848	-1.929101	163.546130	0.021640	7.4
849	-0.143278	163.442816	0.003323	11.6
850	-0.000620	163.339676	0.000114	10.7
851	-0.642725	163.236709	0.006783	8.8
852	-0.158071	163.133915	0.004621	12.1
853	-0.000000	163.031294	0.000000	10.2
854	-1.496795	162.928844	0.008129	8.7
855	-0.000166	162.826566	0.000037	9.9
856	-0.247859	162.724459	0.004003	8.3
857	-0.506302	162.622523	0.007450	9.2
858	-0.000000	162.520757	0.000000	9.1
859	-0.000041	162.419160	0.000009	9.0
860	-0.276085	162.317733	0.005692	8.9
861	-1.760369	162.216474	0.039193	9.5
862	-1.763190	162.115383	0.030059	8.9
863	-0.144423	162.014461	0.004574	9.0
864	-1.980605	161.913705	0.016806	9.0
865	-0.000505	161.813117	0.000071	8.3
866	-1.279591	161.712695	0.025896	8.2
867	-0.000000	161.612439	0.000000	9.9
868	-0.000000	161.512349	0.000000	12.2
869	-0.464353	161.412424	0.005849	8.7
870	-0.132981	161.312663	0.004994	10.3
871	-0.000000	161.213067	0.000000	10.1
872	-1.749127	161.113635	0.009840	8.1
873	-1.038411	161.014366	0.014063	8.4
874	-1.743688	160.915260	0.013883	9.1
875	-1.874904	160.816316	0.019454	8.4
876	-1.765933	160.717535	0.017143	8.8
877	-0.026791	160.618915	0.000886	8.0
878	-0.905548	160.520456	0.008142	18.4
879	-0.000000	160.422158	0.000000	9.0
880	-1.843756	160.324021	0.020380	9.3
881	-0.737029	160.226043	0.009888	8.7
882	-1.884683	160.128225	0.014623	8.2
883	-0.812723	160.030566	0.011083	7.7
884	-0.134933	159.933066	0.004349	11.0
885	-1.854279	159.835723	0.013320	9.1
886	-0.585114	159.738539	0.009224	9.4
887	-1.522925	159.641512	0.008183	10.3
888	-0.048368	159.544642	0.001463	9.6
889	-1.871725	159.447929	0.024690	9.2
890	-0.000010	159.351372	0.000003	9.2
891	-0.106602	159.254971	0.004224	9.2
892	-0.540608	159.158725	0.007819	10.0
893	-0.488654	159.062634	0.005933	9.9
894	-0.000803	158.966697	0.000152	9.4
895	-1.102377	158.870915	0.047546	8.1
896	-1.693093	158.775286	0.031847	11.3
897	-0.574840	158.679811	0.008510	9.5
898	-1.862930	158.584489	0.036871	8.2
899	-1.555676	158.489319	0.017108	14.3
900	-1.378661	158.394302	0.014713	10.0
901	-0.090961	158.299436	0.002422	8.7
902	-0.097737	158.204721	0.005233	8.2
903	-1.693716	158.110158	0.011316	8.8
904	-0.000075	158.015745	0.000018	9.4
905	-0.685426	157.921482	0.010917	9.0
906	-0.665748	157.827369	0.009414	8.5
907	-0.263510	157.733406	0.004391	9.4
908	-1.452255	157.639591	0.021231	8.1
909	-1.558491	157.545925	0.028924	7.6
910	-0.000000	157.452408	0.000000	12.9
911	-1.606432	157.359038	0.015801	9.8
912	-0.000000	157.265816	0.000000	8.7
913	-1.996579	157.172741	0.013029	10.0
914	-0.818165	157.079813	0.010780	8.8
915	-0.000001	156.987031	0.000000	9.2
916	-0.139435	156.894395	0.005609	10.0
917	-0.665060	156.801904	0.007676	7.7
918	-2.024537	156.709559	0.010252	9.8
919	-0.735698	156.617359	0.007843	11.2
920	-0.351624	156.525304	0.006109	8.2
921	-1.836324	156.433392	0.018611	10.4
922	-1.736233	156.341624	0.016937	9.5
923	-0.000000	156.250000	0.000000	9.6
924	-1.975023	156.158519	0.013403	8.3
925	-1.702571	156.067180	0.027642	8.1
926	-0.031656	155.975984	0.001313	8.7
927	-1.207624	155.884930	0.032253	8.5
928	-0.302836	155.794017	0.004677	8.9
929	-1.479294	155.703246	0.010985	8.7
930	-1.814136	155.612615	0.009472	9.7
931	-0.000012	155.522125	0.000003	14.2
932	-1.219580	155.431775	0.008009	8.6
933	-0.000161	155.341565	0.000037	8.9
934	-1.656262	155.251495	0.019195	8.7
935	-1.100600	155.161563	0.048323	8.1
936	-1.904982	155.071771	0.015028	9.2
937	-1.468045	154.982117	0.016995	9.1
938	-0.093630	154.892601	0.003890	9.9
939	-1.421535	154.803222	0.006017	9.9
940	-0.000000	154.713981	0.000000	8.3
941	-1.894595	154.624878	0.033115	11.1
942	-0.521311	154.535910	0.010326	8.3
943	-0.299754	154.447080	0.006066	8.1
944	-1.827106	154.358385	0.014918	9.8
945	-1.092773	154.269826	0.015881	16.0
946	-0.026784	154.181402	0.001801	9.2
947	-1.241458	154.093114	0.022381	8.6
948	-0.002742	154.004960	0.000270	10.5
949	-0.000000	153.916940	0.000000	9.2
950	-1.907918	153.829054	0.040702	11.0
951	-0.000009	153.741303	0.000002	9.3
952	-0.920507	153.653684	0.006686	9.2
953	-1.074051	153.566198	0.010407	9.9
954	-0.581384	153.478846	0.006744	10.9
955	-2.050571	153.391625	0.027330	14.9
956	-1.781033	153.304537	0.024633	9.8
957	-1.365996	153.217580	0.023180	9.0
958	-1.339605	153.130755	0.011833	8.5
959	-0.000029	153.044061	0.000007	10.8
960	-1.697878	152.957498	0.024821	9.2
961	-0.356973	152.871065	0.008811	12.6
962	-0.705277	152.784762	0.009294	8.7
963	-0.073357	152.698589	0.002695	8.6
964	-1.834979	152.612545	0.022521	12.7
965	-2.038257	152.526631	0.013990	10.0
966	-1.850506	152.440845	0.028227	10.1
967	-1.731512	152.355188	0.019234	8.7
968	-1.847481	152.269660	0.012820	11.5
969	-0.732698	152.184259	0.008377	10.2
970	-1.835942	152.098986	0.021513	8.8
971	-0.331903	152.013840	0.007301	9.4
972	-0.384147	151.928821	0.005749	7.9
973	-0.003270	151.843928	0.000588	9.0
974	-0.000250	151.759163	0.000053	9.2
975	-1.566540	151.674523	0.042155	8.6
976	-1.801563	151.590009	0.023195	8.3
977	-0.208459	151.505620	0.005289	9.6
978	-0.000002	151.421357	0.000001	10.7
979	-1.089793	151.337218	0.009732	12.6
980	-0.000029	151.253204	0.000007	8.9
981	-1.627043	151.169314	0.018285	9.6
982	-1.760703	151.085549	0.011306	8.9
983	-1.085506	151.001907	0.028572	9.3
984	-1.255922	150.918388	0.033993	9.8
985	-1.066378	150.834992	0.016523	10.1
986	-0.000000	150.751719	0.000000	8.7
987	-0.949406	150.668569	0.017922	9.6
988	-0.299414	150.585541	0.008455	8.5
989	-1.988825	150.502634	0.006109	8.5
990	-1.392486	150.419849	0.019998	8.2
991	-1.202875	150.337186	0.011703	15.0
992	-1.744333	150.254644	0.011513	9.2
993	-0.030641	150.172222	0.001144	8.5
994	-2.018162	150.089921	0.009021	10.0
995	-1.877500	150.007740	0.009472	10.4
996	-0.609483	149.925679	0.006915	8.2
997	-0.053017	149.843737	0.002338	10.7
998	-0.906299	149.761915	0.010081	8.3
999	-1.748170	149.680212	0.029168	7.5
1000	-0.000052	149.598627	0.000009	12.5
1001	-1.710006	149.517161	0.019629	8.0
1002	-0.139519	149.435814	0.002739	9.1
1003	-0.000282	149.354584	0.000057	9.8
1004	-1.618900	149.273472	0.017693	8.2
1005	-0.088483	149.192477	0.004319	14.8
1006	-0.204893	149.111599	0.005625	9.1
1007	-1.450181	149.030838	0.012029	8.5
1008	-0.000000	148.950194	0.000000	9.4
1009	-1.832516	148.869666	0.009723	8.9
1010	-0.266568	148.789253	0.005948	8.9
1011	-0.000000	148.708957	0.000000	11.7
1012	-1.617461	148.628776	0.010033	8.5
1013	-0.209779	148.548710	0.003881	11.0
1014	-0.827820	148.468759	0.010307	15.3
1015	-0.083995	148.388923	0.002810	10.0
1016	-1.968857	148.309201	0.011746	8.3
1017	-0.000017	148.229594	0.000004	9.5
1018	-1.484546	148.150100	0.007845	8.3
1019	-1.460946	148.070719	0.038146	8.6
1020	-0.000041	147.991452	0.000009	15.4
1021	-2.008986	147.912298	0.015578	9.3
1022	-1.660670	147.833257	0.017394	8.1
1023	-1.387720	147.754329	0.009239	9.2
1024	-1.684755	147.675512	0.034574	8.0
1025	-0.663352	147.596808	0.003816	9.8
1026	-1.646245	147.518216	0.007033	8.4
1027	-1.417584	147.439735	0.005823	8.6
1028	-0.836071	147.361365	0.008733	10.8
1029	-1.030320	147.283106	0.010462	9.3
1030	-0.100626	147.204958	0.003896	9.0
1031	-0.000000	147.126920	0.000000	12.8
1032	-2.023570	147.048993	0.011890	8.8
1033	-0.278058	146.971175	0.004928	11.1
1034	-0.522016	146.893468	0.007341	9.2
1035	-1.710059	146.815869	0.025965	8.5
1036	-0.283668	146.738380	0.004005	9.2
1037	-1.014586	146.661000	0.025399	8.3
1038	-1.922428	146.583729	0.020125	9.5
1039	-1.853106	146.506566	0.018619	11.5
1040	-1.465741	146.429511	0.017279	9.0
1041	-0.000000	146.352565	0.000000	9.9
1042	-0.019893	146.275726	0.000593	9.8
1043	-0.953680	146.198994	0.018826	8.3
1044	-1.409380	146.122370	0.012069	9.1
1045	-1.234713	146.045853	0.014863	9.0
1046	-0.080529	145.969442	0.001937	9.0
1047	-1.882512	145.893139	0.013760	8.2
1048	-0.781363	145.816941	0.007322	13.1
1049	-0.000488	145.740849	0.000079	18.0
1050	-0.850260	145.664863	0.009727	7.8
1051	-1.925801	145.588983	0.026778	9.7
1052	-0.663383	145.513208	0.008096	13.7
1053	-1.577187	145.437538	0.009668	10.1
1054	-0.287200	145.361973	0.003669	10.3
1055	-1.449132	145.286513	0.007017	7.6
1056	-0.000002	145.211157	0.000000	9.6
1057	-0.031156	145.135905	0.001097	8.0
1058	-0.017404	145.060757	0.000785	9.2
1059	-0.389326	144.985712	0.005118	10.4
1060	-0.352333	144.910771	0.006513	8.7
1061	-0.251232	144.835934	0.005663	11.2
1062	-0.112830	144.761199	0.003900	9.2
1063	-1.136867	144.686567	0.015472	10.7
1064	-1.949999	144.612037	0.014141	10.4
1065	-0.022957	144.537610	0.001029	10.4
1066	-0.000000	144.463285	0.000000	16.4
1067	-0.077887	144.389062	0.001569	8.4
1068	-1.697814	144.314940	0.025017	8.2
1069	-1.461686	144.240920	0.013087	10.4
1070	-0.442813	144.167001	0.008057	12.6
1071	-1.772597	144.093182	0.044314	9.3
1072	-1.550612	144.019465	0.012487	8.4
1073	-1.255435	143.945848	0.015275	9.5
1074	-0.989586	143.872331	0.010029	9.3
1075	-0.002937	143.798914	0.000303	8.0
1076	-0.028237	143.725597	0.001189	15.6
1077	-1.922992	143.652380	0.024725	9.4
1078	-0.330888	143.579262	0.004916	9.2
1079	-1.337600	143.506243	0.026350	9.4
1080	-1.962407	143.433323	0.012768	9.6
1081	-1.739895	143.360502	0.022180	9.2
1082	-1.877346	143.287780	0.021149	8.7
1083	-1.940297	143.215155	0.025672	8.8
1084	-0.528404	143.142629	0.007048	7.9
1085	-1.373743	143.070201	0.011455	9.6
1086	-0.005425	142.997870	0.000447	10.5
1087	-0.025128	142.925637	0.001188	8.8
1088	-0.245284	142.853501	0.006021	9.2
1089	-0.441572	142.781462	0.006396	9.3
1090	-0.577431	142.709519	0.007060	8.6
1091	-1.249392	142.637674	0.018455	9.2
1092	-2.032761	142.565924	0.007494	9.6
1093	-1.326216	142.494271	0.008434	9.0
1094	-0.425254	142.422714	0.006288	8.8
1095	-1.577431	142.351252	0.009046	9.5
1096	-1.695358	142.279886	0.008736	8.9
1097	-0.000177	142.208616	0.000035	15.3
1098	-1.770340	142.137440	0.016159	10.5
1099	-1.704411	142.066360	0.009661	8.3
1100	-0.000000	141.995374	0.000000	8.8
1101	-1.851097	141.924483	0.014219	10.2
1102	-0.368996	141.853685	0.005943	7.6
1103	-1.674221	141.782983	0.011212	8.7
1104	-1.201057	141.712373	0.018275	7.7
1105	-1.229019	141.641858	0.006206	9.5
1106	-0.369743	141.571436	0.005197	10.3
1107	-2.006053	141.501108	0.010121	7.6
1108	-1.520033	141.430872	0.007570	9.6
1109	-0.723927	141.360730	0.006894	8.4
1110	-0.737217	141.290680	0.007596	8.1
1111	-1.698257	141.220722	0.045024	13.7
1112	-0.000000	141.150857	0.000000	8.0
1113	-0.189104	141.081084	0.006283	10.3
1114	-1.879810	141.011403	0.023377	11.6
1115	-0.197568	140.941813	0.005966	7.7
1116	-1.013514	140.872315	0.008162	8.2
1117	-2.007317	140.802909	0.025645	8.7
1118	-0.507163	140.733593	0.006260	8.7
1119	-1.662940	140.664369	0.011156	8.7
1120	-0.399213	140.595235	0.005874	8.4
1121	-1.643794	140.526192	0.008940	11.8
1122	-0.002011	140.457239	0.000313	9.8
1123	-0.728908	140.388376	0.010465	9.3
1124	-0.016955	140.319603	0.000812	15.5
1125	-0.891730	140.250920	0.007409	7.3
1126	-0.417502	140.182326	0.006050	7.6
1127	-1.812358	140.113822	0.013106	10.3
1128	-0.498325	140.045407	0.005072	8.8
1129	-0.085798	139.977081	0.002519	13.7
1130	-0.590620	139.908844	0.009176	8.3
1131	-2.034309	139.840696	0.005922	8.7
1132	-0.814978	139.772635	0.006910	8.4
1133	-0.117628	139.704664	0.002383	8.4
1134	-0.227658	139.636780	0.004248	13.0
1135	-0.001155	139.568984	0.000208	9.0
1136	-0.949993	139.501276	0.011293	8.3
1137	-1.850441	139.433655	0.014413	10.4
1138	-1.083436	139.366122	0.015984	12.3
1139	-0.460733	139.298676	0.004005	11.6
1140	-1.029724	139.231317	0.010870	8.6
1141	-0.000000	139.164045	0.000000	8.8
1142	-1.786624	139.096859	0.034241	8.8
1143	-1.159978	139.029760	0.025447	9.5
1144	-0.000000	138.962747	0.000000	10.4
1145	-0.623498	138.895820	0.008427	9.5
1146	-1.685721	138.828978	0.032711	13.8
1147	-1.446073	138.762223	0.014949	9.3
1148	-0.747813	138.695553	0.006854	9.5
1149	-1.771701	138.628969	0.028488	8.0
1150	-1.866528	138.562469	0.020562	10.0
1151	-1.771950	138.496055	0.016556	8.4
1152	-1.747242	138.429725	0.012969	10.4
1153	-0.159358	138.363481	0.003164	8.3
1154	-0.398914	138.297320	0.007234	8.4
1155	-0.000033	138.231244	0.000008	9.3
1156	-0.003279	138.165252	0.000177	11.6
1157	-0.830976	138.099344	0.009633	7.9
1158	-0.963168	138.033520	0.009439	7.1
1159	-0.337086	137.967779	0.004204	8.5
1160	-1.498213	137.902122	0.010871	8.0
1161	-0.393490	137.836548	0.007669	8.8
1162	-1.659963	137.771057	0.040356	8.8
1163	-1.791552	137.705649	0.024381	10.1
1164	-1.643977	137.640324	0.029506	9.2
1165	-1.708750	137.575081	0.013865	11.8
1166	-1.778473	137.509921	0.005099	10.8
1167	-0.010065	137.444842	0.000583	10.7
1168	-0.004559	137.379846	0.000618	9.3
1169	-0.705064	137.314932	0.007423	8.6
1170	-0.000000	137.250100	0.000000	9.5
1171	-1.867970	137.185349	0.029282	9.7
1172	-0.061421	137.120680	0.002987	9.0
1173	-0.197531	137.056092	0.004150	9.3
1174	-1.412745	136.991585	0.037838	8.8
1175	-0.742964	136.927158	0.008987	9.0
1176	-1.308799	136.862813	0.010251	8.6
1177	-1.915226	136.798548	0.017452	8.5
1178	-0.090211	136.734363	0.003005	9.6
1179	-0.505394	136.670259	0.007933	8.6
1180	-0.081644	136.606235	0.003215	10.0
1181	-0.000985	136.542291	0.000135	10.2
1182	-0.870595	136.478426	0.004894	14.2
1183	-0.043845	136.414641	0.001684	8.0
1184	-1.851947	136.350936	0.021798	9.1
1185	-0.153297	136.287310	0.003665	17.0
1186	-0.445353	136.223763	0.007121	8.7
1187	-0.120830	136.160295	0.004063	10.2
1188	-1.898810	136.096905	0.016917	10.4
1189	-0.028230	136.033594	0.000984	8.6
1190	-1.731965	135.970362	0.020657	11.5
1191	-1.577091	135.907208	0.010665	7.4
1192	-0.002481	135.844133	0.000304	8.3
1193	-0.429019	135.781135	0.005336	11.3
1194	-1.684072	135.718215	0.027521	9.5
1195	-0.597103	135.655373	0.007888	12.6
1196	-1.327258	135.592608	0.008283	10.1
1197	-0.157818	135.529921	0.004299	9.0
1198	-0.000000	135.467311	0.000000	8.3
1199	-0.000000	135.404778	0.000000	8.6
1200	-0.000000	135.342322	0.000000	8.1
1201	-0.825117	135.279942	0.012888	9.2
1202	-0.660246	135.217640	0.006148	8.1
1203	-1.910803	135.155413	0.009739	21.2
1204	-0.000000	135.093263	0.000000	8.5
1205	-1.041605	135.031190	0.009749	9.1
1206	-1.146178	134.969192	0.014090	8.6
1207	-0.664513	134.907270	0.004602	9.5
1208	-1.120041	134.845424	0.033793	9.9
1209	-1.008584	134.783653	0.011368	8.6
1210	-0.336885	134.721958	0.005249	9.2
1211	-1.825530	134.660338	0.026639	9.7
1212	-0.292330	134.598793	0.007168	14.9
1213	-0.207888	134.537323	0.004392	9.1
1214	-0.176491	134.475927	0.003538	8.4
1215	-0.960095	134.414607	0.013084	12.9
1216	-1.645927	134.353361	0.017413	9.5
1217	-0.414352	134.292189	0.005539	10.8
1218	-0.851524	134.231092	0.007115	8.0
1219	-0.079798	134.170068	0.001801	8.2
1220	-0.834213	134.109119	0.008557	8.8
1221	-1.079475	134.048243	0.011416	8.1
1222	-0.097013	133.987441	0.002498	10.8
1223	-0.010131	133.926713	0.000724	9.3
1224	-2.006127	133.866057	0.010188	8.9
1225	-1.779294	133.805475	0.020516	8.7
1226	-0.969689	133.744966	0.006942	9.3
1227	-1.563028	133.684530	0.012257	9.7
1228	-0.989739	133.624167	0.005246	8.9
1229	-1.695294	133.563877	0.004880	9.5
1230	-1.716317	133.503658	0.025658	8.2
1231	-1.010785	133.443513	0.027241	8.8
1232	-0.000011	133.383439	0.000003	8.4
1233	-1.258919	133.323437	0.040345	8.7
1234	-1.234132	133.263508	0.010424	8.6
1235	-0.333312	133.203650	0.005177	8.1
1236	-1.402884	133.143864	0.010854	8.7
1237	-0.228882	133.084149	0.003318	8.7
1238	-0.414616	133.024506	0.010646	19.7
1239	-0.144125	132.964934	0.005284	7.5
1240	-1.609694	132.905433	0.016338	9.1
1241	-0.736269	132.846003	0.008657	10.3
1242	-1.704577	132.786643	0.016436	9.0
1243	-0.000000	132.727355	0.000000	8.6
1244	-0.000000	132.668137	0.000000	8.7
1245	-0.277345	132.608989	0.007358	9.9
1246	-1.696504	132.549912	0.017690	8.1
1247	-0.000000	132.490904	0.000000	9.2
1248	-0.168704	132.431967	0.003211	8.7
1249	-1.099027	132.373100	0.012078	9.4
1250	-1.403676	132.314302	0.045261	10.2
1251	-0.152463	132.255574	0.004794	8.4
1252	-0.750018	132.196916	0.008900	8.8
1253	-0.000024	132.138326	0.000006	8.7
1254	-1.518016	132.079806	0.022566	7.6
1255	-1.240063	132.021355	0.019062	10.1
1256	-1.274888	131.962973	0.010723	8.6
1257	-1.486489	131.904660	0.010587	8.7
1258	-0.528529	131.846415	0.006054	9.4
1259	-0.602089	131.788239	0.006038	8.0
1260	-0.191535	131.730131	0.003420	9.1
1261	-0.190077	131.672092	0.002248	11.0
1262	-0.007331	131.614121	0.000405	8.6
1263	-0.247692	131.556217	0.004524	9.5
1264	-1.197089	131.498382	0.045152	7.5
1265	-1.730940	131.440614	0.015327	8.4
1266	-0.212154	131.382914	0.003363	12.9
1267	-1.895045	131.325282	0.026473	9.3
1268	-1.200332	131.267717	0.012017	11.3
1269	-1.428542	131.210219	0.024078	8.7
1270	-0.478384	131.152788	0.009063	11.2
1271	-0.003114	131.095424	0.000496	9.0
1272	-1.955397	131.038127	0.019978	8.5
1273	-2.097801	130.980897	0.013530	8.6
1274	-0.270893	130.923733	0.004025	8.8
1275	-0.000177	130.866636	0.000031	37.3
1276	-0.202626	130.809605	0.005061	7.5
1277	-0.674625	130.752641	0.010432	8.8
1278	-1.043264	130.695742	0.006805	9.2
1279	-1.886281	130.638910	0.017056	12.1
1280	-0.422921	130.582143	0.005894	9.3
1281	-0.960678	130.525442	0.007824	9.0
1282	-1.941775	130.468807	0.033232	9.4
1283	-1.996865	130.412237	0.030525	8.4
1284	-0.126504	130.355733	0.002847	9.8
1285	-0.439640	130.299294	0.007002	9.3
1286	-0.321068	130.242920	0.004126	8.2
1287	-0.977764	130.186611	0.036622	13.2
1288	-0.542702	130.130366	0.008668	8.8
1289	-1.240661	130.074187	0.012922	8.9
1290	-0.000005	130.018072	0.000001	9.1
1291	-0.384010	129.962022	0.005441	8.7
1292	-0.442978	129.906036	0.006575	8.8
1293	-1.447991	129.850114	0.035308	12.8
1294	-0.861127	129.794257	0.008662	10.9
1295	-1.775903	129.738463	0.017337	11.4
1296	-0.500530	129.682734	0.006379	10.0
1297	-1.783267	129.627068	0.008737	11.6
1298	-1.651027	129.571466	0.032353	8.9
1299	-0.643759	129.515927	0.010095	8.0
1300	-1.207466	129.460452	0.010041	8.5
1301	-1.488433	129.405040	0.015283	8.5
1302	-0.359119	129.349692	0.007305	12.3
1303	-0.015637	129.294406	0.001593	8.1
1304	-0.669570	129.239183	0.005680	10.2
1305	-1.791649	129.184024	0.010173	10.9
1306	-0.002022	129.128927	0.000227	9.3
1307	-0.002113	129.073892	0.000328	9.2
1308	-1.228499	129.018921	0.049036	8.5
1309	-1.210833	128.964011	0.011255	9.0
1310	-1.605559	128.909164	0.030509	10.2
1311	-1.474053	128.854379	0.014279	8.2
1312	-0.041935	128.799656	0.002145	9.8
1313	-1.846628	128.744995	0.011625	8.8
1314	-1.329956	128.690396	0.011308	8.7
1315	-1.288830	128.635858	0.011808	8.8
1316	-0.000000	128.581382	0.000000	23.2
1317	-1.637113	128.526968	0.018166	9.6
1318	-1.056069	128.472615	0.011748	9.1
1319	-0.084928	128.418323	0.003069	8.8
1320	-0.000000	128.364092	0.000000	9.4
1321	-0.000000	128.309922	0.000000	8.7
1322	-1.381070	128.255814	0.034250	9.4
1323	-0.175516	128.201766	0.002777	8.5
1324	-1.802552	128.147778	0.009390	8.3
1325	-1.111352	128.093852	0.010318	13.4
1326	-1.828674	128.039985	0.039595	9.5
1327	-1.933785	127.986180	0.011289	9.0
1328	-1.354892	127.932434	0.014359	10.1
1329	-1.544798	127.878749	0.021705	9.0
1330	-1.828512	127.825123	0.010775	9.7
1331	-0.011837	127.771558	0.000735	10.9
1332	-0.000000	127.718052	0.000000	16.7
1333	-1.911128	127.664606	0.027951	10.1
1334	-0.908263	127.611220	0.011013	8.6
1335	-1.712238	127.557893	0.006487	9.6
1336	-1.722055	127.504625	0.017778	9.0
1337	-1.853664	127.451417	0.017769	9.6
1338	-1.218509	127.398268	0.006823	8.9
1339	-1.861932	127.345178	0.025605	10.1
1340	-0.000460	127.292147	0.000085	17.4
1341	-1.686670	127.239175	0.019638	8.6
1342	-0.478357	127.186261	0.009286	9.7
1343	-1.306079	127.133407	0.037718	8.8
1344	-0.827657	127.080610	0.024171	9.7
1345	-0.000022	127.027872	0.000005	9.2
1346	-0.192638	126.975193	0.005176	8.5
1347	-1.926855	126.922572	0.032183	9.1
1348	-0.282306	126.870008	0.005147	9.8
1349	-0.828707	126.817503	0.011920	9.2
1350	-0.052152	126.765056	0.002331	10.9
1351	-0.000000	126.712667	0.000000	8.4
1352	-0.924072	126.660335	0.012022	8.3
1353	-0.021054	126.608061	0.000482	13.5
1354	-0.007962	126.555844	0.000619	8.2
1355	-0.889899	126.503685	0.009232	8.6
1356	-1.858403	126.451583	0.021277	13.0
1357	-0.854528	126.399538	0.008602	9.3
1358	-0.493267	126.347550	0.007150	8.3
1359	-0.126021	126.295619	0.003984	9.8
1360	-1.204352	126.243745	0.013276	7.9
1361	-0.000000	126.191928	0.000000	8.8
1362	-0.000000	126.140168	0.000000	8.9
1363	-2.017619	126.088464	0.013092	9.1
1364	-0.403173	126.036817	0.004186	9.0
1365	-1.560396	125.985226	0.029742	11.7
1366	-2.074898	125.933691	0.009592	8.7
1367	-1.233974	125.882212	0.025904	8.3
1368	-1.617667	125.830790	0.010743	10.8
1369	-0.150124	125.779423	0.005272	9.4
1370	-1.089465	125.728113	0.013271	8.1
1371	-1.586532	125.676858	0.005560	9.0
1372	-0.001000	125.625659	0.000156	13.1
1373	-0.010381	125.574515	0.000963	9.0
1374	-0.000022	125.523427	0.000006	9.8
1375	-0.000000	125.472394	0.000000	8.3
1376	-0.697253	125.421417	0.005800	9.5
1377	-1.871385	125.370495	0.035938	19.8
1378	-1.032345	125.319628	0.010542	9.6
1379	-1.555044	125.268815	0.031207	11.2
1380	-0.495440	125.218058	0.009646	8.5
1381	-1.459693	125.167356	0.008724	9.4
1382	-1.293826	125.116708	0.017928	8.8
1383	-0.983129	125.066115	0.013322	9.9
1384	-0.000000	125.015576	0.000000	9.8
1385	-1.129912	124.965092	0.012063	9.0
1386	-1.600257	124.914662	0.027096	8.8
1387	-0.610639	124.864287	0.012452	8.9
1388	-0.104751	124.813965	0.003397	10.1
1389	-0.000000	124.763698	0.000000	10.6
1390	-0.000002	124.713485	0.000000	13.0
1391	-0.608752	124.663325	0.008727	8.8
1392	-1.748083	124.613219	0.014947	8.6
1393	-0.248472	124.563167	0.004466	8.2
1394	-1.863305	124.513168	0.026917	8.6
1395	-0.471975	124.463223	0.005766	8.7
1396	-2.004695	124.413332	0.034072	9.0
1397	-1.820893	124.363493	0.018129	8.3
1398	-1.392954	124.313708	0.015527	8.0
1399	-1.292459	124.263976	0.024095	10.3
1400	-0.082258	124.214297	0.002131	14.8
1401	-1.868881	124.164671	0.021038	9.2
1402	-1.906465	124.115097	0.040815	8.8
1403	-0.154335	124.065577	0.006513	8.4
1404	-0.000000	124.016109	0.000000	8.9
1405	-0.331604	123.966693	0.006448	11.8
1406	-0.417460	123.917330	0.007348	8.6
1407	-0.418371	123.868020	0.007897	11.8
1408	-1.885425	123.818762	0.019811	9.8
1409	-0.979014	123.769556	0.012326	8.2
1410	-0.001940	123.720402	0.000278	9.1
1411	-0.000000	123.671300	0.000000	9.7
1412	-0.000000	123.622250	0.000000	8.6
1413	-1.124069	123.573252	0.034278	10.0
1414	-0.963933	123.524305	0.010645	7.7
1415	-1.598072	123.475411	0.017499	9.2
1416	-0.257573	123.426568	0.004340	8.7
1417	-0.197471	123.377776	0.004071	9.2
1418	-1.244655	123.329036	0.010728	10.3
1419	-0.000000	123.280347	0.000000	7.7
1420	-0.174845	123.231709	0.003151	8.6
1421	-1.067633	123.183122	0.010675	9.8
1422	-0.653880	123.134587	0.008518	7.9
1423	-0.543673	123.086102	0.007641	10.3
1424	-0.503541	123.037669	0.007353	8.4
1425	-1.678699	122.989286	0.017650	9.4
1426	-1.238673	122.940954	0.016407	7.9
1427	-0.457019	122.892672	0.007079	8.8
1428	-0.514415	122.844441	0.006565	8.6
1429	-1.902964	122.796261	0.009429	7.6
1430	-0.000000	122.748130	0.000000	9.5
1431	-0.133247	122.700050	0.002515	9.1
1432	-0.297718	122.652021	0.007502	9.4
1433	-1.677713	122.604041	0.032146	8.7
1434	-0.000000	122.556111	0.000000	9.8
1435	-1.902105	122.508232	0.013036	8.5
1436	-1.152805	122.460402	0.014190	9.8
1437	-0.000000	122.412622	0.000000	14.6
1438	-0.108725	122.364891	0.003584	9.8
1439	-1.656303	122.317210	0.015788	12.6
1440	-0.003102	122.269579	0.000407	8.8
1441	-1.054043	122.221997	0.011727	8.2
1442	-0.128672	122.174465	0.003372	9.1
1443	-0.000000	122.126981	0.000000	9.1
1444	-1.634831	122.079547	0.011424	8.6
1445	-1.601178	122.032162	0.012661	9.1
1446	-1.297014	121.984826	0.038710	9.3
1447	-0.220862	121.937539	0.006974	7.5
1448	-0.360780	121.890301	0.004839	10.0
1449	-0.755284	121.843112	0.006684	9.5
1450	-0.116395	121.795971	0.002461	8.1
1451	-0.646991	121.748879	0.009548	13.7
1452	-0.000413	121.701835	0.000070	9.2
1453	-0.113641	121.654840	0.002022	8.8
1454	-1.317898	121.607893	0.004765	9.2
1455	-0.910105	121.560994	0.013191	10.5
1456	-1.608085	121.514144	0.029436	8.7
1457	-0.073960	121.467342	0.002222	11.2
1458	-2.061409	121.420588	0.010017	24.5
1459	-0.213638	121.373882	0.005308	9.4
1460	-1.819431	121.327223	0.033130	10.7
1461	-0.000000	121.280613	0.000000	8.4
1462	-1.915195	121.234050	0.014131	9.5
1463	-1.868149	121.187535	0.031604	8.6
1464	-0.050131	121.141067	0.002887	8.8
1465	-1.635980	121.094647	0.020998	9.8
1466	-0.011084	121.048274	0.001170	10.7
1467	-0.000426	121.001949	0.000087	8.5
1468	-1.679762	120.955671	0.015507	8.4
1469	-1.634825	120.909440	0.022896	9.4
1470	-0.052873	120.863256	0.001677	8.5
1471	-0.000396	120.817119	0.000072	10.1
1472	-0.230927	120.771029	0.004198	9.8
1473	-0.811456	120.724986	0.013249	8.6
1474	-0.031300	120.678990	0.000830	8.9
1475	-0.003669	120.633040	0.000453	11.6
1476	-0.997092	120.587137	0.024129	8.7
1477	-1.705403	120.541281	0.006286	9.1
1478	-1.091596	120.495471	0.009614	8.9
1479	-1.158041	120.449707	0.017903	8.6
1480	-0.625015	120.403990	0.007957	9.0
1481	-1.385763	120.358319	0.017107	8.7
1482	0.000000	120.312694	0.000000	8.8
1483	-1.729923	120.267115	0.007761	8.1
1484	-0.000000	120.221582	0.000000	11.2
1485	-0.401201	120.176096	0.006911	9.1
1486	-1.583762	120.130655	0.016629	8.6
1487	-1.025569	120.085260	0.009308	8.5
1488	-0.317522	120.039910	0.005090	8.7
1489	-1.764913	119.994606	0.034282	8.9
1490	-1.407672	119.949348	0.005910	9.6
1491	-0.399530	119.904135	0.008414	8.2
1492	-0.215651	119.858968	0.005741	20.6
1493	-0.013763	119.813846	0.000720	8.7
1494	-1.241667	119.768769	0.008936	12.7
1495	-1.842438	119.723738	0.012981	8.1
1496	-1.434927	119.678752	0.007962	8.2
1497	-0.490196	119.633810	0.006808	8.7
1498	-0.146123	119.588914	0.004927	8.3
1499	-1.449439	119.544062	0.018804	9.1
1500	-0.747648	119.499256	0.007538	8.4
1501	-0.000270	119.454494	0.000044	14.0
1502	-0.192022	119.409777	0.004517	8.5
1503	-1.658283	119.365104	0.023350	8.7
1504	-0.947629	119.320476	0.008677	8.7
1505	-0.858362	119.275893	0.025551	8.6
1506	-0.000014	119.231353	0.000003	12.8
1507	-0.711711	119.186859	0.004530	9.5
1508	-0.071420	119.142408	0.002097	8.8
1509	-0.002726	119.098002	0.000358	8.6
1510	-0.330435	119.053639	0.005502	8.1
1511	-0.982467	119.009321	0.007463	9.3
1512	-1.055094	118.965047	0.009605	10.5
1513	-1.581026	118.920816	0.038254	11.9
1514	-0.069617	118.876630	0.001777	8.1
1515	-0.579398	118.832487	0.006479	9.9
1516	-0.274049	118.788388	0.004765	8.1
1517	-1.701422	118.744332	0.017086	10.0
1518	-0.504771	118.700320	0.008641	10.3
1519	-1.329149	118.656352	0.008700	8.9
1520	-2.002190	118.612427	0.019577	8.5
1521	-1.759541	118.568545	0.036572	8.4
1522	-0.071926	118.524706	0.002143	9.7
1523	-1.733853	118.480911	0.045309	11.9
1524	-1.156842	118.437159	0.010580	8.1
1525	-1.648312	118.393450	0.017506	9.0
1526	-0.328525	118.349784	0.006252	8.6
1527	-1.711222	118.306160	0.011122	12.4
1528	-1.140738	118.262580	0.009283	9.2
1529	-1.958524	118.219042	0.027730	8.4
1530	-0.961744	118.175548	0.013718	9.8
1531	-2.002650	118.132095	0.014283	9.3
1532	-1.858425	118.088686	0.019322	9.5
1533	-1.906713	118.045319	0.019652	9.7
1534	-2.027779	118.001994	0.008520	7.9
1535	-0.252258	117.958712	0.006602	9.8
1536	-0.537199	117.915472	0.008499	11.2
1537	-0.425867	117.872274	0.004632	7.8
1538	-0.719507	117.829118	0.011031	13.4
1539	-1.583541	117.786005	0.011065	8.8
1540	-2.071347	117.742933	0.013754	10.3
1541	-1.856390	117.699904	0.009779	8.2
1542	-1.890106	117.656916	0.022217	8.7
1543	-0.824397	117.613971	0.007739	8.4
1544	-0.323951	117.571067	0.006672	10.3
1545	-1.639830	117.528205	0.006739	10.9
1546	-1.633723	117.485384	0.013761	9.0
1547	-1.944941	117.442605	0.018972	8.0
1548	-0.000002	117.399867	0.000000	14.9
1549	-1.203393	117.357171	0.015760	8.6
1550	-1.776028	117.314517	0.037173	9.1
1551	-1.128584	117.271903	0.038991	13.0
1552	-0.356863	117.229331	0.005146	9.1
1553	-0.145342	117.186800	0.004710	9.3
1554	-1.560741	117.144311	0.015440	8.6
1555	-0.171153	117.101862	0.004519	9.1
1556	-1.148785	117.059454	0.028118	9.4
1557	-0.242850	117.017087	0.006398	9.4
1558	-0.000012	116.974762	0.000002	10.2
1559	-0.146610	116.932476	0.003230	8.6
1560	-1.002913	116.890232	0.006805	8.6
1561	-1.748071	116.848028	0.021458	7.9
1562	-0.243324	116.805865	0.006309	10.6
1563	-0.066671	116.763743	0.001403	7.0
1564	-0.033000	116.721661	0.000996	12.5
1565	-0.050382	116.679619	0.001389	11.4
1566	-0.140801	116.637618	0.003232	9.3
1567	-0.950970	116.595657	0.027183	9.0
1568	-0.749566	116.553736	0.007981	10.0
1569	-0.010073	116.511855	0.000805	10.8
1570	-1.059431	116.470015	0.008894	8.4
1571	-0.000000	116.428214	0.000000	8.7
1572	-1.978611	116.386454	0.015594	8.6
1573	-0.017231	116.344733	0.001248	13.8
1574	-0.000000	116.303052	0.000000	10.1
1575	-0.178832	116.261412	0.005088	7.7
1576	-0.000000	116.219810	0.000000	9.3
1577	-1.870520	116.178249	0.012136	8.5
1578	-0.420792	116.136727	0.005903	8.6
1579	-0.087373	116.095245	0.002732	12.5
1580	-0.000000	116.053802	0.000000	9.2
1581	-1.486428	116.012398	0.009917	8.8
1582	-1.712041	115.971034	0.045235	12.9
1583	-0.276743	115.929710	0.003786	7.8
1584	-1.028588	115.888424	0.007342	7.9
1585	-1.696040	115.847178	0.010962	11.7
1586	-1.061664	115.805970	0.012910	10.4
1587	-0.000000	115.764802	0.000000	9.0
1588	-0.080420	115.723673	0.002749	10.0
1589	-0.957049	115.682583	0.004213	10.7
1590	-1.030582	115.641532	0.009330	10.3
1591	-0.025915	115.600519	0.001489	9.5
1592	-1.583765	115.559546	0.014764	8.1
1593	-0.000000	115.518610	0.000000	10.4
1594	-0.894877	115.477714	0.020250	8.8
1595	-1.735327	115.436856	0.016040	7.6
1596	-0.234526	115.396037	0.004034	8.4
1597	-0.000000	115.355256	0.000000	7.8
1598	-0.967224	115.314514	0.008856	10.6
1599	-0.996009	115.273810	0.010020	11.3
1600	-0.000001	115.233144	0.000000	9.1
1601	-0.019742	115.192517	0.001085	8.6
1602	-1.391065	115.151927	0.010301	9.8
1603	-0.000000	115.111376	0.000000	8.2
1604	-2.063866	115.070863	0.009545	8.1
1605	-2.094981	115.030388	0.014524	9.0
1606	-0.000000	114.989951	0.000000	8.4
1607	-1.056009	114.949551	0.010102	8.9
1608	-1.799476	114.909190	0.021669	11.2
1609	-1.608063	114.868866	0.018233	16.2
1610	-1.303511	114.828580	0.008747	7.4
1611	-1.167634	114.788332	0.011038	8.5
1612	-0.785619	114.748121	0.005021	7.8
1613	-1.696489	114.707948	0.017218	12.7
1614	-1.733183	114.667812	0.047811	17.6
1615	-0.000036	114.627714	0.000008	8.7
1616	-1.741713	114.587653	0.023339	8.2
1617	-1.393061	114.547629	0.006823	8.3
1618	-0.002740	114.507643	0.000501	8.1
1619	-1.095323	114.467693	0.010806	8.2
1620	-0.000000	114.427781	0.000000	8.8
1621	-0.002432	114.387907	0.000215	8.7
1622	-0.759470	114.348069	0.009730	9.1
1623	-0.838724	114.308268	0.009946	8.9
1624	-0.981277	114.268504	0.009763	9.3
1625	-0.002514	114.228777	0.000341	9.7
1626	-1.700848	114.189086	0.013749	8.6
1627	-0.054409	114.149433	0.001980	9.4
1628	-1.580486	114.109816	0.008975	16.0
1629	-0.243767	114.070235	0.003805	8.5
1630	-1.796403	114.030692	0.010584	12.6
1631	-0.000000	113.991185	0.000000	16.3
1632	-1.471077	113.951714	0.022329	9.3
1633	-1.805665	113.912280	0.011270	8.4
1634	-0.785346	113.872882	0.008836	8.6
1635	-0.246794	113.833521	0.004871	9.3
1636	-0.099724	113.794195	0.003016	8.8
1637	-1.027865	113.754906	0.010692	15.2
1638	-0.463756	113.715653	0.006158	9.0
1639	-1.119649	113.676437	0.028575	9.1
1640	-1.980065	113.637256	0.019487	9.6
1641	-1.561225	113.598111	0.013261	9.4
1642	-0.000000	113.559002	0.000000	8.7
1643	-0.135181	113.519929	0.003387	9.6
1644	-0.139162	113.480892	0.004706	9.2
1645	-0.996349	113.441891	0.023280	9.9
1646	-0.658918	113.402925	0.011100	11.9
1647	-0.000052	113.363995	0.000010	12.0
1648	-0.246926	113.325101	0.005941	9.5
1649	-1.585101	113.286242	0.011057	8.4
1650	-1.682259	113.247419	0.033376	8.7
1651	-0.261043	113.208631	0.005622	10.5
1652	-1.754957	113.169879	0.028548	9.3
1653	-0.131221	113.131162	0.002400	8.4
1654	-1.856183	113.092480	0.010141	8.4
1655	-1.410423	113.053833	0.036259	16.5
1656	-0.598258	113.015222	0.007146	7.7
1657	-1.649471	112.976646	0.024528	9.9
1658	-0.157699	112.938105	0.003755	11.1
1659	-0.323858	112.899599	0.004984	10.2
1660	-1.779836	112.861128	0.007516	18.3
1661	-0.580020	112.822692	0.007239	7.4
1662	-1.203697	112.784291	0.010268	10.9
1663	-0.000000	112.745924	0.000000	8.4
1664	-1.970017	112.707593	0.007217	9.3
1665	-0.429366	112.669296	0.006070	9.5
1666	-1.008195	112.631034	0.009600	8.2
1667	-1.756076	112.592806	0.008865	9.8
1668	-1.733326	112.554613	0.007308	8.4
1669	-0.108150	112.516455	0.002284	8.6
1670	-1.514469	112.478331	0.010617	8.9
1671	-0.005625	112.440241	0.000821	11.0
1672	-0.048206	112.402186	0.001970	13.6
1673	-0.000259	112.364165	0.000051	8.9
1674	-0.052657	112.326179	0.001952	10.1
1675	-1.978229	112.288227	0.016579	12.5
1676	-1.768331	112.250309	0.039466	8.9
1677	-0.000001	112.212425	0.000000	9.3
1678	-0.893870	112.174575	0.007719	8.0
1679	-0.156818	112.136759	0.002932	8.5
1680	-1.524634	112.098977	0.018782	9.4
1681	-1.405095	112.061229	0.015050	10.4
1682	-1.747289	112.023515	0.015062	9.1
1683	-0.006040	111.985834	0.000438	8.5
1684	-0.076285	111.948188	0.001802	9.4
1685	-0.804257	111.910575	0.010599	8.9
1686	-0.425357	111.872996	0.005928	9.1
1687	-1.298198	111.835450	0.009994	9.2
1688	-1.417004	111.797939	0.006694	9.0
1689	-1.377936	111.760460	0.011851	9.5
1690	-0.000000	111.723015	0.000000	10.5
1691	-1.702020	111.685604	0.033192	21.2
1692	-0.004534	111.648226	0.000614	11.1
1693	-0.000000	111.610881	0.000000	8.3
1694	-0.227962	111.573570	0.005124	9.4
1695	-1.264943	111.536292	0.010675	10.3
1696	-1.183271	111.499047	0.013065	8.3
1697	-1.337203	111.461835	0.041011	9.6
1698	-0.061629	111.424656	0.001927	7.5
1699	-0.457277	111.387510	0.005852	9.2
1700	-0.000111	111.350398	0.000022	9.0
1701	-0.872802	111.313318	0.007125	9.6
1702	-1.703147	111.276271	0.025354	7.1
1703	-0.000000	111.239257	0.000000	9.5
1704	-0.000057	111.202276	0.000013	10.1
1705	-0.000016	111.165328	0.000003	9.1
1706	-1.902508	111.128412	0.026420	9.5
1707	-1.731355	111.091529	0.016222	8.3
1708	-1.776586	111.054679	0.016236	8.9
1709	-0.735031	111.017861	0.008346	9.3
1710	-1.831671	110.981076	0.011200	9.4
1711	-1.279349	110.944323	0.013920	8.2
1712	-0.003950	110.907603	0.000532	7.5
1713	-0.082398	110.870915	0.002632	7.9
1714	-0.102490	110.834259	0.002953	9.4
1715	-0.366767	110.797636	0.006018	7.9
1716	-0.013097	110.761045	0.000916	9.3
1717	-2.002602	110.724486	0.009397	9.3
1718	-1.231046	110.687959	0.008939	14.3
1719	-1.873406	110.651465	0.005419	13.8
1720	-0.429669	110.615002	0.005171	8.4
1721	-1.233664	110.578572	0.017085	9.4
1722	-1.640760	110.542173	0.010005	8.6
1723	-0.019656	110.505807	0.001124	9.2
1724	-0.850742	110.469472	0.004692	7.8
1725	-0.000000	110.433169	0.000000	8.8
1726	-0.664829	110.396898	0.005364	7.9
1727	-0.974012	110.360659	0.024615	8.7
1728	-0.000000	110.324451	0.000000	8.3
1729	-1.657292	110.288276	0.033826	9.0
1730	-0.245398	110.252131	0.004145	9.8
1731	-0.846658	110.216019	0.017527	9.5
1732	-0.816932	110.179937	0.006186	8.8
1733	-1.033757	110.143888	0.009489	9.6
1734	-0.330050	110.107869	0.004135	11.9
1735	-0.136983	110.071882	0.002853	8.8
1736	-0.562810	110.035927	0.005413	9.8
1737	-0.282568	110.000003	0.003629	8.8
1738	-0.236313	109.964110	0.005103	8.3
1739	-1.840157	109.928248	0.042016	9.4
1740	-1.882112	109.892417	0.012880	8.6
1741	-0.000000	109.856618	0.000000	8.9
1742	-1.341701	109.820850	0.007850	10.1
1743	-0.761481	109.785112	0.008005	8.0
1744	-1.901577	109.749406	0.008606	7.2
1745	-0.897211	109.713730	0.011398	9.3
1746	-0.712118	109.678086	0.008986	9.2
1747	-0.454240	109.642472	0.007099	10.0
1748	-0.679823	109.606890	0.007361	8.5
1749	-0.350029	109.571337	0.005097	11.2
1750	-1.703551	109.535816	0.029854	9.4
1751	-0.018925	109.500326	0.001110	9.6
1752	-1.645305	109.464866	0.012126	8.4
1753	-0.011904	109.429436	0.000693	8.9
1754	-0.110623	109.394038	0.003561	8.4
1755	-0.411423	109.358669	0.006229	8.1
1756	-0.131588	109.323331	0.002940	8.1
1757	-1.676361	109.288024	0.029112	9.6
1758	-0.109398	109.252747	0.002782	11.2
1759	-0.042368	109.217501	0.001140	9.2
1760	-1.795813	109.182284	0.019992	8.6
1761	-1.413563	109.147098	0.012663	9.6
1762	-2.021260	109.111942	0.023536	7.9
1763	-0.000000	109.076817	0.000000	8.9
1764	-1.751248	109.041721	0.019703	8.7
1765	-1.440638	109.006656	0.009215	13.2
1766	-0.843173	108.971620	0.010370	14.4
1767	-1.270063	108.936615	0.027797	11.0
1768	-1.775702	108.901640	0.014871	17.0
1769	-1.802508	108.866694	0.012950	10.2
1770	-1.042145	108.831779	0.005725	12.4
1771	-0.405192	108.796893	0.006078	11.9
1772	-1.275685	108.762037	0.009215	10.0
1773	-0.118290	108.727211	0.003500	9.5
1774	-0.000704	108.692415	0.000125	11.9
1775	-0.000000	108.657648	0.000000	12.4
1776	-0.001572	108.622911	0.000240	10.6
1777	-1.742733	108.588203	0.009279	11.2
1778	-1.844671	108.553525	0.023670	12.3
1779	-0.712763	108.518877	0.008117	9.8
1780	-0.100951	108.484258	0.003158	9.0
1781	-0.468007	108.449668	0.006352	12.5
1782	-1.113664	108.415108	0.013990	13.7
1783	-1.832555	108.380578	0.018992	15.3
1784	-1.808518	108.346076	0.017096	9.6
1785	-0.085307	108.311604	0.001773	10.1
1786	-1.674608	108.277161	0.016207	11.6
1787	-0.493216	108.242747	0.007546	11.9
1788	-1.063386	108.208363	0.007282	9.3
1789	-1.465579	108.174007	0.035829	11.9
1790	-0.337735	108.139681	0.004665	13.8
1791	-0.520161	108.105383	0.005223	8.9
1792	-0.678376	108.071115	0.008672	8.2
1793	-0.902217	108.036875	0.009148	9.6
1794	-0.000000	108.002665	0.000000	8.4
1795	-1.524283	107.968483	0.016858	8.7
1796	-0.000001	107.934330	0.000000	9.1
1797	-0.003988	107.900206	0.000567	8.7
1798	-0.600499	107.866111	0.006349	9.0
1799	-0.364895	107.832044	0.006052	12.7
1800	-1.323007	107.798007	0.008207	8.7
1801	-0.842850	107.763997	0.010833	9.0
1802	-0.853103	107.730017	0.016371	9.1
1803	-0.000053	107.696065	0.000011	11.4
1804	-0.044228	107.662141	0.001308	9.1
1805	-1.561828	107.628246	0.008817	8.5
1806	-1.818991	107.594379	0.025351	9.5
1807	-1.626223	107.560541	0.022142	9.1
1808	-1.991590	107.526731	0.038232	9.2
1809	-1.435971	107.492949	0.010897	8.6
1810	-0.177096	107.459196	0.003557	8.1
1811	-0.000000	107.425471	0.000000	9.6
1812	-0.138620	107.391774	0.003423	9.1
1813	-1.601464	107.358106	0.031156	9.3
1814	-1.257705	107.324465	0.013107	10.1
1815	-1.054912	107.290853	0.006340	8.2
1816	-0.019577	107.257268	0.001687	8.4
1817	-0.005461	107.223712	0.000381	8.3
1818	-0.909994	107.190184	0.008623	13.7
1819	-0.091796	107.156683	0.002158	10.1
1820	-0.659540	107.123211	0.008342	9.2
1821	-0.876705	107.089766	0.008253	7.6
1822	-1.767728	107.056349	0.019766	9.4
1823	-1.371709	107.022960	0.021535	10.3
1824	-0.425400	106.989599	0.006991	14.3
1825	-1.689084	106.956265	0.008149	9.1
1826	-1.653902	106.922960	0.014155	8.3
1827	-0.107662	106.889681	0.003471	8.7
1828	-0.305933	106.856431	0.003667	8.2
1829	-0.627203	106.823208	0.007070	7.8
1830	-1.586407	106.790012	0.008269	9.6
1831	-0.518640	106.756844	0.005206	9.4
1832	-1.953278	106.723703	0.018393	9.9
1833	-0.560809	106.690590	0.007236	9.6
1834	-0.000000	106.657505	0.000000	9.1
1835	-0.767602	106.624446	0.033588	8.9
1836	-1.815082	106.591415	0.035290	8.1
1837	-1.871568	106.558411	0.021957	9.1
1838	-0.035123	106.525435	0.001607	8.2
1839	-1.220953	106.492485	0.036558	7.9
1840	-1.371098	106.459563	0.004292	9.1
1841	-0.063218	106.426668	0.003253	8.7
1842	-0.810176	106.393800	0.018237	12.3
1843	-1.538296	106.360959	0.015928	9.7
1844	-0.652435	106.328145	0.010968	9.6
1845	-0.000622	106.295358	0.000111	9.8
1846	-1.280024	106.262598	0.028751	11.6
1847	-0.312419	106.229865	0.004650	9.5
1848	-1.019748	106.197158	0.026986	9.1
1849	-1.783405	106.164479	0.013813	9.1
1850	-0.122158	106.131826	0.004090	9.4
1851	-0.753030	106.099201	0.007522	9.3
1852	-1.803325	106.066602	0.010528	9.2
1853	-1.661681	106.034029	0.006783	8.6
1854	-1.306433	106.001483	0.011351	8.5
1855	-0.039762	105.968964	0.001533	9.2
1856	-0.032042	105.936472	0.001708	9.7
1857	-1.784396	105.904006	0.015488	8.6
1858	-2.013473	105.871566	0.017727	10.7
1859	-1.290030	105.839153	0.031297	9.0
1860	-0.182528	105.806767	0.007626	8.4
1861	-1.525885	105.774407	0.012572	9.2
1862	-1.203267	105.742073	0.020559	8.8
1863	-0.034292	105.709766	0.001239	9.2
1864	-0.722867	105.677485	0.006764	9.5
1865	-0.206744	105.645230	0.003129	9.3
1866	-0.459536	105.613001	0.004859	9.8
1867	-0.000000	105.580799	0.000000	9.4
1868	-1.035800	105.548623	0.010873	9.3
1869	-0.002647	105.516473	0.000291	9.1
1870	-1.989077	105.484349	0.015391	8.7
1871	-1.440761	105.452251	0.015732	9.5
1872	-0.646325	105.420179	0.006077	9.0
1873	-1.022797	105.388133	0.007583	9.4
1874	-1.704556	105.356113	0.029257	8.4
1875	-0.892536	105.324119	0.020294	7.2
1876	-1.146628	105.292151	0.009663	9.3
1877	-1.116371	105.260209	0.011016	9.5
1878	-0.020427	105.228293	0.000809	9.4
1879	-1.513599	105.196402	0.009904	10.8
1880	-0.000000	105.164537	0.000000	8.2
1881	-1.262035	105.132698	0.007880	8.7
1882	-1.542902	105.100885	0.022986	10.2
1883	-1.686608	105.069097	0.029074	15.6
1884	-0.523492	105.037335	0.007571	9.9
1885	-0.158602	105.005598	0.003932	11.0
1886	-0.074026	104.973887	0.003195	8.8
1887	-1.789307	104.942202	0.007866	9.2
1888	-0.000000	104.910542	0.000000	8.5
1889	-1.919524	104.878907	0.019893	9.6
1890	-1.831644	104.847298	0.013235	8.9
1891	-0.186403	104.815715	0.004082	8.7
1892	-0.086105	104.784156	0.002585	9.0
1893	-1.269068	104.752623	0.009123	8.2
1894	-1.295478	104.721116	0.007234	9.5
1895	-1.357324	104.689633	0.014512	9.9
1896	-0.263997	104.658176	0.004544	9.1
1897	-0.161574	104.626744	0.002735	8.4
1898	-0.038147	104.595337	0.002319	10.4
1899	-0.830136	104.563955	0.008797	7.9
1900	-0.928758	104.532599	0.005048	8.7
1901	-1.338268	104.501267	0.011716	8.8
1902	-1.135288	104.469960	0.009014	10.3
1903	-0.046088	104.438679	0.002137	7.8
1904	-1.586482	104.407422	0.023459	7.0
1905	-0.040235	104.376191	0.001931	12.2
1906	-0.375202	104.344984	0.004929	7.4
1907	-0.100263	104.313802	0.002065	10.5
1908	-1.320411	104.282645	0.017277	9.5
1909	-1.976825	104.251513	0.020252	8.3
1910	-1.038732	104.220405	0.021977	8.3
1911	-1.766826	104.189323	0.014426	9.1
1912	-0.977346	104.158265	0.007107	8.6
1913	-0.000025	104.127231	0.000006	9.8
1914	-1.499625	104.096222	0.038373	8.8
1915	-1.654553	104.065238	0.023056	9.4
1916	-1.691611	104.034279	0.011313	9.4
1917	-0.062331	104.003344	0.002090	11.3
1918	-1.899884	103.972433	0.015328	9.1
1919	-0.007378	103.941547	0.000761	8.6
1920	-0.322344	103.910686	0.005455	8.9
1921	-0.231338	103.879849	0.004407	8.7
1922	-1.767211	103.849036	0.005730	10.4
1923	-0.000000	103.818248	0.000000	9.4
1924	-1.018090	103.787484	0.011319	8.1
1925	-0.074420	103.756744	0.001818	9.2
1926	-0.806404	103.726029	0.007643	8.5
1927	-2.013956	103.695338	0.004047	8.6
1928	-0.235159	103.664671	0.004442	8.6
1929	-0.020754	103.634028	0.000887	8.4
1930	-0.924811	103.603409	0.011984	9.9
1931	-1.821412	103.572814	0.011088	9.7
1932	-0.000000	103.542244	0.000000	8.3
1933	-2.057936	103.511698	0.007357	9.7
1934	-0.064445	103.481175	0.002527	8.1
1935	-0.347982	103.450677	0.006562	8.6
1936	-0.136129	103.420202	0.002610	9.2
1937	-0.354335	103.389752	0.007627	8.4
1938	-1.069742	103.359325	0.007984	10.9
1939	-0.106861	103.328922	0.002760	10.0
1940	-0.000000	103.298543	0.000000	8.4
1941	-1.220048	103.268188	0.008753	7.5
1942	-0.837375	103.237857	0.008001	8.5
1943	-1.543630	103.207549	0.009661	11.2
1944	-1.026169	103.177265	0.032537	8.8
1945	-1.190136	103.147005	0.012026	8.8
1946	-1.706874	103.116768	0.013957	9.4
1947	-1.275875	103.086556	0.008600	9.8
1948	-0.000000	103.056366	0.000000	8.9
1949	-0.003779	103.026200	0.000541	8.7
1950	-1.520202	102.996058	0.019058	12.4
1951	-1.662312	102.965939	0.025549	8.5
1952	-0.000000	102.935844	0.000000	8.4
1953	-1.981533	102.905772	0.006928	9.4
1954	-0.040680	102.875724	0.001997	9.2
1955	-1.343024	102.845699	0.007811	7.7
1956	-1.828907	102.815697	0.032591	9.3
1957	-0.530949	102.785719	0.008118	8.2
1958	-1.853960	102.755764	0.005196	8.5
1959	-1.343505	102.725832	0.005220	7.9
1960	-1.818352	102.695924	0.021595	8.7
1961	-0.308692	102.666038	0.004158	9.6
1962	-1.646812	102.636176	0.006609	14.6
1963	-0.514781	102.606337	0.008346	8.7
1964	-1.712228	102.576521	0.014440	10.3
1965	-1.339357	102.546728	0.018538	9.0
1966	-1.508964	102.516959	0.023200	9.3
1967	-0.552851	102.487212	0.006316	10.0
1968	-1.772441	102.457488	0.009605	9.4
1969	-0.000000	102.427788	0.000000	11.9
1970	-1.484860	102.398110	0.014500	9.2
1971	-1.772586	102.368455	0.009627	8.3
1972	-0.000000	102.338823	0.000000	10.1
1973	-0.082530	102.309214	0.003521	9.7
1974	-0.702401	102.279628	0.010647	11.6
1975	-0.385869	102.250064	0.005030	9.6
1976	-0.617325	102.220524	0.005886	10.2
1977	-0.047983	102.191006	0.002639	8.7
1978	-1.874830	102.161511	0.021117	8.6
1979	-0.000000	102.132038	0.000000	9.2
1980	-0.712017	102.102588	0.010476	8.3
1981	-1.562854	102.073161	0.013318	8.7
1982	-1.122939	102.043757	0.010487	8.4
1983	-1.959283	102.014375	0.018996	8.1
1984	-0.000000	101.985015	0.000000	8.3
1985	-0.206127	101.955678	0.003436	9.6
1986	-0.067204	101.926364	0.002962	8.8
1987	-1.997806	101.897072	0.009783	9.6
1988	-0.105427	101.867802	0.002574	8.6
1989	-0.151513	101.838555	0.002794	9.2
1990	-1.899917	101.809330	0.014549	10.2
1991	-0.387396	101.780128	0.005131	8.5
1992	-0.850884	101.750948	0.006565	8.5
1993	-1.421343	101.721790	0.019372	9.9
1994	-0.000000	101.692654	0.000000	7.7
1995	-0.863682	101.663541	0.009187	9.6
1996	-1.638074	101.634450	0.035395	7.7
1997	-0.268411	101.605381	0.004658	10.6
1998	-1.847029	101.576335	0.016857	9.5
1999	-1.724769	101.547310	0.010086	9.5
