1:ItNr	2:Metric	3:StepSize	4:||Gradient||	Time[ms]
0	-0.340437	627.201626	0.004243	634.7
1	-0.198349	623.504937	0.002271	10.4
2	-0.014655	619.865785	0.000810	13.6
3	-0.709670	616.282728	0.003806	11.1
4	-0.307681	612.754375	0.004060	13.1
5	-0.033428	609.279381	0.001976	15.2
6	-0.023634	605.856447	0.003922	13.5
7	-0.000000	602.484317	0.000000	12.0
8	-0.000000	599.161779	0.000000	12.4
9	-0.345032	595.887656	0.003142	13.6
10	-0.671965	592.660813	0.005208	15.2
11	-0.000011	589.480151	0.000023	12.5
12	-0.046606	586.344606	0.002372	11.6
13	-0.000000	583.253145	0.000000	12.5
14	-0.736427	580.204771	0.004425	11.8
15	-0.093007	577.198517	0.002223	13.6
16	-0.178800	574.233444	0.004018	11.7
17	-0.974648	571.308645	0.004476	12.8
18	-0.054807	568.423237	0.001325	12.5
19	-0.011371	565.576365	0.000853	12.3
20	-0.000000	562.767201	0.000000	12.2
21	-1.043140	559.994938	0.005845	11.7
22	-0.900340	557.258797	0.004935	12.7
23	-1.106510	554.558018	0.006232	12.9
24	-0.371761	551.891865	0.003968	12.2
25	-0.862530	549.259621	0.004775	12.7
26	-1.058175	546.660592	0.005586	12.9
27	-0.000000	544.094102	0.000000	13.3
28	-0.661269	541.559494	0.007371	12.3
29	-0.149364	539.056129	0.002719	11.2
30	-0.045169	536.583387	0.000765	12.4
31	-1.058838	534.140663	0.005098	13.2
32	-0.000000	531.727370	0.000000	11.1
33	-0.000000	529.342935	0.000001	12.5
34	-1.090709	526.986802	0.007030	11.5
35	-0.000000	524.658430	0.000000	13.2
36	-0.491219	522.357290	0.002931	12.6
37	-0.009481	520.082868	0.001074	12.7
38	-0.806630	517.834665	0.003728	15.5
39	-0.909480	515.612193	0.005045	12.2
40	-0.848675	513.414976	0.003770	11.6
41	-1.085251	511.242551	0.006783	12.8
42	-0.849300	509.094468	0.008526	12.8
43	-0.071213	506.970285	0.001201	12.8
44	-0.633623	504.869574	0.004937	12.5
45	-0.697199	502.791916	0.004913	11.7
46	-0.015147	500.736903	0.001440	14.5
47	-0.000000	498.704137	0.000000	12.7
48	-1.114225	496.693228	0.008843	13.2
49	-0.762499	494.703798	0.004341	11.3
50	-0.000000	492.735476	0.000000	12.7
51	-0.440468	490.787900	0.002837	11.5
52	-0.000004	488.860718	0.000006	12.1
53	-1.069820	486.953585	0.005595	13.4
54	-1.010207	485.066164	0.004849	12.4
55	-0.001471	483.198126	0.000784	12.4
56	-0.000000	481.349149	0.000000	12.8
57	-0.064751	479.518920	0.001461	12.0
58	-0.000000	477.707132	0.000000	19.8
59	-0.811861	475.913485	0.007840	10.2
60	-0.058327	474.137684	0.002088	15.6
61	-0.000000	472.379445	0.000000	12.6
62	-0.960750	470.638485	0.005037	12.9
63	-0.040959	468.914531	0.000848	12.8
64	-0.938807	467.207315	0.005679	11.5
65	-0.783374	465.516573	0.005332	12.1
66	-0.852516	463.842050	0.004636	14.4
67	-0.610910	462.183494	0.005126	20.2
68	-0.445873	460.540658	0.003611	18.5
69	-0.027222	458.913303	0.000668	16.3
70	-0.049829	457.301192	0.001660	21.0
71	-0.199660	455.704096	0.004344	13.6
72	-0.479053	454.121787	0.001935	13.7
73	-0.094240	452.554045	0.001160	13.6
74	-0.984905	451.000653	0.006110	14.7
75	-0.247153	449.461399	0.003155	14.5
76	-1.011023	447.936075	0.004456	17.7
77	-0.069235	446.424477	0.002789	15.2
78	-0.000000	444.926406	0.000000	21.8
79	-0.000000	443.441666	0.000000	17.0
80	-0.000000	441.970065	0.000000	17.6
81	-0.000000	440.511415	0.000000	15.1
82	-0.465200	439.065533	0.003229	14.9
83	-0.418827	437.632238	0.003251	15.7
84	-0.307230	436.211351	0.003123	15.0
85	-0.069874	434.802701	0.002591	15.4
86	-0.000000	433.406117	0.000000	14.2
87	-0.536024	432.021430	0.003653	12.4
88	-0.000000	430.648479	0.000000	12.9
89	-0.000000	429.287101	0.000000	12.5
90	-0.819700	427.937140	0.004358	12.5
91	-0.612940	426.598440	0.004035	12.2
92	-0.000000	425.270849	0.000000	13.8
93	-0.000000	423.954220	0.000000	12.2
94	-0.000000	422.648404	0.000000	14.8
95	-1.041258	421.353259	0.005585	14.6
96	-0.000000	420.068643	0.000000	12.8
97	-0.000000	418.794419	0.000000	11.6
98	-0.932126	417.530451	0.007935	12.2
99	-0.484981	416.276604	0.002470	12.7
100	-0.509947	415.032748	0.003762	15.3
101	-0.863740	413.798754	0.006190	12.2
102	-1.005597	412.574495	0.005391	19.4
103	-1.011324	411.359849	0.005898	13.2
104	-0.000000	410.154691	0.000000	11.5
105	-0.095126	408.958904	0.002391	11.4
106	-0.391220	407.772368	0.003228	12.1
107	-1.009227	406.594968	0.005021	12.7
108	-0.496747	405.426590	0.004586	14.3
109	-0.000000	404.267122	0.000000	12.9
110	-0.009081	403.116456	0.001363	11.6
111	-0.903350	401.974481	0.004321	11.4
112	-0.735226	400.841093	0.004934	11.7
113	-0.000000	399.716187	0.000000	14.9
114	-0.538368	398.599660	0.004079	11.8
115	-0.674188	397.491411	0.003474	12.5
116	-0.000000	396.391342	0.000000	12.8
117	-0.000000	395.299353	0.000000	13.8
118	-0.004391	394.215350	0.000085	12.8
119	-0.000000	393.139238	0.000000	15.5
120	-0.000381	392.070924	0.000223	14.2
121	-0.745551	391.010316	0.003703	11.6
122	-0.989168	389.957325	0.004460	12.0
123	-0.000000	388.911862	0.000000	12.7
124	-0.046310	387.873839	0.002480	12.5
125	-0.089240	386.843173	0.002114	12.0
126	-0.000000	385.819777	0.000000	15.6
127	-0.208207	384.803569	0.001862	11.8
128	-0.939176	383.794468	0.006411	12.9
129	-0.039529	382.792393	0.000818	12.9
130	-0.357681	381.797264	0.002625	11.8
131	-0.000000	380.809005	0.000000	18.0
132	-0.003073	379.827537	0.000584	11.4
133	-0.064246	378.852786	0.001492	12.0
134	-1.007896	377.884678	0.005598	12.0
135	-0.098489	376.923138	0.001245	11.4
136	-0.508828	375.968095	0.003445	11.9
137	-1.156326	375.019479	0.005983	12.7
138	-0.754332	374.077218	0.004567	13.8
139	-0.240910	373.141244	0.003601	11.4
140	-0.720270	372.211489	0.006560	12.1
141	-0.000000	371.287887	0.000000	11.8
142	-0.758361	370.370370	0.005102	12.3
143	-0.004652	369.458876	0.001477	13.8
144	-0.000000	368.553338	0.000000	12.9
145	-0.863254	367.653696	0.005195	12.7
146	-0.958776	366.759885	0.003845	13.9
147	-0.398731	365.871846	0.002788	13.9
148	-1.048372	364.989518	0.005635	15.6
149	-1.076823	364.112841	0.006009	17.2
150	-0.777911	363.241757	0.005728	14.6
151	-0.012370	362.376208	0.001195	13.8
152	-0.973494	361.516137	0.007482	14.4
153	-0.095197	360.661488	0.001967	20.2
154	-0.000000	359.812206	0.000000	19.7
155	-0.159905	358.968236	0.003128	13.6
156	-1.033501	358.129524	0.004667	16.2
157	-0.000000	357.296018	0.000000	13.7
158	-0.000003	356.467665	0.000003	16.0
159	-0.858845	355.644414	0.004803	18.6
160	-0.383381	354.826213	0.002386	16.1
161	-0.000000	354.013012	0.000000	12.4
162	-0.190220	353.204763	0.002524	14.9
163	-0.001806	352.401415	0.000821	14.3
164	-0.000000	351.602922	0.000000	11.6
165	-0.019934	350.809235	0.002027	11.6
166	-1.030538	350.020308	0.005054	13.2
167	-0.000000	349.236095	0.000000	13.0
168	-0.095335	348.456550	0.001150	11.5
169	-0.718422	347.681627	0.004950	13.2
170	-0.950069	346.911283	0.003667	11.4
171	-0.000000	346.145474	0.000000	15.2
172	-0.020893	345.384157	0.002238	12.5
173	-0.000000	344.627288	0.000000	11.4
174	-0.969457	343.874826	0.006328	13.1
175	-0.004508	343.126729	0.000652	13.6
176	-0.067586	342.382957	0.001791	12.6
177	-0.049636	341.643469	0.002407	13.9
178	-0.421421	340.908224	0.003187	13.9
179	-0.000221	340.177184	0.000192	11.4
180	-0.453246	339.450309	0.002536	12.2
181	-1.165954	338.727561	0.006617	14.5
182	-1.217882	338.008902	0.006117	16.4
183	-0.000000	337.294295	0.000000	13.6
184	-1.090698	336.583703	0.005316	11.6
185	-0.051148	335.877089	0.001811	12.3
186	-0.000000	335.174416	0.000000	12.3
187	-0.942756	334.475651	0.008099	12.9
188	-0.190590	333.780756	0.003166	13.1
189	-0.996683	333.089698	0.004340	11.4
190	-0.000000	332.402443	0.000000	15.2
191	-0.565850	331.718955	0.003809	11.1
192	-0.093828	331.039203	0.001522	11.2
193	-0.000000	330.363153	0.000000	13.4
194	-0.071276	329.690771	0.000935	11.6
195	-0.880816	329.022027	0.004875	12.7
196	-0.000000	328.356888	0.000000	11.5
197	-0.000832	327.695322	0.000483	13.0
198	-1.013452	327.037299	0.004652	11.7
199	-0.784230	326.382787	0.005859	11.1
200	-0.317442	325.731758	0.003439	12.9
201	-0.000000	325.084179	0.000000	10.7
202	-0.011872	324.440023	0.000943	14.4
203	-1.023778	323.799258	0.005929	16.0
204	-0.288662	323.161858	0.003064	11.1
205	-0.903254	322.527792	0.004333	11.6
206	-0.937425	321.897034	0.004285	11.8
207	-0.340716	321.269554	0.003878	10.6
208	-0.511568	320.645325	0.004215	11.9
209	-1.048878	320.024320	0.005897	13.5
210	-1.034431	319.406512	0.005196	11.5
211	-0.050074	318.791875	0.001246	12.7
212	-0.166923	318.180381	0.003977	11.7
213	-0.000000	317.572005	0.000000	11.9
214	-0.150944	316.966721	0.001578	12.9
215	-0.146670	316.364504	0.001921	11.2
216	-0.548942	315.765329	0.003468	13.0
217	-0.190569	315.169170	0.002430	13.5
218	-0.889838	314.576003	0.004169	12.8
219	-0.840902	313.985804	0.006398	12.2
220	-0.832797	313.398548	0.004966	12.9
221	-1.057022	312.814213	0.005788	16.0
222	-0.601098	312.232773	0.002836	11.8
223	-0.180580	311.654207	0.002453	13.9
224	-0.004396	311.078491	0.000751	13.9
225	-0.000000	310.505602	0.000000	11.9
226	-0.034553	309.935518	0.001523	11.7
227	-0.000000	309.368217	0.000000	11.5
228	-0.000000	308.803676	0.000000	13.3
229	-0.045347	308.241874	0.001775	13.1
230	-0.805326	307.682789	0.004091	12.6
231	-0.949457	307.126400	0.004834	11.6
232	-0.980188	306.572687	0.005799	11.3
233	-1.034040	306.021627	0.004754	12.6
234	-0.663623	305.473201	0.005804	12.5
235	-0.898194	304.927388	0.004582	12.4
236	-0.848006	304.384168	0.004171	12.6
237	-0.000009	303.843521	0.000009	11.8
238	-0.928763	303.305427	0.003735	12.0
239	-0.754784	302.769867	0.004842	13.1
240	-0.618471	302.236821	0.003351	13.7
241	-0.652036	301.706270	0.005194	13.3
242	-0.639816	301.178196	0.004159	12.0
243	-1.009815	300.652580	0.004641	10.7
244	-0.000000	300.129402	0.000000	13.7
245	-0.133518	299.608645	0.002466	11.3
246	-0.051250	299.090291	0.000911	12.4
247	-0.964485	298.574321	0.007250	12.3
248	-0.795903	298.060718	0.004311	14.6
249	-0.363768	297.549465	0.004237	12.0
250	-0.624491	297.040543	0.004235	12.8
251	-0.992697	296.533936	0.004437	11.8
252	-0.340361	296.029626	0.002543	11.7
253	-0.605938	295.527597	0.003800	10.4
254	-1.126850	295.027832	0.006089	12.6
255	-0.000000	294.530315	0.000000	13.3
256	-0.144133	294.035028	0.001553	13.5
257	-0.000000	293.541956	0.000000	11.4
258	-0.071064	293.051083	0.001892	12.8
259	-0.747994	292.562393	0.004031	11.7
260	-0.785766	292.075870	0.004273	11.8
261	-0.814368	291.591498	0.006043	13.3
262	-0.674776	291.109263	0.003705	11.3
263	-0.824067	290.629149	0.003413	12.8
264	-0.898546	290.151140	0.004656	13.0
265	-0.000000	289.675222	0.000000	12.0
266	-0.058067	289.201380	0.001230	12.7
267	-1.003187	288.729600	0.005101	17.8
268	-1.050647	288.259866	0.006088	12.0
269	-0.075246	287.792165	0.000994	16.1
270	-0.000000	287.326481	0.000000	19.0
271	-0.000000	286.862802	0.000000	11.8
272	-1.036924	286.401113	0.004445	11.7
273	-0.680601	285.941400	0.003256	11.8
274	-0.000000	285.483649	0.000000	11.8
275	-0.000000	285.027847	0.000000	12.8
276	-0.000000	284.573981	0.000000	12.6
277	-0.000000	284.122037	0.000000	21.1
278	-0.000000	283.672002	0.000000	13.5
279	-1.001957	283.223863	0.004967	17.1
280	-0.248531	282.777607	0.002473	15.1
281	-0.000000	282.333221	0.000000	20.2
282	-1.000129	281.890692	0.004556	15.9
283	-1.080544	281.450008	0.005039	17.5
284	-0.000000	281.011157	0.000000	17.3
285	-1.130334	280.574125	0.005212	16.2
286	-0.336067	280.138901	0.003583	16.4
287	-0.000000	279.705473	0.000000	14.4
288	-0.000000	279.273829	0.000000	15.9
289	-0.000000	278.843956	0.000000	18.1
290	-0.118947	278.415844	0.002018	14.7
291	-1.132745	277.989479	0.006808	15.9
292	-0.603633	277.564851	0.005054	16.5
293	-0.837083	277.141949	0.004524	15.2
294	-0.000000	276.720761	0.000000	18.2
295	-0.000000	276.301275	0.000000	21.0
296	-0.000134	275.883480	0.000119	20.0
297	-0.000000	275.467366	0.000000	14.5
298	-0.007884	275.052922	0.000281	13.5
299	-0.650311	274.640136	0.004100	11.9
300	-0.000000	274.228998	0.000000	12.4
301	-0.011226	273.819497	0.000134	12.3
302	-0.000000	273.411623	0.000000	18.1
303	-0.511884	273.005365	0.002904	18.3
304	-1.018443	272.600712	0.008121	22.3
305	-1.017338	272.197655	0.004484	17.6
306	-1.166494	271.796184	0.006372	17.8
307	-0.338116	271.396287	0.003585	21.5
308	-0.856727	270.997956	0.005084	16.3
309	-0.683405	270.601180	0.003792	20.3
310	-0.671328	270.205949	0.003095	15.0
311	-0.250423	269.812254	0.003371	21.4
312	-0.036002	269.420085	0.001701	19.2
313	-0.000000	269.029432	0.000000	15.5
314	-0.138365	268.640287	0.002174	17.4
315	-1.037825	268.252638	0.005176	16.3
316	-0.951411	267.866478	0.004721	14.6
317	-0.000000	267.481796	0.000000	16.6
318	-0.506348	267.098584	0.003082	16.5
319	-0.113657	266.716833	0.003461	14.0
320	-0.940933	266.336533	0.005169	14.5
321	-0.780349	265.957676	0.003859	11.1
322	-1.064749	265.580253	0.004696	15.4
323	-0.674376	265.204254	0.004101	17.2
324	-0.182028	264.829672	0.002283	16.9
325	-0.000000	264.456497	0.000000	14.2
326	-0.242825	264.084721	0.003071	15.3
327	-0.077620	263.714335	0.002791	14.7
328	-0.928608	263.345332	0.003870	15.5
329	-0.324168	262.977702	0.003738	16.1
330	-0.774216	262.611438	0.004456	15.6
331	-0.276425	262.246531	0.002507	14.5
332	-0.008365	261.882973	0.000388	17.2
333	-0.000000	261.520756	0.000000	15.1
334	-0.833884	261.159871	0.005260	14.9
335	-0.137576	260.800312	0.001911	16.0
336	-0.944731	260.442070	0.005142	14.6
337	-0.255428	260.085137	0.002714	14.8
338	-0.620194	259.729505	0.004320	12.5
339	-0.269848	259.375167	0.002583	12.2
340	-0.000000	259.022116	0.000000	13.6
341	-0.033317	258.670343	0.002143	12.2
342	-0.000000	258.319841	0.000000	11.2
343	-1.032969	257.970602	0.005373	13.0
344	-0.797641	257.622620	0.003548	14.2
345	-0.028851	257.275887	0.001819	12.8
346	-0.616897	256.930396	0.002831	11.2
347	-0.000000	256.586139	0.000000	13.5
348	-0.932363	256.243109	0.004280	13.4
349	-1.080016	255.901300	0.007025	12.1
350	-1.046880	255.560703	0.005346	13.6
351	-0.071891	255.221313	0.001664	14.6
352	-0.044619	254.883122	0.001821	12.0
353	-0.003007	254.546124	0.001124	13.6
354	-0.631469	254.210311	0.003744	11.3
355	-0.478998	253.875677	0.003747	12.3
356	-1.083877	253.542215	0.004662	13.1
357	-1.082879	253.209918	0.004772	11.7
358	-1.119628	252.878781	0.005620	12.5
359	-0.441034	252.548795	0.002198	12.9
360	-0.959493	252.219956	0.004506	11.8
361	-0.096327	251.892255	0.001432	12.6
362	-0.022259	251.565688	0.000360	11.0
363	-0.000000	251.240247	0.000000	13.5
364	-0.772263	250.915926	0.003245	15.4
365	-0.823032	250.592720	0.005816	14.6
366	-0.021440	250.270621	0.000442	12.0
367	-1.046249	249.949624	0.006112	12.3
368	-0.637534	249.629723	0.003289	10.8
369	-0.000000	249.310911	0.000000	12.0
370	-1.013351	248.993182	0.005013	24.2
371	-0.000000	248.676531	0.000000	11.9
372	-0.631796	248.360952	0.005146	12.9
373	-0.888781	248.046438	0.006984	11.5
374	-0.470104	247.732984	0.002198	12.4
375	-1.124415	247.420584	0.005797	13.1
376	-1.046289	247.109233	0.005118	11.4
377	-0.114129	246.798924	0.002868	14.6
378	-1.086399	246.489652	0.005548	11.0
379	-0.000000	246.181412	0.000000	11.4
380	-1.060915	245.874197	0.005195	12.8
381	-0.000000	245.568002	0.000000	11.1
382	-0.000000	245.262822	0.000000	14.3
383	-0.841350	244.958652	0.006003	13.7
384	-0.000000	244.655485	0.000000	11.7
385	-0.000000	244.353317	0.000000	12.0
386	-0.000000	244.052142	0.000000	11.6
387	-0.896913	243.751955	0.005446	12.5
388	-1.197262	243.452750	0.005836	13.6
389	-0.156886	243.154523	0.002803	14.4
390	-0.925521	242.857268	0.004204	12.9
391	-0.000034	242.560980	0.000033	12.4
392	-0.253900	242.265654	0.002337	11.9
393	-0.804778	241.971285	0.003812	12.9
394	-0.855157	241.677868	0.004012	13.2
395	-0.856615	241.385397	0.004428	11.6
396	-0.050405	241.093869	0.002392	12.8
397	-0.227736	240.803278	0.002748	11.9
398	-0.969608	240.513619	0.007420	10.4
399	-0.942009	240.224887	0.005022	11.0
400	-0.467685	239.937077	0.003135	11.9
401	-1.053101	239.650186	0.005480	11.4
402	-0.885534	239.364207	0.005439	11.3
403	-0.000000	239.079136	0.000000	11.3
404	-0.000000	238.794969	0.000000	12.8
405	-0.000000	238.511701	0.000001	10.8
406	-0.122175	238.229327	0.001409	13.9
407	-0.540471	237.947843	0.003633	12.1
408	-0.076492	237.667244	0.001602	12.3
409	-0.000000	237.387526	0.000000	15.0
410	-0.000000	237.108684	0.000000	11.5
411	-0.342135	236.830714	0.002692	12.3
412	-0.000000	236.553610	0.000000	12.1
413	-1.069929	236.277370	0.005573	12.2
414	-0.000000	236.001989	0.000000	12.6
415	-0.417419	235.727461	0.003366	10.7
416	-0.943691	235.453784	0.005286	12.5
417	-0.047178	235.180952	0.002408	11.8
418	-1.035191	234.908962	0.004986	11.7
419	-0.707149	234.637809	0.004551	12.6
420	-0.182010	234.367488	0.002353	11.0
421	-0.272183	234.097997	0.002352	12.7
422	-0.116193	233.829331	0.001641	11.1
423	-0.000000	233.561485	0.000000	14.0
424	-0.671162	233.294456	0.003823	12.8
425	-0.818120	233.028239	0.007831	12.8
426	-0.977017	232.762831	0.004807	12.8
427	-0.772778	232.498228	0.006352	11.1
428	-0.000004	232.234425	0.000006	12.9
429	-0.492091	231.971419	0.004331	11.3
430	-0.744594	231.709205	0.003853	12.8
431	-1.111038	231.447781	0.005322	11.4
432	-0.000000	231.187141	0.000000	12.5
433	-0.000000	230.927283	0.000000	11.5
434	-0.251013	230.668202	0.002290	12.6
435	-0.453339	230.409895	0.004030	12.0
436	-1.089223	230.152358	0.004367	11.1
437	-0.477459	229.895587	0.003312	12.1
438	-0.035527	229.639578	0.001071	13.9
439	-1.132389	229.384329	0.004819	13.4
440	-0.588486	229.129834	0.003150	11.4
441	-0.000000	228.876091	0.000000	12.8
442	-0.242407	228.623096	0.002655	16.8
443	-0.439178	228.370846	0.002972	11.4
444	-0.637591	228.119336	0.004212	11.6
445	-0.000000	227.868563	0.000000	12.8
446	-0.817558	227.618525	0.003898	12.0
447	-0.263637	227.369216	0.002323	11.8
448	-0.996939	227.120635	0.004501	11.8
449	-0.000000	226.872777	0.000000	11.3
450	-0.366140	226.625638	0.002856	15.1
451	-0.000000	226.379217	0.000000	12.8
452	-0.443294	226.133509	0.003171	12.8
453	-0.000000	225.888510	0.000000	12.0
454	-0.774317	225.644218	0.004092	15.0
455	-0.633095	225.400630	0.002710	11.1
456	-1.134216	225.157741	0.006596	12.1
457	-0.873910	224.915549	0.003633	11.9
458	-0.000000	224.674051	0.000000	12.3
459	-0.000000	224.433242	0.000000	12.4
460	-0.233052	224.193121	0.002591	14.1
461	-0.337384	223.953684	0.003039	11.0
462	-0.095787	223.714927	0.001865	11.5
463	-0.000000	223.476848	0.000000	13.6
464	-0.741966	223.239444	0.003310	11.4
465	-0.919299	223.002710	0.003657	12.8
466	-0.829687	222.766645	0.003781	11.6
467	-0.631116	222.531245	0.005017	11.0
468	-0.189329	222.296508	0.002232	14.6
469	-1.041034	222.062429	0.004903	12.6
470	-0.115535	221.829007	0.002016	12.2
471	-1.045925	221.596238	0.005200	11.5
472	-0.325467	221.364119	0.003535	20.0
473	-1.120838	221.132647	0.006532	11.2
474	-0.000000	220.901820	0.000000	13.0
475	-0.350958	220.671634	0.002831	13.1
476	-0.868444	220.442086	0.005637	11.9
477	-0.992670	220.213174	0.004222	13.0
478	-0.823184	219.984895	0.005712	11.4
479	-0.000000	219.757246	0.000000	13.6
480	-0.899835	219.530224	0.006184	11.9
481	-0.774056	219.303826	0.005053	11.6
482	-0.000000	219.078050	0.000000	23.8
483	-0.000000	218.852893	0.000000	11.2
484	-0.327992	218.628352	0.002757	12.4
485	-0.108169	218.404424	0.001343	13.0
486	-0.726889	218.181106	0.003032	17.9
487	-0.000000	217.958397	0.000000	12.0
488	-1.080741	217.736292	0.005015	17.8
489	-0.988280	217.514790	0.004626	11.4
490	-0.440164	217.293888	0.003893	13.4
491	-0.369177	217.073584	0.002395	13.7
492	-0.000000	216.853873	0.000000	18.9
493	-0.000000	216.634755	0.000000	12.0
494	-0.604996	216.416227	0.003529	11.6
495	-0.000000	216.198285	0.000000	15.0
496	-0.978568	215.980927	0.004046	11.8
497	-0.809836	215.764151	0.004597	15.6
498	-0.082356	215.547955	0.001076	12.2
499	-0.456809	215.332335	0.004045	11.3
500	-0.753604	215.117289	0.005700	12.6
501	-0.962468	214.902815	0.004234	11.6
502	-0.016871	214.688911	0.000585	12.8
503	-0.004303	214.475573	0.000004	11.3
504	-1.123170	214.262800	0.004982	12.8
505	-0.000000	214.050588	0.000000	13.8
506	-0.524923	213.838936	0.002530	11.3
507	-0.443194	213.627842	0.003446	12.7
508	-0.019914	213.417302	0.000106	11.7
509	-0.945522	213.207314	0.005890	12.9
510	-0.936161	212.997877	0.005073	12.5
511	-0.896473	212.788987	0.005714	12.2
512	-1.037953	212.580642	0.004043	11.6
513	-0.000000	212.372841	0.000000	13.0
514	-0.114127	212.165581	0.002490	15.5
515	-0.231475	211.958859	0.003130	17.3
516	-1.054163	211.752673	0.004072	16.4
517	-0.785270	211.547021	0.003551	16.7
518	-0.000000	211.341902	0.000000	15.5
519	-0.221307	211.137311	0.002413	15.5
520	-0.018378	210.933248	0.000623	14.2
521	-0.899325	210.729710	0.005958	16.8
522	-0.908519	210.526695	0.004772	14.6
523	-0.771733	210.324200	0.005702	16.5
524	-0.096281	210.122224	0.002314	15.7
525	-0.000000	209.920765	0.000000	18.3
526	-0.849645	209.719820	0.004019	14.0
527	-0.000000	209.519387	0.000000	15.9
528	-0.000000	209.319463	0.000000	14.7
529	-0.601897	209.120048	0.003687	15.6
530	-0.000000	208.921139	0.000000	14.9
531	-0.037288	208.722733	0.001215	15.9
532	-0.459966	208.524829	0.003716	15.2
533	-0.000000	208.327425	0.000000	14.4
534	-0.118093	208.130518	0.001410	13.1
535	-0.890747	207.934107	0.005460	11.9
536	-0.000007	207.738189	0.000006	14.3
537	-0.000000	207.542762	0.000000	13.1
538	-0.342821	207.347825	0.002529	11.4
539	-0.000000	207.153376	0.000000	12.5
540	-1.198326	206.959412	0.006474	11.2
541	-0.080658	206.765932	0.002066	13.1
542	-0.000000	206.572933	0.000000	12.6
543	-1.149425	206.380414	0.004311	11.7
544	-0.000000	206.188373	0.000000	11.8
545	-0.775729	205.996807	0.003221	16.8
546	-1.187056	205.805716	0.006180	19.6
547	-0.742381	205.615096	0.003846	18.2
548	-0.044425	205.424946	0.001251	15.6
549	-0.817846	205.235265	0.005890	17.9
550	-0.728605	205.046050	0.004213	17.3
551	-0.942325	204.857299	0.005490	17.5
552	-0.390267	204.669011	0.004159	15.5
553	-0.972052	204.481184	0.004871	17.8
554	-0.740324	204.293816	0.004165	14.6
555	-1.096265	204.106905	0.006253	14.6
556	-0.368856	203.920449	0.002508	14.0
557	-0.812908	203.734447	0.004182	17.0
558	-0.000000	203.548896	0.000000	13.9
559	-0.881730	203.363795	0.003770	16.4
560	-0.086700	203.179143	0.001559	16.0
561	-0.872656	202.994937	0.005538	15.6
562	-0.000000	202.811176	0.000000	12.8
563	-0.845207	202.627857	0.004884	14.5
564	-0.354742	202.444980	0.003325	15.5
565	-1.014904	202.262543	0.005159	10.6
566	-0.431425	202.080543	0.002761	22.7
567	-0.717182	201.898979	0.003415	11.9
568	-0.975372	201.717849	0.004593	12.8
569	-0.000000	201.537153	0.000000	13.0
570	-0.802304	201.356887	0.006031	16.5
571	-0.399718	201.177050	0.002208	11.8
572	-0.000000	200.997642	0.000000	12.7
573	-0.516482	200.818659	0.003388	12.5
574	-0.578766	200.640100	0.003063	11.5
575	-1.004226	200.461965	0.004765	17.4
576	-0.000000	200.284250	0.000000	11.6
577	-1.103246	200.106955	0.006103	11.6
578	-1.069816	199.930078	0.004803	13.2
579	-0.252490	199.753617	0.003247	11.3
580	-0.513377	199.577571	0.002779	21.2
581	-0.211761	199.401938	0.002383	10.6
582	-0.007431	199.226717	0.000495	11.4
583	-0.822552	199.051905	0.005324	12.3
584	-0.633368	198.877502	0.003166	15.3
585	-0.000000	198.703506	0.000000	12.0
586	-0.848706	198.529916	0.004089	13.0
587	-1.017095	198.356729	0.004995	17.5
588	-0.648959	198.183944	0.005147	11.6
589	-0.010764	198.011560	0.000735	12.2
590	-0.112007	197.839576	0.003288	12.2
591	-0.000000	197.667989	0.000000	12.2
592	-0.000000	197.496798	0.000000	11.8
593	-1.113268	197.326002	0.005720	12.6
594	-0.000000	197.155600	0.000000	12.0
595	-0.906999	196.985589	0.005182	12.0
596	-0.852875	196.815969	0.003454	13.8
597	-0.738547	196.646738	0.003778	12.0
598	-0.054961	196.477894	0.002289	11.7
599	-0.000000	196.309436	0.000000	12.7
600	-0.290347	196.141363	0.003478	12.3
601	-0.822429	195.973673	0.005314	11.7
602	-1.121652	195.806365	0.004241	11.2
603	-0.032708	195.639437	0.001797	11.2
604	-0.000000	195.472888	0.000000	11.6
605	-0.138555	195.306717	0.001985	13.3
606	-0.000000	195.140922	0.000000	10.7
607	-0.000000	194.975501	0.000000	11.7
608	-0.097271	194.810454	0.001921	11.9
609	-0.336702	194.645779	0.002599	14.9
610	-0.943427	194.481475	0.005133	13.3
611	-1.127279	194.317540	0.006079	11.4
612	-0.796830	194.153973	0.003881	13.1
613	-0.029772	193.990773	0.001084	11.8
614	-0.000000	193.827938	0.000000	13.7
615	-0.000000	193.665467	0.000000	13.7
616	-0.000000	193.503358	0.000000	12.9
617	-1.063393	193.341611	0.004439	11.6
618	-0.000504	193.180224	0.000449	13.4
619	-0.039515	193.019196	0.001258	14.1
620	-0.039658	192.858525	0.002574	13.5
621	-0.739279	192.698210	0.004146	14.5
622	-0.801072	192.538251	0.004060	11.2
623	-0.298110	192.378644	0.002629	12.7
624	-1.002322	192.219391	0.006510	12.8
625	-1.074237	192.060488	0.005193	12.0
626	-0.960492	191.901935	0.004533	12.2
627	-0.927727	191.743730	0.005094	11.8
628	-0.080603	191.585873	0.001894	12.0
629	-0.653840	191.428362	0.003285	11.0
630	-1.094698	191.271196	0.005242	11.1
631	-0.000000	191.114374	0.000000	12.6
632	-1.138325	190.957893	0.004580	12.1
633	-0.718669	190.801755	0.003570	13.4
634	-0.000001	190.645956	0.000002	14.7
635	-1.005809	190.490495	0.004233	11.6
636	-0.391996	190.335373	0.002650	11.4
637	-0.913454	190.180587	0.003323	13.8
638	-0.631846	190.026136	0.003665	11.1
639	-0.085350	189.872019	0.000686	13.0
640	-0.000000	189.718235	0.000000	10.6
641	-0.145278	189.564782	0.002031	11.6
642	-0.990020	189.411661	0.003743	13.4
643	-1.150484	189.258868	0.006322	10.7
644	-0.040857	189.106404	0.001413	12.2
645	-0.658459	188.954267	0.003568	12.5
646	-0.000000	188.802456	0.000000	12.0
647	-0.182455	188.650969	0.001904	11.8
648	-1.096812	188.499807	0.004738	13.4
649	-0.000000	188.348967	0.000000	13.0
650	-0.431744	188.198448	0.002716	12.0
651	-0.028395	188.048250	0.000799	14.2
652	-0.000000	187.898371	0.000000	12.7
653	-0.296653	187.748810	0.002295	13.2
654	-0.549246	187.599566	0.002875	11.6
655	-0.000002	187.450638	0.000003	11.1
656	-0.000967	187.302025	0.000652	13.4
657	-0.000000	187.153725	0.000000	12.1
658	-0.564700	187.005739	0.003303	11.4
659	-0.153584	186.858064	0.001478	12.8
660	-0.766851	186.710699	0.004146	11.8
661	-0.000000	186.563645	0.000000	12.8
662	-0.000000	186.416898	0.000000	12.1
663	-0.000000	186.270459	0.000000	12.0
664	-0.015258	186.124326	0.000359	14.2
665	-0.855284	185.978499	0.007009	12.2
666	-0.304815	185.832976	0.002128	11.2
667	-0.655227	185.687756	0.003746	12.5
668	-0.906798	185.542838	0.003942	12.0
669	-1.104901	185.398222	0.005487	14.2
670	-0.968587	185.253906	0.004519	11.8
671	-0.000000	185.109889	0.000000	12.1
672	-0.792550	184.966170	0.003824	12.0
673	-0.000000	184.822748	0.000000	12.0
674	-0.002401	184.679623	0.001142	12.8
675	-0.763104	184.536792	0.005577	11.6
676	-1.200187	184.394256	0.006298	11.9
677	-0.000000	184.252013	0.000000	13.3
678	-0.000000	184.110062	0.000000	11.2
679	-0.000000	183.968403	0.000000	12.6
680	-0.869105	183.827034	0.004372	12.7
681	-0.046830	183.685954	0.001999	12.6
682	-0.031263	183.545163	0.000794	11.7
683	-0.322369	183.404658	0.002446	10.7
684	-0.000000	183.264441	0.000000	13.6
685	-0.824060	183.124509	0.005849	11.4
686	-0.494470	182.984861	0.003040	11.8
687	-0.919094	182.845497	0.006170	11.7
688	-0.000000	182.706416	0.000000	11.1
689	-0.000000	182.567616	0.000000	12.8
690	-0.000000	182.429098	0.000000	12.4
691	-0.254905	182.290859	0.002499	12.4
692	-0.680033	182.152899	0.002964	11.8
693	-1.051093	182.015217	0.004505	12.2
694	-0.980656	181.877813	0.004747	15.8
695	-0.000000	181.740684	0.000000	12.4
696	-1.148691	181.603832	0.004497	12.3
697	-0.000000	181.467253	0.000000	13.2
698	-0.351095	181.330948	0.003986	11.4
699	-0.000000	181.194916	0.000000	16.7
700	-0.013706	181.059155	0.002022	11.6
701	-0.000000	180.923666	0.000000	11.9
702	-0.255983	180.788446	0.002815	11.8
703	-0.162563	180.653496	0.002736	12.5
704	-1.023073	180.518814	0.004764	12.3
705	-0.247489	180.384399	0.002836	13.6
706	-0.117662	180.250251	0.002019	13.5
707	-0.905253	180.116369	0.003936	13.3
708	-0.379343	179.982752	0.002826	12.5
709	-0.812245	179.849398	0.003780	13.6
710	-0.271738	179.716308	0.002736	12.1
711	-0.457936	179.583480	0.003409	12.4
712	-1.052573	179.450913	0.005660	12.5
713	-1.061052	179.318607	0.004636	12.4
714	-0.481374	179.186561	0.003308	10.6
715	-0.106801	179.054774	0.001948	12.8
716	-0.003428	178.923245	0.001420	15.0
717	-0.871860	178.791973	0.003601	14.6
718	-0.887173	178.660958	0.003988	15.6
719	-0.004275	178.530199	0.001050	13.9
720	-0.653119	178.399694	0.003820	17.0
721	-0.000000	178.269444	0.000000	12.7
722	-0.706464	178.139447	0.003773	15.1
723	-0.336774	178.009702	0.002661	14.5
724	-0.729968	177.880209	0.003351	14.1
725	-1.025760	177.750967	0.004418	13.2
726	-0.922353	177.621975	0.006339	13.1
727	-0.000000	177.493232	0.000000	11.1
728	-0.552511	177.364738	0.002816	13.0
729	-1.052529	177.236492	0.005031	15.7
730	-1.089819	177.108492	0.004713	14.9
731	-0.787718	176.980739	0.003784	13.3
732	-0.493303	176.853231	0.002873	12.0
733	-1.116455	176.725968	0.006053	12.8
734	-0.933737	176.598949	0.006613	13.8
735	-0.396208	176.472173	0.003689	14.7
736	-0.012563	176.345639	0.001797	12.9
737	-0.000000	176.219348	0.000000	14.4
738	-0.369662	176.093296	0.003312	14.0
739	-1.059603	175.967486	0.006815	13.6
740	-0.611400	175.841914	0.004071	14.5
741	-0.983606	175.716581	0.004555	14.2
742	-0.000000	175.591486	0.000000	13.9
743	-1.096059	175.466629	0.005879	10.7
744	-0.937570	175.342008	0.004214	11.8
745	-0.000000	175.217622	0.000000	15.7
746	-0.653361	175.093472	0.004764	15.6
747	-0.925905	174.969556	0.003903	15.9
748	-1.043429	174.845873	0.003963	12.1
749	-0.455029	174.722423	0.002501	13.0
750	-0.437606	174.599206	0.003582	12.1
751	-0.017799	174.476220	0.000388	15.3
752	-0.785058	174.353464	0.003757	13.2
753	-0.105186	174.230939	0.001639	11.6
754	-0.105843	174.108643	0.001912	13.1
755	-0.429568	173.986576	0.003228	12.5
756	-0.900967	173.864737	0.004063	11.6
757	-0.000000	173.743124	0.000000	13.5
758	-0.989638	173.621739	0.006770	12.7
759	-0.000000	173.500579	0.000000	11.6
760	-0.274207	173.379645	0.002417	13.1
761	-0.051114	173.258935	0.000862	16.8
762	-0.926783	173.138449	0.005783	25.1
763	-0.284006	173.018186	0.003384	16.9
764	-1.153570	172.898146	0.005587	15.4
765	-0.135468	172.778327	0.001897	22.7
766	-0.763478	172.658730	0.003994	12.7
767	-0.000000	172.539353	0.000000	15.4
768	-0.000000	172.420196	0.000000	15.6
769	-0.000000	172.301258	0.000000	15.2
770	-0.420503	172.182539	0.003331	13.8
771	-0.000000	172.064037	0.000000	13.3
772	-1.015372	171.945753	0.004259	15.4
773	-0.000235	171.827686	0.000138	15.1
774	-0.181587	171.709834	0.002418	16.5
775	-0.000000	171.592198	0.000000	18.6
776	-0.000000	171.474776	0.000000	15.3
777	-0.267522	171.357568	0.002590	19.7
778	-0.745253	171.240574	0.005409	19.9
779	-0.000000	171.123793	0.000000	12.7
780	-0.926106	171.007223	0.005073	12.1
781	-0.659529	170.890865	0.004140	11.5
782	-0.000000	170.774718	0.000000	19.0
783	-0.063747	170.658782	0.002280	14.2
784	-0.907023	170.543055	0.004181	14.2
785	-0.428348	170.427537	0.003088	11.0
786	-0.008194	170.312227	0.000148	15.7
787	-1.120409	170.197125	0.005841	15.1
788	-0.608366	170.082231	0.003184	15.1
789	-0.742254	169.967543	0.003331	12.2
790	-0.754926	169.853061	0.003434	12.0
791	-0.000000	169.738784	0.000000	12.3
792	-0.921473	169.624713	0.004150	19.2
793	-0.000010	169.510845	0.000018	11.6
794	-0.418859	169.397181	0.003308	12.2
795	-0.092606	169.283720	0.001615	14.4
796	-0.000000	169.170462	0.000000	11.3
797	-0.085123	169.057405	0.002037	12.6
798	-0.009291	168.944549	0.000851	11.9
799	-0.035917	168.831895	0.001555	12.9
800	-0.811408	168.719440	0.005387	13.8
801	-0.000000	168.607185	0.000000	11.6
802	-0.735381	168.495129	0.003470	12.4
803	-0.848742	168.383271	0.005718	12.5
804	-0.008334	168.271611	0.001850	11.9
805	-0.250117	168.160148	0.003160	13.7
806	-0.869473	168.048882	0.005666	14.0
807	-0.137272	167.937812	0.001797	17.9
808	-1.145984	167.826938	0.004747	18.0
809	-1.074163	167.716258	0.004426	13.9
810	-0.000000	167.605773	0.000000	14.9
811	-1.066577	167.495482	0.005101	13.1
812	-0.683554	167.385384	0.003333	18.0
813	-0.000000	167.275479	0.000000	17.7
814	-0.042668	167.165766	0.000616	19.0
815	-0.951091	167.056245	0.003897	18.0
816	-0.000000	166.946915	0.000000	19.9
817	-0.000000	166.837776	0.000000	15.1
818	-1.052159	166.728826	0.005236	14.1
819	-0.000000	166.620067	0.000000	12.1
820	-0.745735	166.511496	0.003278	11.7
821	-0.000004	166.403113	0.000009	12.1
822	-0.000000	166.294919	0.000000	14.7
823	-0.224488	166.186912	0.001615	12.7
824	-1.121994	166.079091	0.006079	12.8
825	-0.000000	165.971458	0.000000	12.0
826	-0.000000	165.864009	0.000000	11.2
827	-0.058961	165.756747	0.001522	12.2
828	-1.111962	165.649669	0.004779	14.8
829	-0.071822	165.542775	0.001239	14.6
830	-0.000000	165.436065	0.000000	11.7
831	-0.911572	165.329538	0.005906	12.1
832	-0.587109	165.223194	0.004521	11.4
833	-0.026212	165.117032	0.002392	12.8
834	-1.192026	165.011052	0.006173	12.2
835	-0.863985	164.905253	0.003560	11.9
836	-0.000000	164.799635	0.000000	11.9
837	-0.756562	164.694197	0.005365	11.9
838	-1.043705	164.588939	0.004782	13.9
839	-0.132849	164.483859	0.002537	14.4
840	-0.000000	164.378959	0.000000	12.4
841	-0.956865	164.274237	0.005254	12.4
842	-0.129423	164.169692	0.002540	14.2
843	-0.954478	164.065325	0.004477	11.6
844	-1.076649	163.961135	0.004510	11.3
845	-0.450804	163.857120	0.003765	18.6
846	-0.792834	163.753282	0.004515	12.7
847	-0.953975	163.649619	0.003570	17.7
848	-0.430473	163.546130	0.002443	14.1
849	-1.001350	163.442816	0.004675	18.9
850	-0.724309	163.339676	0.003825	13.8
851	-0.018226	163.236709	0.001230	17.4
852	-1.194490	163.133915	0.005444	13.3
853	-0.000000	163.031294	0.000000	13.8
854	-0.000000	162.928844	0.000000	13.8
855	-0.000000	162.826566	0.000000	15.4
856	-0.000000	162.724459	0.000000	14.6
857	-0.000000	162.622523	0.000000	19.8
858	-0.002598	162.520757	0.000052	23.3
859	-0.056170	162.419160	0.001053	16.9
860	-0.389115	162.317733	0.003616	14.5
861	-1.080808	162.216474	0.005245	25.5
862	-0.000000	162.115383	0.000000	11.0
863	-0.003440	162.014461	0.000486	12.5
864	-0.151952	161.913705	0.001745	18.7
865	-0.000000	161.813117	0.000000	12.8
866	-0.000000	161.712695	0.000000	12.4
867	-0.988890	161.612439	0.004288	14.1
868	-1.075421	161.512349	0.004678	12.7
869	-0.850807	161.412424	0.004168	10.2
870	-0.000000	161.312663	0.000000	14.5
871	-0.000000	161.213067	0.000000	13.7
872	-0.736855	161.113635	0.005394	12.2
873	-1.097800	161.014366	0.004532	12.2
874	-0.926519	160.915260	0.003137	12.0
875	-0.000000	160.816316	0.000000	11.1
876	-0.353719	160.717535	0.002812	12.8
877	-0.147576	160.618915	0.001762	12.3
878	-0.224518	160.520456	0.001811	12.4
879	-0.000000	160.422158	0.000000	11.6
880	-0.776196	160.324021	0.003070	12.4
881	-0.200432	160.226043	0.002225	12.1
882	-0.926602	160.128225	0.004869	21.9
883	-0.000000	160.030566	0.000000	12.1
884	-0.358202	159.933066	0.002441	13.6
885	-0.000000	159.835723	0.000000	17.2
886	-0.173846	159.738539	0.002021	11.6
887	-1.003056	159.641512	0.004219	12.4
888	-1.048132	159.544642	0.005440	11.0
889	-0.032485	159.447929	0.001151	11.9
890	-0.174006	159.351372	0.002406	13.5
891	-0.000000	159.254971	0.000000	11.2
892	-0.045416	159.158725	0.001362	12.2
893	-0.141820	159.062634	0.001630	11.7
894	-0.774072	158.966697	0.004361	11.2
895	-0.000000	158.870915	0.000000	11.4
896	-0.522205	158.775286	0.003568	12.9
897	-0.011279	158.679811	0.000252	13.1
898	-0.000000	158.584489	0.000000	12.0
899	-0.000000	158.489319	0.000000	17.9
900	-1.023796	158.394302	0.004906	11.8
901	-0.000000	158.299436	0.000000	15.4
902	-1.161897	158.204721	0.005384	14.9
903	-0.968545	158.110158	0.003837	15.8
904	-0.113133	158.015745	0.003358	15.3
905	-0.960946	157.921482	0.005507	16.4
906	-0.025128	157.827369	0.001537	18.7
907	-0.042863	157.733406	0.000940	18.5
908	-0.000000	157.639591	0.000000	15.3
909	-0.865326	157.545925	0.004139	21.7
910	-0.665935	157.452408	0.005133	16.8
911	-1.016809	157.359038	0.006593	17.2
912	-0.075431	157.265816	0.000994	13.0
913	-1.087924	157.172741	0.004437	12.3
914	-0.887034	157.079813	0.006481	12.5
915	-0.200971	156.987031	0.001640	11.1
916	-0.971723	156.894395	0.008472	12.3
917	-0.899301	156.801904	0.005109	15.0
918	-1.015595	156.709559	0.004369	14.4
919	-0.000000	156.617359	0.000000	20.3
920	-0.000000	156.525304	0.000000	10.9
921	-1.092823	156.433392	0.005385	15.2
922	-0.742944	156.341624	0.004250	14.3
923	-0.079534	156.250000	0.002645	18.1
924	-0.018294	156.158519	0.000322	12.3
925	-0.106942	156.067180	0.001788	12.7
926	-0.000000	155.975984	0.000001	13.6
927	-0.206683	155.884930	0.001655	15.8
928	-0.011524	155.794017	0.000109	11.0
929	-0.805507	155.703246	0.003913	12.7
930	-0.892472	155.612615	0.003680	13.2
931	-0.863690	155.522125	0.005774	16.2
932	-0.177884	155.431775	0.002752	12.1
933	-1.093036	155.341565	0.005610	14.0
934	-0.000003	155.251495	0.000003	12.1
935	-0.711962	155.161563	0.004806	12.3
936	-0.901076	155.071771	0.004256	11.3
937	-0.536780	154.982117	0.003365	14.8
938	-0.901736	154.892601	0.006324	14.5
939	-1.043931	154.803222	0.003854	12.8
940	-0.804254	154.713981	0.005118	13.7
941	-0.000000	154.624878	0.000000	12.8
942	-0.010208	154.535910	0.000786	10.8
943	-0.000000	154.447080	0.000000	15.4
944	-0.000000	154.358385	0.000000	13.4
945	-0.773907	154.269826	0.003940	19.6
946	-0.000000	154.181402	0.000000	11.0
947	-0.206479	154.093114	0.002216	12.9
948	-0.003825	154.004960	0.001264	14.7
949	-0.627457	153.916940	0.003178	13.2
950	-0.000000	153.829054	0.000000	13.4
951	-0.000000	153.741303	0.000000	11.6
952	-0.409303	153.653684	0.002600	11.1
953	-0.493879	153.566198	0.002472	12.7
954	-0.001818	153.478846	0.000559	12.7
955	-0.982217	153.391625	0.005510	14.1
956	-0.000000	153.304537	0.000000	12.0
957	-0.077891	153.217580	0.001705	11.9
958	-0.000004	153.130755	0.000005	11.8
959	-1.049369	153.044061	0.004191	12.0
960	-0.000000	152.957498	0.000000	12.0
961	-1.090672	152.871065	0.004821	11.6
962	-0.350522	152.784762	0.003520	13.3
963	-0.000000	152.698589	0.000000	13.0
964	-1.056810	152.612545	0.004642	12.3
965	-0.558532	152.526631	0.003396	11.7
966	-0.720007	152.440845	0.004222	16.5
967	-0.000000	152.355188	0.000000	11.9
968	-0.813519	152.269660	0.004296	13.2
969	-0.910351	152.184259	0.005540	11.2
970	-0.659054	152.098986	0.004651	12.0
971	-0.000000	152.013840	0.000000	13.3
972	-1.056355	151.928821	0.005127	11.9
973	-1.079920	151.843928	0.004551	12.9
974	-0.985051	151.759163	0.004250	18.3
975	-0.016341	151.674523	0.001248	13.1
976	-1.062835	151.590009	0.005223	11.1
977	-0.920880	151.505620	0.004914	12.4
978	-0.481996	151.421357	0.003495	13.0
979	-1.140067	151.337218	0.004622	12.0
980	-0.210715	151.253204	0.002698	12.5
981	-0.031676	151.169314	0.001257	11.1
982	-0.000000	151.085549	0.000000	13.0
983	-0.376938	151.001907	0.003580	13.0
984	-0.786724	150.918388	0.003587	13.1
985	-0.882718	150.834992	0.005365	12.2
986	-0.011540	150.751719	0.000217	11.7
987	-0.920577	150.668569	0.005379	12.3
988	-1.060462	150.585541	0.005338	12.5
989	-0.233708	150.502634	0.002654	16.9
990	-0.851865	150.419849	0.005568	12.3
991	-0.000000	150.337186	0.000000	14.7
992	-0.084986	150.254644	0.000929	14.6
993	-0.013424	150.172222	0.001047	13.0
994	-0.701715	150.089921	0.004314	11.0
995	-0.000000	150.007740	0.000000	13.5
996	-0.997296	149.925679	0.004110	13.2
997	-0.080536	149.843737	0.002242	11.6
998	-0.000000	149.761915	0.000000	15.6
999	-0.604342	149.680212	0.003599	12.6
1000	-0.931079	149.598627	0.004598	13.6
1001	-0.013506	149.517161	0.000922	15.4
1002	-0.129328	149.435814	0.001656	13.6
1003	-0.000000	149.354584	0.000000	18.9
1004	-0.120294	149.273472	0.001690	12.3
1005	-0.000003	149.192477	0.000006	12.9
1006	-0.646774	149.111599	0.003332	12.6
1007	-1.087623	149.030838	0.004559	13.3
1008	-0.730401	148.950194	0.003410	12.2
1009	-0.793581	148.869666	0.003666	11.1
1010	-0.004266	148.789253	0.000103	13.9
1011	-1.058553	148.708957	0.004636	11.7
1012	-0.011172	148.628776	0.000248	10.9
1013	-0.064989	148.548710	0.001234	13.0
1014	-1.163749	148.468759	0.005356	17.8
1015	-0.548542	148.388923	0.003174	12.7
1016	-0.000000	148.309201	0.000000	11.8
1017	-1.207415	148.229594	0.006280	11.7
1018	-0.366217	148.150100	0.002441	10.6
1019	-0.000000	148.070719	0.000000	23.6
1020	-0.133883	147.991452	0.001691	13.6
1021	-0.798116	147.912298	0.003122	13.6
1022	-0.000000	147.833257	0.000000	11.4
1023	-0.228840	147.754329	0.002815	12.1
1024	-0.263618	147.675512	0.003191	12.0
1025	-0.080121	147.596808	0.001757	13.0
1026	-1.230126	147.518216	0.006732	14.4
1027	-1.087157	147.439735	0.005143	11.8
1028	-0.000000	147.361365	0.000000	12.6
1029	-0.908630	147.283106	0.003812	11.4
1030	-0.700770	147.204958	0.004015	14.1
1031	-0.024283	147.126920	0.000355	14.2
1032	-0.000000	147.048993	0.000000	13.8
1033	-0.148389	146.971175	0.002088	11.6
1034	-0.833169	146.893468	0.003982	13.5
1035	-0.004251	146.815869	0.000080	11.6
1036	-0.000000	146.738380	0.000000	14.8
1037	-0.171861	146.661000	0.002373	11.7
1038	-0.000000	146.583729	0.000000	13.5
1039	-0.610330	146.506566	0.003860	11.9
1040	-0.000000	146.429511	0.000000	21.5
1041	-1.106154	146.352565	0.005392	12.7
1042	-0.945961	146.275726	0.005793	12.3
1043	-0.905076	146.198994	0.004096	12.9
1044	-0.822472	146.122370	0.003009	12.9
1045	-0.000000	146.045853	0.000000	12.5
1046	-0.982190	145.969442	0.004224	14.0
1047	-0.289577	145.893139	0.002984	11.6
1048	-0.000000	145.816941	0.000000	11.4
1049	-0.035231	145.740849	0.001558	12.5
1050	-0.256294	145.664863	0.003271	12.1
1051	-0.000000	145.588983	0.000000	12.7
1052	-1.178020	145.513208	0.005299	11.8
1053	-0.042281	145.437538	0.000988	12.8
1054	-0.000000	145.361973	0.000000	13.8
1055	-0.000000	145.286513	0.000000	14.0
1056	-0.032265	145.211157	0.001601	11.0
1057	-0.720612	145.135905	0.004060	12.1
1058	-1.076198	145.060757	0.006999	11.9
1059	-0.000001	144.985712	0.000001	12.4
1060	-0.288952	144.910771	0.002640	12.0
1061	-0.720709	144.835934	0.005495	11.6
1062	-0.000000	144.761199	0.000000	14.4
1063	-0.039349	144.686567	0.001409	16.4
1064	-0.843951	144.612037	0.003662	12.1
1065	-0.796341	144.537610	0.004179	11.4
1066	-0.000000	144.463285	0.000000	11.7
1067	-0.733946	144.389062	0.003600	11.0
1068	-0.000000	144.314940	0.000000	11.1
1069	-1.134669	144.240920	0.005519	13.1
1070	-0.139899	144.167001	0.002574	12.4
1071	-0.000000	144.093182	0.000000	12.4
1072	-1.120434	144.019465	0.005998	12.2
1073	-0.867992	143.945848	0.005190	12.0
1074	-0.000000	143.872331	0.000000	13.4
1075	-0.007927	143.798914	0.001863	12.4
1076	-0.000000	143.725597	0.000000	11.9
1077	-0.999179	143.652380	0.004505	15.2
1078	-0.000000	143.579262	0.000000	13.1
1079	-1.137085	143.506243	0.005778	11.9
1080	-0.514390	143.433323	0.004849	12.2
1081	-0.030349	143.360502	0.002690	12.8
1082	-0.562584	143.287780	0.003926	11.6
1083	-0.000000	143.215155	0.000000	13.7
1084	-0.834820	143.142629	0.003817	12.0
1085	-0.182391	143.070201	0.001734	12.7
1086	-0.988053	142.997870	0.005060	12.0
1087	-0.134754	142.925637	0.000899	12.3
1088	-0.557325	142.853501	0.003831	13.7
1089	-0.991610	142.781462	0.004857	11.7
1090	-0.000000	142.709519	0.000000	11.7
1091	-0.319352	142.637674	0.003187	11.5
1092	-0.000000	142.565924	0.000000	20.4
1093	-0.000002	142.494271	0.000003	11.4
1094	-0.000000	142.422714	0.000000	12.5
1095	-0.285368	142.351252	0.003049	13.8
1096	-0.238674	142.279886	0.001832	12.0
1097	-0.113674	142.208616	0.002746	12.5
1098	-0.523694	142.137440	0.003649	12.0
1099	-0.679854	142.066360	0.004604	17.0
1100	-0.708062	141.995374	0.005011	10.9
1101	-0.000000	141.924483	0.000000	20.5
1102	-0.987429	141.853685	0.005453	16.6
1103	-0.287726	141.782983	0.002070	11.9
1104	-1.001262	141.712373	0.004517	11.9
1105	-0.000000	141.641858	0.000000	15.1
1106	-1.075967	141.571436	0.006518	13.3
1107	-0.000000	141.501108	0.000000	11.8
1108	-0.000000	141.430872	0.000000	15.7
1109	-0.042854	141.360730	0.000986	12.6
1110	-0.585943	141.290680	0.003870	11.2
1111	-1.077471	141.220722	0.004791	13.5
1112	-0.000000	141.150857	0.000000	12.7
1113	-0.000000	141.081084	0.000000	14.6
1114	-0.996727	141.011403	0.005615	13.8
1115	-0.000000	140.941813	0.000000	12.4
1116	-0.000000	140.872315	0.000000	12.7
1117	-0.936088	140.802909	0.004723	12.0
1118	-0.978414	140.733593	0.004535	11.8
1119	-0.058152	140.664369	0.001764	11.5
1120	-0.000000	140.595235	0.000000	16.1
1121	-0.000000	140.526192	0.000000	12.1
1122	-0.025543	140.457239	0.002139	11.6
1123	-0.004532	140.388376	0.000321	11.1
1124	-0.409890	140.319603	0.003449	11.6
1125	-1.052433	140.250920	0.004885	14.0
1126	-0.486494	140.182326	0.002484	12.0
1127	-0.000000	140.113822	0.000000	11.7
1128	-0.004652	140.045407	0.000315	13.4
1129	-1.062181	139.977081	0.006299	11.8
1130	-0.000000	139.908844	0.000000	12.8
1131	-0.000000	139.840696	0.000000	12.6
1132	-0.000000	139.772635	0.000000	11.2
1133	-1.069335	139.704664	0.005330	14.8
1134	-0.000000	139.636780	0.000000	13.0
1135	-0.000055	139.568984	0.000067	13.3
1136	-1.088645	139.501276	0.005101	12.1
1137	-0.392722	139.433655	0.003471	12.8
1138	-0.742228	139.366122	0.004876	11.4
1139	-0.000003	139.298676	0.000003	14.1
1140	-1.049233	139.231317	0.003959	12.0
1141	-0.965919	139.164045	0.004431	18.8
1142	-0.876614	139.096859	0.003523	13.8
1143	-1.198026	139.029760	0.007056	12.1
1144	-0.000003	138.962747	0.000004	12.9
1145	-0.000001	138.895820	0.000001	12.0
1146	-1.149473	138.828978	0.004747	12.5
1147	-0.000000	138.762223	0.000000	12.2
1148	-0.000000	138.695553	0.000000	18.8
1149	-0.487441	138.628969	0.002554	17.2
1150	-0.199991	138.562469	0.002656	15.8
1151	-0.046008	138.496055	0.001435	16.5
1152	-1.164552	138.429725	0.006245	18.2
1153	-0.996681	138.363481	0.004475	17.3
1154	-0.394131	138.297320	0.003354	18.5
1155	-1.025539	138.231244	0.005418	17.8
1156	-1.068514	138.165252	0.006455	20.7
1157	-0.535914	138.099344	0.003195	20.1
1158	-0.075520	138.033520	0.001613	18.1
1159	-0.923890	137.967779	0.005850	17.5
1160	-0.000000	137.902122	0.000000	12.8
1161	-0.000000	137.836548	0.000000	21.3
1162	-1.112726	137.771057	0.005383	18.7
1163	-0.010618	137.705649	0.002683	19.5
1164	-0.536355	137.640324	0.003957	14.5
1165	-0.284444	137.575081	0.002415	14.1
1166	-0.104167	137.509921	0.001307	13.3
1167	-0.027897	137.444842	0.000134	17.4
1168	-0.432302	137.379846	0.002817	18.1
1169	-0.210150	137.314932	0.003343	17.0
1170	-0.843959	137.250100	0.005519	20.5
1171	-0.000000	137.185349	0.000000	17.6
1172	-0.000000	137.120680	0.000000	18.5
1173	-0.000000	137.056092	0.000000	20.2
1174	-0.011096	136.991585	0.000150	18.1
1175	-0.000000	136.927158	0.000000	18.1
1176	-0.669931	136.862813	0.004541	17.6
1177	-0.975068	136.798548	0.004447	17.3
1178	-0.000000	136.734363	0.000000	20.1
1179	-0.856414	136.670259	0.005387	25.2
1180	-0.659252	136.606235	0.002991	17.2
1181	-0.808595	136.542291	0.003974	17.2
1182	-0.598186	136.478426	0.003712	19.5
1183	-0.059068	136.414641	0.000701	17.8
1184	-0.000000	136.350936	0.000000	17.7
1185	-0.049918	136.287310	0.000835	14.9
1186	-0.000000	136.223763	0.000000	18.4
1187	-1.108806	136.160295	0.007091	16.5
1188	-0.996185	136.096905	0.004018	17.3
1189	-0.357113	136.033594	0.003155	17.5
1190	-0.045589	135.970362	0.001993	18.0
1191	-0.378328	135.907208	0.003067	19.1
1192	-0.000000	135.844133	0.000000	20.8
1193	-0.960128	135.781135	0.004323	19.3
1194	-0.208237	135.718215	0.003006	17.7
1195	-0.000000	135.655373	0.000000	17.2
1196	-0.504811	135.592608	0.003228	17.9
1197	-0.000000	135.529921	0.000000	20.0
1198	-0.001556	135.467311	0.000581	13.5
1199	-0.299532	135.404778	0.002365	14.2
1200	-0.768421	135.342322	0.003529	11.7
1201	-0.323263	135.279942	0.002062	16.3
1202	-0.000000	135.217640	0.000000	11.9
1203	-0.084572	135.155413	0.000699	13.1
1204	-0.000000	135.093263	0.000000	11.4
1205	-0.000000	135.031190	0.000000	15.6
1206	-0.949210	134.969192	0.004079	11.8
1207	-1.020776	134.907270	0.004160	15.3
1208	-0.553578	134.845424	0.002868	15.8
1209	-0.000000	134.783653	0.000000	13.1
1210	-1.103534	134.721958	0.004256	10.9
1211	-0.226354	134.660338	0.002492	13.1
1212	-0.986282	134.598793	0.005454	12.4
1213	-0.947185	134.537323	0.003670	17.7
1214	-0.263570	134.475927	0.002600	17.2
1215	-0.898033	134.414607	0.005855	17.0
1216	-1.078501	134.353361	0.005039	17.8
1217	-0.353987	134.292189	0.003456	19.5
1218	-0.059722	134.231092	0.002358	17.0
1219	-0.000000	134.170068	0.000000	17.5
1220	-0.864442	134.109119	0.004195	17.4
1221	-0.000000	134.048243	0.000000	16.9
1222	-0.943293	133.987441	0.003923	14.4
1223	-0.954217	133.926713	0.003687	13.8
1224	-1.032729	133.866057	0.004320	14.5
1225	-0.406548	133.805475	0.002912	14.8
1226	-0.175854	133.744966	0.001766	13.7
1227	-0.000000	133.684530	0.000000	15.2
1228	-0.009696	133.624167	0.000602	12.1
1229	-0.046664	133.563877	0.001875	11.9
1230	-0.850839	133.503658	0.003632	15.3
1231	-0.007934	133.443513	0.000141	11.2
1232	-0.331023	133.383439	0.001979	13.2
1233	-1.051386	133.323437	0.006617	20.2
1234	-0.663716	133.263508	0.003650	14.0
1235	-0.089648	133.203650	0.002355	19.4
1236	-0.000000	133.143864	0.000000	12.0
1237	-0.309962	133.084149	0.003473	17.4
1238	-0.131250	133.024506	0.001345	10.9
1239	-0.733073	132.964934	0.004227	13.9
1240	-0.939524	132.905433	0.003408	16.4
1241	-0.585372	132.846003	0.003152	15.1
1242	-0.000000	132.786643	0.000000	11.4
1243	-0.156393	132.727355	0.002703	13.0
1244	-0.261314	132.668137	0.002080	11.6
1245	-0.620782	132.608989	0.003761	13.1
1246	-0.848263	132.549912	0.005732	13.9
1247	-0.340739	132.490904	0.003406	13.0
1248	-0.647144	132.431967	0.002963	19.9
1249	-0.000000	132.373100	0.000000	13.4
1250	-0.939059	132.314302	0.003933	14.0
1251	-0.710892	132.255574	0.003779	12.2
1252	-0.005327	132.196916	0.001636	16.2
1253	-0.831677	132.138326	0.003840	12.1
1254	-1.069390	132.079806	0.006184	11.0
1255	-0.155126	132.021355	0.001715	22.4
1256	-0.096827	131.962973	0.001031	12.8
1257	-0.105743	131.904660	0.002235	11.0
1258	-0.721942	131.846415	0.002938	12.4
1259	-0.867074	131.788239	0.003976	14.2
1260	-1.139731	131.730131	0.004849	15.1
1261	-0.150666	131.672092	0.001538	16.2
1262	-0.581312	131.614121	0.003365	12.5
1263	-0.958923	131.556217	0.004724	12.0
1264	-0.082643	131.498382	0.002072	13.0
1265	-0.011683	131.440614	0.002034	12.2
1266	-1.122547	131.382914	0.004760	12.5
1267	-0.056133	131.325282	0.003158	14.8
1268	-0.180420	131.267717	0.002534	27.8
1269	-0.986345	131.210219	0.004634	11.2
1270	-0.829468	131.152788	0.003565	11.4
1271	-0.340044	131.095424	0.002976	13.1
1272	-0.030715	131.038127	0.000179	13.5
1273	-0.004341	130.980897	0.000060	12.5
1274	-0.534270	130.923733	0.003502	15.6
1275	-0.938504	130.866636	0.003662	13.5
1276	-0.000005	130.809605	0.000006	12.0
1277	-0.251187	130.752641	0.002685	13.1
1278	-0.465644	130.695742	0.003017	11.4
1279	-0.000000	130.638910	0.000000	20.9
1280	-1.168168	130.582143	0.005771	11.2
1281	-1.153360	130.525442	0.004584	14.4
1282	-0.306594	130.468807	0.002145	11.5
1283	-0.947411	130.412237	0.005072	11.9
1284	-0.001944	130.355733	0.001558	12.0
1285	-0.000000	130.299294	0.000000	11.3
1286	-0.725740	130.242920	0.005585	11.7
1287	-1.032987	130.186611	0.004707	12.9
1288	-0.000000	130.130366	0.000000	11.7
1289	-0.242508	130.074187	0.003605	11.9
1290	-0.000000	130.018072	0.000000	12.0
1291	-0.540809	129.962022	0.003396	12.1
1292	-0.137291	129.906036	0.002145	12.2
1293	-0.000000	129.850114	0.000000	11.3
1294	-0.338524	129.794257	0.002595	24.5
1295	-0.202617	129.738463	0.001716	10.8
1296	-0.900331	129.682734	0.004589	11.9
1297	-0.000000	129.627068	0.000000	11.8
1298	-0.585543	129.571466	0.003473	12.9
1299	-1.079088	129.515927	0.004226	11.6
1300	-0.000000	129.460452	0.000000	12.5
1301	-0.127313	129.405040	0.001781	12.0
1302	-1.066366	129.349692	0.006085	12.4
1303	-0.301945	129.294406	0.002323	14.5
1304	-1.074912	129.239183	0.005438	15.8
1305	-0.287415	129.184024	0.001926	13.2
1306	-0.000000	129.128927	0.000000	14.4
1307	-0.000000	129.073892	0.000000	13.1
1308	-1.130149	129.018921	0.005005	12.9
1309	-0.891741	128.964011	0.004142	14.2
1310	-0.000000	128.909164	0.000000	19.1
1311	-0.453334	128.854379	0.003122	12.6
1312	-0.001068	128.799656	0.000735	13.6
1313	-0.000000	128.744995	0.000000	11.2
1314	-0.000000	128.690396	0.000000	11.8
1315	-0.718914	128.635858	0.003925	20.1
1316	-0.236204	128.581382	0.002195	12.1
1317	-1.159803	128.526968	0.005854	12.9
1318	-1.047844	128.472615	0.004511	11.4
1319	-0.000000	128.418323	0.000000	12.6
1320	-0.738640	128.364092	0.004508	14.8
1321	-1.116102	128.309922	0.004457	13.7
1322	-0.000000	128.255814	0.000000	10.5
1323	-0.824621	128.201766	0.004114	12.2
1324	-0.000000	128.147778	0.000000	12.1
1325	-1.108095	128.093852	0.004471	13.7
1326	-0.999153	128.039985	0.005672	15.7
1327	-0.066411	127.986180	0.001988	13.0
1328	-0.769876	127.932434	0.006567	13.0
1329	-0.677822	127.878749	0.003376	12.1
1330	-0.075647	127.825123	0.002302	11.3
1331	-0.000000	127.771558	0.000000	17.6
1332	-0.000000	127.718052	0.000000	12.0
1333	-0.002121	127.664606	0.001031	19.5
1334	-0.214388	127.611220	0.002364	11.4
1335	-0.879875	127.557893	0.003921	14.2
1336	-1.117999	127.504625	0.004773	14.2
1337	-0.000000	127.451417	0.000000	11.4
1338	-0.125478	127.398268	0.002158	12.5
1339	-0.989385	127.345178	0.004059	11.3
1340	-0.000000	127.292147	0.000000	13.1
1341	-0.631441	127.239175	0.003240	12.8
1342	-0.650242	127.186261	0.003247	13.3
1343	-1.122119	127.133407	0.005006	14.0
1344	-0.000000	127.080610	0.000000	12.1
1345	-0.827126	127.027872	0.005471	11.4
1346	-0.116380	126.975193	0.002006	13.7
1347	-1.145208	126.922572	0.005023	13.5
1348	-0.748206	126.870008	0.003930	22.4
1349	-0.294561	126.817503	0.002211	13.7
1350	-0.945859	126.765056	0.003529	13.3
1351	-0.377079	126.712667	0.003768	17.3
1352	-1.165938	126.660335	0.006446	13.6
1353	-0.906062	126.608061	0.003796	13.0
1354	-0.626322	126.555844	0.003680	11.8
1355	-0.000000	126.503685	0.000000	11.8
1356	-0.000000	126.451583	0.000000	11.9
1357	-1.066321	126.399538	0.004585	12.3
1358	-0.000000	126.347550	0.000000	11.1
1359	-0.763503	126.295619	0.004694	13.0
1360	-1.152881	126.243745	0.006229	12.1
1361	-0.000000	126.191928	0.000000	12.2
1362	-0.000000	126.140168	0.000000	11.9
1363	-1.217781	126.088464	0.006215	12.3
1364	-1.184704	126.036817	0.006228	13.0
1365	-0.000000	125.985226	0.000000	12.8
1366	-0.218556	125.933691	0.002322	11.3
1367	-0.394139	125.882212	0.003152	12.9
1368	-0.000000	125.830790	0.000000	11.4
1369	-0.782045	125.779423	0.003431	12.9
1370	-0.000000	125.728113	0.000000	16.3
1371	-0.173777	125.676858	0.002356	12.7
1372	-1.026998	125.625659	0.004433	11.0
1373	-0.183125	125.574515	0.001803	14.5
1374	-0.946839	125.523427	0.004343	11.2
1375	-0.228787	125.472394	0.001360	11.9
1376	-0.917961	125.421417	0.003731	12.8
1377	-0.608396	125.370495	0.003728	12.2
1378	-0.914205	125.319628	0.004837	15.0
1379	-0.000000	125.268815	0.000000	12.5
1380	-0.704674	125.218058	0.003664	12.3
1381	-0.260494	125.167356	0.002220	18.4
1382	-0.486677	125.116708	0.002807	12.0
1383	-0.905546	125.066115	0.003534	12.8
1384	-0.038104	125.015576	0.001017	14.4
1385	-0.034944	124.965092	0.000630	10.8
1386	-1.064550	124.914662	0.004567	13.2
1387	-0.328252	124.864287	0.003376	11.9
1388	-0.474950	124.813965	0.003513	12.0
1389	-0.193888	124.763698	0.002572	12.1
1390	-0.090846	124.713485	0.002209	12.5
1391	-1.078101	124.663325	0.004331	12.1
1392	-0.000000	124.613219	0.000000	13.3
1393	-0.676552	124.563167	0.004430	17.2
1394	-0.022723	124.513168	0.000558	13.9
1395	-0.861298	124.463223	0.005208	12.4
1396	-0.145775	124.413332	0.001900	19.1
1397	-0.000000	124.363493	0.000000	11.7
1398	-1.012841	124.313708	0.004825	11.9
1399	-0.141526	124.263976	0.002078	13.5
1400	-0.000000	124.214297	0.000000	14.4
1401	-0.156724	124.164671	0.001410	13.7
1402	-1.138210	124.115097	0.004491	12.4
1403	-0.084277	124.065577	0.002050	12.8
1404	-0.000000	124.016109	0.000000	11.1
1405	-0.000000	123.966693	0.000000	14.3
1406	-0.309030	123.917330	0.002328	13.0
1407	-1.007768	123.868020	0.004094	14.6
1408	-0.227998	123.818762	0.002322	14.7
1409	-1.086959	123.769556	0.003998	12.5
1410	-0.023200	123.720402	0.001628	13.0
1411	-0.928641	123.671300	0.005585	11.7
1412	-0.821128	123.622250	0.005031	13.7
1413	-0.000000	123.573252	0.000000	13.8
1414	-0.000000	123.524305	0.000000	11.8
1415	-0.000000	123.475411	0.000000	13.1
1416	-0.011123	123.426568	0.001238	12.9
1417	-1.141082	123.377776	0.006617	13.3
1418	-0.007150	123.329036	0.001137	11.6
1419	-0.647328	123.280347	0.004566	11.7
1420	-0.202322	123.231709	0.001847	26.0
1421	-0.070104	123.183122	0.002892	11.0
1422	-0.000000	123.134587	0.000000	13.7
1423	-0.000000	123.086102	0.000000	12.0
1424	-0.000000	123.037669	0.000000	13.0
1425	-0.776390	122.989286	0.003266	13.0
1426	-1.034890	122.940954	0.004865	11.7
1427	-0.491656	122.892672	0.002252	17.5
1428	-0.000000	122.844441	0.000000	11.2
1429	-0.008146	122.796261	0.000253	13.4
1430	-0.000000	122.748130	0.000001	11.9
1431	-0.043803	122.700050	0.000613	12.4
1432	-0.921516	122.652021	0.004608	13.2
1433	-0.000000	122.604041	0.000000	11.6
1434	-0.022180	122.556111	0.001915	15.9
1435	-0.935929	122.508232	0.004003	13.3
1436	-0.043388	122.460402	0.001038	15.7
1437	-0.325273	122.412622	0.002180	11.9
1438	-0.000000	122.364891	0.000000	12.1
1439	-0.871650	122.317210	0.005766	10.8
1440	-0.004339	122.269579	0.000056	12.7
1441	-0.157494	122.221997	0.001683	17.6
1442	-0.545096	122.174465	0.002685	13.1
1443	-0.003423	122.126981	0.002008	11.5
1444	-1.115494	122.079547	0.004902	12.5
1445	-0.487256	122.032162	0.003383	12.1
1446	-0.610083	121.984826	0.002732	12.2
1447	-0.704093	121.937539	0.005770	15.5
1448	-0.000000	121.890301	0.000000	14.2
1449	-0.000000	121.843112	0.000000	11.8
1450	-0.254387	121.795971	0.002252	11.7
1451	-0.679403	121.748879	0.003064	14.0
1452	-0.010212	121.701835	0.001036	11.5
1453	-0.584207	121.654840	0.003681	12.0
1454	-0.107261	121.607893	0.002295	11.8
1455	-0.000000	121.560994	0.000000	12.6
1456	-0.000000	121.514144	0.000000	13.2
1457	-0.296494	121.467342	0.002967	11.7
1458	-0.497142	121.420588	0.003168	12.9
1459	-0.749036	121.373882	0.006144	12.0
1460	-0.993397	121.327223	0.004103	12.9
1461	-0.666005	121.280613	0.003045	11.0
1462	-0.051836	121.234050	0.001218	13.7
1463	-1.076312	121.187535	0.004183	15.2
1464	-0.000000	121.141067	0.000000	13.7
1465	-1.070664	121.094647	0.005452	12.3
1466	-0.262637	121.048274	0.003291	11.7
1467	-0.637284	121.001949	0.003337	11.7
1468	-0.787639	120.955671	0.003722	12.2
1469	-1.038345	120.909440	0.004124	12.3
1470	-0.000000	120.863256	0.000000	12.0
1471	-0.000000	120.817119	0.000000	13.3
1472	-0.723041	120.771029	0.004968	11.4
1473	-0.913525	120.724986	0.003405	13.4
1474	-0.164298	120.678990	0.002212	13.8
1475	-0.000000	120.633040	0.000000	12.5
1476	-0.864102	120.587137	0.004319	11.8
1477	-0.378331	120.541281	0.003038	12.6
1478	-0.437321	120.495471	0.003040	17.2
1479	-0.924643	120.449707	0.003755	11.5
1480	-0.000000	120.403990	0.000000	14.4
1481	-0.213627	120.358319	0.003196	11.8
1482	-0.937762	120.312694	0.004970	11.5
1483	-0.000000	120.267115	0.000000	12.7
1484	-0.030789	120.221582	0.002320	11.1
1485	-0.077688	120.176096	0.002529	11.8
1486	-0.000000	120.130655	0.000000	13.0
1487	-0.496274	120.085260	0.002626	11.9
1488	-0.000000	120.039910	0.000000	11.7
1489	-1.150478	119.994606	0.003888	12.3
1490	-0.821597	119.949348	0.004733	11.7
1491	-0.000000	119.904135	0.000000	11.7
1492	-0.886501	119.858968	0.003717	14.1
1493	-0.012123	119.813846	0.000735	11.0
1494	-0.372560	119.768769	0.002997	12.0
1495	-0.919211	119.723738	0.003839	14.0
1496	-0.000000	119.678752	0.000000	23.0
1497	-0.759152	119.633810	0.005462	10.8
1498	-0.135193	119.588914	0.002275	14.5
1499	-0.923378	119.544062	0.004194	13.9
1500	-1.143890	119.499256	0.004910	12.0
1501	-0.454390	119.454494	0.002969	11.8
1502	-0.000000	119.409777	0.000000	10.7
1503	-0.956901	119.365104	0.005353	11.9
1504	-0.710244	119.320476	0.003199	13.7
1505	-0.921922	119.275893	0.004528	11.2
1506	-0.270403	119.231353	0.003911	12.1
1507	-0.630904	119.186859	0.003259	12.2
1508	-0.102002	119.142408	0.002891	18.1
1509	-0.000000	119.098002	0.000000	10.9
1510	-0.000000	119.053639	0.000000	12.1
1511	-0.000000	119.009321	0.000000	13.2
1512	-0.373330	118.965047	0.002516	12.6
1513	-0.017937	118.920816	0.001660	12.3
1514	-0.156900	118.876630	0.001528	12.6
1515	-1.090459	118.832487	0.004588	11.5
1516	-0.047918	118.788388	0.002919	14.3
1517	-0.000032	118.744332	0.000027	12.8
1518	-0.557770	118.700320	0.003221	12.1
1519	-0.243193	118.656352	0.001905	12.9
1520	-0.007840	118.612427	0.000295	11.7
1521	-0.000000	118.568545	0.000000	14.5
1522	-0.458071	118.524706	0.002315	13.5
1523	-0.132565	118.480911	0.002425	12.1
1524	-1.023718	118.437159	0.004034	15.4
1525	-0.302008	118.393450	0.002484	13.3
1526	-0.000000	118.349784	0.000000	11.0
1527	-0.693814	118.306160	0.004864	12.2
1528	-0.242010	118.262580	0.002691	12.9
1529	-0.959091	118.219042	0.004306	12.7
1530	-0.000000	118.175548	0.000000	11.8
1531	-1.103883	118.132095	0.004245	15.8
1532	-0.164000	118.088686	0.002501	10.9
1533	-0.601779	118.045319	0.002871	13.7
1534	-0.904972	118.001994	0.004577	12.6
1535	-0.000000	117.958712	0.000000	13.5
1536	-1.158570	117.915472	0.004078	11.9
1537	-0.939982	117.872274	0.004636	11.3
1538	-0.836263	117.829118	0.005721	12.5
1539	-0.508598	117.786005	0.002972	15.8
1540	-0.844543	117.742933	0.004534	12.7
1541	-0.000000	117.699904	0.000000	12.4
1542	-0.951692	117.656916	0.004454	14.2
1543	-1.102270	117.613971	0.004952	11.9
1544	-0.382216	117.571067	0.001905	13.0
1545	-0.000000	117.528205	0.000000	14.1
1546	-0.856355	117.485384	0.003807	14.4
1547	-1.150306	117.442605	0.005395	14.5
1548	-0.000000	117.399867	0.000000	11.5
1549	-1.007115	117.357171	0.004041	12.5
1550	-0.218764	117.314517	0.001707	12.3
1551	-0.106617	117.271903	0.002018	11.1
1552	-0.926426	117.229331	0.003577	12.1
1553	-0.192221	117.186800	0.002499	13.2
1554	-1.009094	117.144311	0.005695	12.1
1555	-0.082922	117.101862	0.002086	11.9
1556	-0.000000	117.059454	0.000000	14.4
1557	-0.114413	117.017087	0.001996	16.9
1558	-0.118865	116.974762	0.000981	13.3
1559	-0.820297	116.932476	0.005227	12.8
1560	-0.390453	116.890232	0.002884	13.4
1561	-0.000000	116.848028	0.000000	12.3
1562	-0.051613	116.805865	0.001650	11.1
1563	-0.108128	116.763743	0.002157	12.6
1564	-0.808490	116.721661	0.003360	12.7
1565	-0.014739	116.679619	0.001566	18.7
1566	-1.111788	116.637618	0.006268	14.4
1567	-0.277981	116.595657	0.002055	16.5
1568	-0.223783	116.553736	0.002381	12.7
1569	-0.082213	116.511855	0.000773	11.7
1570	-1.104258	116.470015	0.005811	11.5
1571	-0.589880	116.428214	0.003314	14.5
1572	-0.286093	116.386454	0.002638	11.6
1573	-1.004880	116.344733	0.004016	12.7
1574	-0.000000	116.303052	0.000000	12.3
1575	-0.000000	116.261412	0.000000	12.2
1576	-0.000000	116.219810	0.000000	12.6
1577	-0.506119	116.178249	0.002315	14.6
1578	-1.017705	116.136727	0.003762	14.0
1579	-0.502084	116.095245	0.002939	12.9
1580	-1.028370	116.053802	0.004607	12.7
1581	-0.839863	116.012398	0.003460	12.0
1582	-1.009659	115.971034	0.003969	14.6
1583	-0.000884	115.929710	0.000438	12.2
1584	-0.000000	115.888424	0.000000	13.3
1585	-0.052420	115.847178	0.001669	13.2
1586	-1.112065	115.805970	0.004800	12.1
1587	-0.000000	115.764802	0.000000	12.2
1588	-0.845349	115.723673	0.004995	24.3
1589	-0.417512	115.682583	0.002627	12.5
1590	-0.000000	115.641532	0.000000	14.2
1591	-0.000000	115.600519	0.000000	11.2
1592	-0.466061	115.559546	0.002510	11.3
1593	-0.892199	115.518610	0.005008	13.4
1594	-0.085708	115.477714	0.000881	14.8
1595	-0.311126	115.436856	0.001945	11.7
1596	-0.203123	115.396037	0.002599	12.1
1597	-1.001723	115.355256	0.004324	11.2
1598	-1.170236	115.314514	0.005603	13.1
1599	-0.062174	115.273810	0.001538	13.9
1600	-0.848868	115.233144	0.003785	12.2
1601	-0.832562	115.192517	0.003537	12.0
1602	-1.023211	115.151927	0.004128	13.1
1603	-0.111297	115.111376	0.001787	11.5
1604	-0.000000	115.070863	0.000000	12.2
1605	-0.951579	115.030388	0.004028	12.3
1606	-0.659330	114.989951	0.003308	13.6
1607	-0.053565	114.949551	0.001863	14.6
1608	-0.000000	114.909190	0.000000	11.5
1609	-0.754590	114.868866	0.004952	14.8
1610	-0.875951	114.828580	0.005178	14.9
1611	-0.000000	114.788332	0.000000	13.1
1612	-0.000000	114.748121	0.000000	15.2
1613	-0.740904	114.707948	0.003418	16.3
1614	-0.517976	114.667812	0.004096	13.2
1615	-0.696071	114.627714	0.003570	12.9
1616	-0.232991	114.587653	0.001989	12.4
1617	-0.887120	114.547629	0.003539	11.7
1618	-1.020580	114.507643	0.004271	12.9
1619	-0.868773	114.467693	0.006126	12.3
1620	-0.585835	114.427781	0.002968	13.2
1621	-0.606959	114.387907	0.003403	12.3
1622	-1.048176	114.348069	0.004578	12.2
1623	-1.213069	114.308268	0.005211	13.0
1624	-0.295633	114.268504	0.002286	12.6
1625	-0.677684	114.228777	0.002664	11.5
1626	-1.119129	114.189086	0.004559	13.4
1627	-0.915011	114.149433	0.004287	12.3
1628	-0.483670	114.109816	0.002794	12.0
1629	-0.820547	114.070235	0.005363	12.7
1630	-0.501417	114.030692	0.002915	11.3
1631	-0.830750	113.991185	0.003367	13.3
1632	-1.095826	113.951714	0.004999	12.4
1633	-0.635828	113.912280	0.004912	11.9
1634	-0.000000	113.872882	0.000000	15.0
1635	-0.038850	113.833521	0.001516	21.6
1636	-1.099743	113.794195	0.004697	11.3
1637	-0.034361	113.754906	0.001470	14.9
1638	-0.198102	113.715653	0.002043	16.9
1639	-0.503669	113.676437	0.002983	11.9
1640	-1.061633	113.637256	0.004947	12.1
1641	-1.099627	113.598111	0.004613	14.9
1642	-0.592895	113.559002	0.003693	13.5
1643	-0.298867	113.519929	0.002536	11.0
1644	-0.679475	113.480892	0.003563	12.4
1645	-0.295275	113.441891	0.003545	11.9
1646	-0.000000	113.402925	0.000000	11.8
1647	-0.153780	113.363995	0.001652	12.7
1648	-0.569125	113.325101	0.002346	11.3
1649	-0.471605	113.286242	0.003467	14.2
1650	-0.894099	113.247419	0.005447	15.5
1651	-0.000000	113.208631	0.000000	14.6
1652	-0.825564	113.169879	0.003657	15.0
1653	-0.110902	113.131162	0.001569	12.3
1654	-0.000000	113.092480	0.000000	13.5
1655	-0.903316	113.053833	0.004906	11.9
1656	-0.234775	113.015222	0.002243	17.0
1657	-0.000000	112.976646	0.000000	11.3
1658	-0.923659	112.938105	0.004660	23.0
1659	-0.121397	112.899599	0.002080	12.7
1660	-0.136061	112.861128	0.001572	11.4
1661	-0.587696	112.822692	0.003428	13.9
1662	-0.000000	112.784291	0.000000	13.9
1663	-1.194527	112.745924	0.005783	11.9
1664	-0.005000	112.707593	0.000563	12.0
1665	-0.910599	112.669296	0.003982	12.2
1666	-1.135347	112.631034	0.004482	12.9
1667	-0.000000	112.592806	0.000000	12.7
1668	-1.077563	112.554613	0.004460	11.4
1669	-0.125087	112.516455	0.002639	11.0
1670	-0.000000	112.478331	0.000000	11.8
1671	-1.139411	112.440241	0.005434	14.1
1672	-0.759091	112.402186	0.005107	12.0
1673	-0.839224	112.364165	0.004963	12.4
1674	-1.040644	112.326179	0.004119	12.7
1675	-0.655435	112.288227	0.003828	12.1
1676	-0.878543	112.250309	0.005165	13.6
1677	-0.666996	112.212425	0.003486	14.6
1678	-0.050652	112.174575	0.000705	11.9
1679	-0.030891	112.136759	0.000348	12.8
1680	-0.257861	112.098977	0.003001	22.9
1681	-0.324441	112.061229	0.002595	12.1
1682	-0.134864	112.023515	0.001847	11.4
1683	-1.059681	111.985834	0.006178	13.0
1684	-1.012942	111.948188	0.005015	11.7
1685	-0.773776	111.910575	0.003377	14.2
1686	-0.000000	111.872996	0.000000	13.5
1687	-0.142052	111.835450	0.000984	12.0
1688	-1.102249	111.797939	0.005180	12.0
1689	-0.825424	111.760460	0.003487	13.1
1690	-1.014524	111.723015	0.004678	11.9
1691	-0.867809	111.685604	0.004245	14.4
1692	-0.000000	111.648226	0.000000	12.8
1693	-0.000000	111.610881	0.000000	12.2
1694	-0.742135	111.573570	0.004014	25.3
1695	-1.042216	111.536292	0.004892	11.1
1696	-0.021900	111.499047	0.000589	11.5
1697	-0.244980	111.461835	0.002608	13.7
1698	-0.000000	111.424656	0.000000	11.8
1699	-0.990559	111.387510	0.003832	12.2
1700	-1.018202	111.350398	0.004036	12.0
1701	-1.094886	111.313318	0.008838	12.5
1702	-0.006658	111.276271	0.001209	13.9
1703	-0.275821	111.239257	0.003280	10.8
1704	-0.029898	111.202276	0.001268	11.4
1705	-0.801530	111.165328	0.004200	22.5
1706	-0.000000	111.128412	0.000000	11.2
1707	-0.000000	111.091529	0.000000	12.5
1708	-0.000000	111.054679	0.000000	12.4
1709	-0.959163	111.017861	0.005523	11.4
1710	-1.128140	110.981076	0.005208	11.5
1711	-0.000000	110.944323	0.000000	12.5
1712	-0.000000	110.907603	0.000000	11.7
1713	-0.998227	110.870915	0.004385	11.8
1714	-0.729619	110.834259	0.004548	14.3
1715	-0.002818	110.797636	0.001063	20.7
1716	-0.699610	110.761045	0.003211	11.6
1717	-0.809130	110.724486	0.003359	13.2
1718	-0.901579	110.687959	0.006002	11.8
1719	-0.776320	110.651465	0.003218	13.8
1720	-0.004293	110.615002	0.000012	17.7
1721	-0.557376	110.578572	0.002994	20.3
1722	-0.000000	110.542173	0.000000	11.0
1723	-0.000000	110.505807	0.000000	12.7
1724	-0.605790	110.469472	0.003211	12.9
1725	-0.011386	110.433169	0.000970	11.4
1726	-0.089421	110.396898	0.002932	12.7
1727	-0.725720	110.360659	0.004659	17.5
1728	-0.792950	110.324451	0.003295	14.1
1729	-1.095672	110.288276	0.004278	14.2
1730	-1.077715	110.252131	0.004978	11.3
1731	-1.057432	110.216019	0.004106	15.6
1732	-0.543449	110.179937	0.003853	11.5
1733	-1.208359	110.143888	0.006337	12.8
1734	-0.841645	110.107869	0.004023	14.9
1735	-0.000000	110.071882	0.000000	12.8
1736	-0.948853	110.035927	0.005661	14.2
1737	-1.088652	110.000003	0.004444	11.1
1738	-0.477462	109.964110	0.002522	12.9
1739	-0.229169	109.928248	0.002279	11.6
1740	-1.133110	109.892417	0.004418	13.3
1741	-0.722861	109.856618	0.003932	12.9
1742	-0.703661	109.820850	0.003396	15.1
1743	-0.938281	109.785112	0.005879	10.8
1744	-0.226721	109.749406	0.002774	14.1
1745	-0.000000	109.713730	0.000000	12.0
1746	-0.000000	109.678086	0.000000	11.8
1747	-0.000000	109.642472	0.000000	17.5
1748	-0.190321	109.606890	0.002464	18.8
1749	-0.458972	109.571337	0.002788	14.5
1750	-0.299818	109.535816	0.002929	13.9
1751	-0.345361	109.500326	0.002424	15.3
1752	-0.833397	109.464866	0.005681	17.3
1753	-0.000000	109.429436	0.000000	14.7
1754	-0.155763	109.394038	0.002502	14.8
1755	-1.034653	109.358669	0.004424	14.3
1756	-0.001914	109.323331	0.000906	18.0
1757	-0.268358	109.288024	0.003156	19.6
1758	-0.859613	109.252747	0.003849	16.3
1759	-0.050186	109.217501	0.001580	19.1
1760	-0.963045	109.182284	0.003984	15.7
1761	-0.000000	109.147098	0.000000	12.4
1762	-1.048928	109.111942	0.005066	19.3
1763	-1.220424	109.076817	0.004986	11.7
1764	-0.000000	109.041721	0.000000	16.2
1765	-0.887590	109.006656	0.004319	13.1
1766	-0.213692	108.971620	0.002285	14.6
1767	-0.000000	108.936615	0.000000	19.2
1768	-0.080099	108.901640	0.001366	16.9
1769	-0.941922	108.866694	0.005136	15.2
1770	-0.104652	108.831779	0.001879	16.3
1771	-0.604482	108.796893	0.003362	10.9
1772	-0.458874	108.762037	0.003010	12.7
1773	-0.220806	108.727211	0.001560	12.9
1774	-0.215931	108.692415	0.002210	13.8
1775	-0.000000	108.657648	0.000000	17.0
1776	-0.824171	108.622911	0.004779	16.8
1777	-0.008695	108.588203	0.001946	14.0
1778	-0.117722	108.553525	0.002596	11.7
1779	-0.000000	108.518877	0.000000	12.4
1780	-0.438095	108.484258	0.001924	12.1
1781	-0.159279	108.449668	0.002240	14.0
1782	-0.996544	108.415108	0.006117	11.9
1783	-0.166492	108.380578	0.001950	12.3
1784	-0.985143	108.346076	0.004890	12.6
1785	-0.000000	108.311604	0.000000	11.8
1786	-0.567283	108.277161	0.002876	11.5
1787	-0.797253	108.242747	0.003465	12.0
1788	-0.000000	108.208363	0.000000	12.7
1789	-0.895238	108.174007	0.004373	11.4
1790	-0.000000	108.139681	0.000000	14.5
1791	-0.915017	108.105383	0.005485	12.2
1792	-0.000000	108.071115	0.000000	11.3
1793	-0.699530	108.036875	0.003022	13.7
1794	-0.756958	108.002665	0.004331	12.9
1795	-0.367757	107.968483	0.002933	11.9
1796	-0.000000	107.934330	0.000000	12.0
1797	-0.000000	107.900206	0.000000	16.8
1798	-1.251916	107.866111	0.006660	13.5
1799	-1.053264	107.832044	0.004547	11.5
1800	-0.697799	107.798007	0.003172	10.7
1801	-0.000000	107.763997	0.000000	11.5
1802	-0.000000	107.730017	0.000000	13.5
1803	-0.800548	107.696065	0.003258	12.2
1804	-0.128851	107.662141	0.002511	11.0
1805	-0.393398	107.628246	0.003337	13.9
1806	-0.751163	107.594379	0.005098	13.2
1807	-0.365380	107.560541	0.002480	11.9
1808	-1.037643	107.526731	0.003917	17.8
1809	-0.000000	107.492949	0.000000	13.9
1810	-0.072238	107.459196	0.001756	12.5
1811	-0.000000	107.425471	0.000000	12.8
1812	-0.000000	107.391774	0.000000	11.9
1813	-0.064498	107.358106	0.000842	11.8
1814	-0.770608	107.324465	0.005465	11.6
1815	-0.175827	107.290853	0.002003	13.5
1816	-0.957743	107.257268	0.003899	18.0
1817	-0.007774	107.223712	0.000326	13.1
1818	-0.944089	107.190184	0.004486	12.5
1819	-0.105084	107.156683	0.002314	11.4
1820	-1.124885	107.123211	0.004742	11.7
1821	-0.571148	107.089766	0.003351	20.6
1822	-0.649680	107.056349	0.002561	10.5
1823	-0.184535	107.022960	0.002301	11.6
1824	-0.097506	106.989599	0.002013	12.9
1825	-0.038005	106.956265	0.001583	12.7
1826	-0.803247	106.922960	0.004394	12.2
1827	-0.652296	106.889681	0.004463	13.9
1828	-0.400855	106.856431	0.003209	12.0
1829	-0.465866	106.823208	0.002469	12.5
1830	-1.134224	106.790012	0.006150	11.2
1831	-0.924791	106.756844	0.006375	12.1
1832	-0.837033	106.723703	0.003980	11.6
1833	-0.772459	106.690590	0.003194	13.5
1834	-0.274898	106.657505	0.002476	13.1
1835	-0.360200	106.624446	0.002590	17.7
1836	-0.000158	106.591415	0.000173	13.6
1837	-0.837051	106.558411	0.005335	13.4
1838	-0.000000	106.525435	0.000000	12.1
1839	-0.000000	106.492485	0.000000	11.2
1840	-0.393685	106.459563	0.003386	22.9
1841	-1.095785	106.426668	0.006857	11.6
1842	-0.459262	106.393800	0.003467	17.4
1843	-0.744311	106.360959	0.003502	11.0
1844	-0.823493	106.328145	0.004440	12.6
1845	-0.775298	106.295358	0.004301	13.9
1846	-0.505472	106.262598	0.002636	16.3
1847	-1.024287	106.229865	0.005195	11.8
1848	-0.000000	106.197158	0.000000	12.1
1849	-0.000007	106.164479	0.000011	11.6
1850	-0.346763	106.131826	0.002796	10.6
1851	-0.145417	106.099201	0.002633	11.7
1852	-1.242842	106.066602	0.005882	13.4
1853	-0.743857	106.034029	0.003208	11.7
1854	-0.896710	106.001483	0.005903	11.8
1855	-0.744946	105.968964	0.003648	13.9
1856	-0.167698	105.936472	0.001764	13.9
1857	-0.000000	105.904006	0.000000	12.9
1858	-0.973698	105.871566	0.004491	14.5
1859	-0.113838	105.839153	0.002496	12.7
1860	-0.132494	105.806767	0.002182	11.6
1861	-0.003549	105.774407	0.001296	19.1
1862	-0.914172	105.742073	0.004752	10.6
1863	-0.000000	105.709766	0.000000	12.2
1864	-0.000380	105.677485	0.000282	12.1
1865	-0.327757	105.645230	0.002613	13.8
1866	-0.088531	105.613001	0.001764	13.9
1867	-0.019763	105.580799	0.001313	13.0
1868	-0.082354	105.548623	0.001563	12.6
1869	-0.000000	105.516473	0.000000	11.9
1870	-0.500242	105.484349	0.003857	11.9
1871	-0.398722	105.452251	0.003205	11.6
1872	-0.117283	105.420179	0.002112	12.3
1873	-0.441102	105.388133	0.002819	12.7
1874	-1.050146	105.356113	0.004867	11.4
1875	-0.000000	105.324119	0.000000	11.3
1876	-0.000000	105.292151	0.000000	17.4
1877	-0.000000	105.260209	0.000000	13.2
1878	-0.023417	105.228293	0.001764	13.0
1879	-0.029996	105.196402	0.001836	12.5
1880	-0.841414	105.164537	0.004603	11.8
1881	-0.579096	105.132698	0.003999	13.4
1882	-1.061891	105.100885	0.004660	11.9
1883	-0.654959	105.069097	0.003470	11.6
1884	-0.511239	105.037335	0.002946	12.3
1885	-0.975805	105.005598	0.003438	25.0
1886	-0.599981	104.973887	0.003418	11.3
1887	-1.014699	104.942202	0.004234	13.9
1888	-0.000000	104.910542	0.000000	11.1
1889	-0.722172	104.878907	0.005086	12.5
1890	-0.014457	104.847298	0.000563	13.3
1891	-0.291260	104.815715	0.001953	11.9
1892	-0.000000	104.784156	0.000000	12.3
1893	-0.535786	104.752623	0.003840	12.7
1894	-0.000000	104.721116	0.000000	12.2
1895	-0.000000	104.689633	0.000000	13.6
1896	-0.689820	104.658176	0.005127	13.9
1897	-1.055246	104.626744	0.004099	11.7
1898	-0.103863	104.595337	0.001840	17.6
1899	-0.815488	104.563955	0.005180	12.0
1900	-1.082100	104.532599	0.004861	11.3
1901	-0.631651	104.501267	0.003128	14.4
1902	-0.780843	104.469960	0.004244	11.4
1903	-0.696596	104.438679	0.004464	14.0
1904	-1.171047	104.407422	0.005677	11.9
1905	-0.928593	104.376191	0.004029	12.1
1906	-0.561749	104.344984	0.002683	11.2
1907	-0.079156	104.313802	0.001160	13.5
1908	-0.883358	104.282645	0.003161	16.1
1909	-0.163615	104.251513	0.001725	13.6
1910	-0.000000	104.220405	0.000000	12.9
1911	-0.000000	104.189323	0.000000	12.3
1912	-0.076860	104.158265	0.001041	16.1
1913	-0.000000	104.127231	0.000000	12.6
1914	-0.000000	104.096222	0.000000	12.2
1915	-0.000000	104.065238	0.000000	13.8
1916	-0.808033	104.034279	0.005303	12.7
1917	-1.058494	104.003344	0.004735	12.0
1918	-0.004417	103.972433	0.001665	12.3
1919	-0.459750	103.941547	0.002787	11.8
1920	-0.032219	103.910686	0.000797	13.0
1921	-0.000000	103.879849	0.000000	12.5
1922	-0.711336	103.849036	0.004862	12.5
1923	-1.099168	103.818248	0.004581	12.0
1924	-0.451865	103.787484	0.003118	11.2
1925	-1.237202	103.756744	0.007673	13.8
1926	-0.062662	103.726029	0.001517	12.3
1927	-0.000000	103.695338	0.000000	13.5
1928	-0.027907	103.664671	0.001076	13.0
1929	-0.098733	103.634028	0.001578	12.9
1930	-0.755444	103.603409	0.003377	12.2
1931	-0.911753	103.572814	0.004099	12.6
1932	-0.282423	103.542244	0.002261	12.4
1933	-0.000000	103.511698	0.000000	12.4
1934	-0.000000	103.481175	0.000000	13.2
1935	-0.026429	103.450677	0.000870	11.6
1936	-0.999177	103.420202	0.003856	21.2
1937	-0.000000	103.389752	0.000000	9.8
1938	-0.922869	103.359325	0.005593	14.1
1939	-0.000000	103.328922	0.000000	14.4
1940	-0.256532	103.298543	0.001749	13.1
1941	-1.042426	103.268188	0.004060	11.7
1942	-0.985090	103.237857	0.004571	12.3
1943	-0.007192	103.207549	0.000671	12.0
1944	-0.740697	103.177265	0.003709	13.0
1945	-0.000000	103.147005	0.000000	13.0
1946	-0.661617	103.116768	0.003152	22.8
1947	-0.000000	103.086556	0.000000	11.5
1948	-0.000000	103.056366	0.000000	17.1
1949	-0.000000	103.026200	0.000000	12.0
1950	-0.000000	102.996058	0.000000	12.1
1951	-0.861784	102.965939	0.004267	12.9
1952	-0.623487	102.935844	0.003741	11.7
1953	-0.000000	102.905772	0.000000	13.4
1954	-0.000000	102.875724	0.000000	14.3
1955	-0.877533	102.845699	0.003841	15.0
1956	-0.000000	102.815697	0.000000	13.7
1957	-0.858925	102.785719	0.005724	12.7
1958	-1.000347	102.755764	0.004666	13.7
1959	-0.000000	102.725832	0.000000	12.1
1960	-0.841606	102.695924	0.004399	11.7
1961	-0.000000	102.666038	0.000000	13.5
1962	-0.989424	102.636176	0.003891	12.5
1963	-0.524860	102.606337	0.003685	14.2
1964	-0.664652	102.576521	0.003123	13.4
1965	-0.000000	102.546728	0.000000	12.3
1966	-0.666034	102.516959	0.003408	16.0
1967	-0.647008	102.487212	0.004256	18.0
1968	-0.013477	102.457488	0.001119	11.0
1969	-0.217671	102.427788	0.002223	12.6
1970	-0.149909	102.398110	0.002077	16.1
1971	-0.000000	102.368455	0.000000	13.4
1972	-1.102442	102.338823	0.004612	11.6
1973	-1.055809	102.309214	0.005570	12.5
1974	-0.779515	102.279628	0.003425	12.7
1975	-0.428619	102.250064	0.002560	11.9
1976	-1.219318	102.220524	0.005944	16.7
1977	-0.000000	102.191006	0.000000	11.3
1978	-0.021596	102.161511	0.001282	11.8
1979	-0.260720	102.132038	0.002586	12.0
1980	-0.000000	102.102588	0.000000	11.7
1981	-0.819154	102.073161	0.003734	13.8
1982	-0.084412	102.043757	0.001191	12.5
1983	-0.822694	102.014375	0.004506	16.1
1984	-0.000000	101.985015	0.000000	12.4
1985	-0.552264	101.955678	0.002695	12.1
1986	-0.954769	101.926364	0.005142	15.4
1987	-0.155252	101.897072	0.001830	11.8
1988	-0.000000	101.867802	0.000000	10.8
1989	-0.000000	101.838555	0.000000	10.9
1990	-0.227065	101.809330	0.003317	14.3
1991	-0.332805	101.780128	0.002255	12.7
1992	-1.175718	101.750948	0.005191	12.0
1993	-0.281427	101.721790	0.002546	12.4
1994	-0.043640	101.692654	0.000928	11.1
1995	-0.000000	101.663541	0.000000	13.7
1996	-1.249593	101.634450	0.006449	20.2
1997	-0.000000	101.605381	0.000000	11.7
1998	-0.000000	101.576335	0.000000	12.7
1999	-0.215988	101.547310	0.001950	12.3
