1:ItNr	2:Metric	3:StepSize	4:||Gradient||	Time[ms]
0	-0.365358	627.201626	0.003150	602.7
1	-0.311636	623.504937	0.003952	9.9
2	-0.000000	619.865785	0.000000	8.3
3	-0.017465	616.282728	0.000521	10.0
4	-0.069145	612.754375	0.001920	10.8
5	-1.120695	609.279381	0.007010	8.1
6	-1.022639	605.856447	0.009397	8.6
7	-0.000000	602.484317	0.000000	9.5
8	-0.301740	599.161779	0.003636	9.6
9	-0.965084	595.887656	0.006622	9.4
10	-0.129101	592.660813	0.005009	8.6
11	-0.000000	589.480151	0.000000	9.2
12	-1.190900	586.344606	0.008624	8.7
13	-0.000000	583.253145	0.000000	8.9
14	-0.000000	580.204771	0.000000	11.2
15	-0.997686	577.198517	0.007908	11.2
16	-0.942976	574.233444	0.007422	10.3
17	-0.913182	571.308645	0.005033	9.5
18	-0.944118	568.423237	0.008422	12.4
19	-0.000000	565.576365	0.000000	9.1
20	-0.000000	562.767201	0.000000	9.2
21	-0.000000	559.994938	0.000000	9.0
22	-0.953511	557.258797	0.005647	10.1
23	-0.051407	554.558018	0.000481	9.7
24	-0.170236	551.891865	0.003143	8.6
25	-0.990504	549.259621	0.008383	15.8
26	-0.023444	546.660592	0.001219	9.0
27	-1.146344	544.094102	0.006768	13.9
28	-0.203581	541.559494	0.003728	9.2
29	-1.097386	539.056129	0.007288	10.3
30	-1.148286	536.583387	0.008834	10.8
31	-0.820774	534.140663	0.011501	9.0
32	-0.956616	531.727370	0.008827	8.9
33	-1.031109	529.342935	0.010575	9.3
34	-0.394206	526.986802	0.004072	10.5
35	-1.155564	524.658430	0.008424	12.1
36	-0.000000	522.357290	0.000000	8.8
37	-1.049615	520.082868	0.006548	8.9
38	-0.770589	517.834665	0.006452	9.4
39	-1.165254	515.612193	0.007901	8.8
40	-0.158684	513.414976	0.002057	9.2
41	-1.169886	511.242551	0.007981	10.0
42	-1.132741	509.094468	0.007987	9.1
43	-0.000000	506.970285	0.000000	8.4
44	-1.155922	504.869574	0.008055	9.0
45	-0.328430	502.791916	0.003145	8.4
46	-0.000000	500.736903	0.000000	21.1
47	-0.000000	498.704137	0.000000	9.3
48	-0.872992	496.693228	0.008482	8.5
49	-1.084365	494.703798	0.007667	11.9
50	-0.000000	492.735476	0.000000	9.3
51	-1.034116	490.787900	0.007732	9.0
52	-1.106778	488.860718	0.007376	10.2
53	-0.000000	486.953585	0.000000	9.6
54	-0.936683	485.066164	0.006149	14.5
55	-0.000000	483.198126	0.000000	8.9
56	-1.075588	481.349149	0.007104	8.6
57	-0.871295	479.518920	0.011538	8.8
58	-0.712774	477.707132	0.005283	8.2
59	-0.004058	475.913485	0.000101	10.2
60	-1.274772	474.137684	0.008962	9.2
61	-0.551878	472.379445	0.006558	9.2
62	-1.152679	470.638485	0.007755	9.7
63	-0.133587	468.914531	0.001954	9.5
64	-0.112396	467.207315	0.001875	10.2
65	-1.077024	465.516573	0.006674	7.5
66	-0.002355	463.842050	0.000033	9.2
67	-0.469209	462.183494	0.004201	8.7
68	-0.881233	460.540658	0.006929	9.9
69	-0.000000	458.913303	0.000000	9.1
70	-0.889818	457.301192	0.006304	8.7
71	-0.000000	455.704096	0.000000	9.4
72	-0.000857	454.121787	0.000362	11.1
73	-1.274703	452.554045	0.008192	9.5
74	-1.174487	451.000653	0.013253	9.1
75	-0.061725	449.461399	0.002971	8.3
76	-0.000239	447.936075	0.000119	13.4
77	-0.000000	446.424477	0.000000	10.4
78	-0.037942	444.926406	0.001438	8.3
79	-0.156370	443.441666	0.002113	8.9
80	-1.069417	441.970065	0.007769	8.7
81	-0.990480	440.511415	0.007234	10.0
82	-0.000000	439.065533	0.000000	8.3
83	-0.942963	437.632238	0.005640	10.2
84	-0.354275	436.211351	0.005117	8.5
85	-0.773053	434.802701	0.006867	10.4
86	-0.000000	433.406117	0.000000	9.4
87	-0.000000	432.021430	0.000000	9.5
88	-0.222686	430.648479	0.004168	8.7
89	-0.000000	429.287101	0.000000	9.6
90	-1.245556	427.937140	0.008391	10.5
91	-0.813446	426.598440	0.008860	10.9
92	-1.240547	425.270849	0.008167	8.8
93	-1.103762	423.954220	0.007852	9.4
94	-0.269127	422.648404	0.001989	11.2
95	-0.000000	421.353259	0.000000	9.1
96	-1.240055	420.068643	0.006812	9.1
97	-0.629235	418.794419	0.004230	10.4
98	-0.832841	417.530451	0.010534	9.4
99	-0.073818	416.276604	0.001787	9.0
100	-0.000000	415.032748	0.000000	7.6
101	-0.275332	413.798754	0.003716	9.2
102	-0.074404	412.574495	0.001220	8.9
103	-1.203669	411.359849	0.007583	9.9
104	-0.000000	410.154691	0.000000	8.6
105	-0.000000	408.958904	0.000000	9.2
106	-1.180443	407.772368	0.007956	8.9
107	-0.000000	406.594968	0.000000	10.8
108	-0.646195	405.426590	0.003595	8.8
109	-1.091215	404.267122	0.006202	8.4
110	-0.377101	403.116456	0.004745	7.9
111	-0.463966	401.974481	0.003667	10.3
112	-1.122778	400.841093	0.005651	10.2
113	-1.226411	399.716187	0.007438	8.8
114	-0.000000	398.599660	0.000000	8.6
115	-0.917903	397.491411	0.009621	9.9
116	-0.000000	396.391342	0.000000	9.8
117	-0.347757	395.299353	0.002515	9.0
118	-1.016965	394.215350	0.017083	8.4
119	-0.057356	393.139238	0.000689	10.6
120	-0.897516	392.070924	0.007838	10.2
121	-0.092069	391.010316	0.001441	10.0
122	-0.000000	389.957325	0.000000	17.4
123	-0.002523	388.911862	0.000380	9.5
124	-0.000000	387.873839	0.000000	8.3
125	-0.000000	386.843173	0.000000	9.0
126	-0.000000	385.819777	0.000000	10.3
127	-0.120053	384.803569	0.001798	9.2
128	-0.000000	383.794468	0.000000	10.2
129	-0.475466	382.792393	0.004407	9.8
130	-0.000000	381.797264	0.000000	14.6
131	-0.068455	380.809005	0.002318	8.2
132	-0.000000	379.827537	0.000000	7.9
133	-0.625556	378.852786	0.008361	9.6
134	-0.996418	377.884678	0.006208	9.2
135	-1.098507	376.923138	0.007304	9.0
136	-0.851948	375.968095	0.006138	10.0
137	-0.000000	375.019479	0.000000	9.0
138	-0.000000	374.077218	0.000000	8.8
139	-0.000000	373.141244	0.000000	10.4
140	-0.912506	372.211489	0.006922	10.0
141	-0.500033	371.287887	0.003698	8.5
142	-0.000000	370.370370	0.000000	10.3
143	-0.000000	369.458876	0.000000	9.1
144	-0.000000	368.553338	0.000000	9.0
145	-0.034589	367.653696	0.000572	10.8
146	-0.106772	366.759885	0.001244	9.5
147	-0.143435	365.871846	0.002994	8.4
148	-0.902261	364.989518	0.007132	8.6
149	-1.112715	364.112841	0.007529	9.1
150	-0.253000	363.241757	0.001776	9.3
151	-0.995494	362.376208	0.011020	9.4
152	-0.338804	361.516137	0.002597	10.2
153	-1.166887	360.661488	0.007059	9.8
154	-0.000000	359.812206	0.000000	9.2
155	-0.804794	358.968236	0.005597	9.1
156	-0.000001	358.129524	0.000001	8.5
157	-0.840619	357.296018	0.005157	9.6
158	-0.000000	356.467665	0.000000	8.9
159	-1.081731	355.644414	0.008723	10.3
160	-0.000000	354.826213	0.000000	10.2
161	-0.178880	354.013012	0.002418	10.2
162	-0.000000	353.204763	0.000000	9.3
163	-0.548534	352.401415	0.003221	8.8
164	-0.271482	351.602922	0.003937	8.2
165	-0.000000	350.809235	0.000000	9.0
166	-0.505673	350.020308	0.004588	8.5
167	-0.903597	349.236095	0.014150	10.2
168	-1.250773	348.456550	0.008469	9.4
169	-1.141321	347.681627	0.008203	19.4
170	-0.996005	346.911283	0.007714	9.7
171	-1.154264	346.145474	0.007336	11.0
172	-0.000000	345.384157	0.000000	9.7
173	-0.626117	344.627288	0.008102	9.9
174	-0.927153	343.874826	0.004787	9.8
175	-0.052266	343.126729	0.000378	9.4
176	-0.000000	342.382957	0.000000	9.0
177	-1.110274	341.643469	0.008386	10.5
178	-1.089781	340.908224	0.006294	9.8
179	-1.110085	340.177184	0.006555	9.4
180	-0.050189	339.450309	0.000760	9.3
181	-0.000000	338.727561	0.000000	18.9
182	-1.066046	338.008902	0.010869	8.2
183	-1.174420	337.294295	0.008249	9.4
184	-0.797187	336.583703	0.009714	9.2
185	-0.757384	335.877089	0.005217	9.2
186	-0.000000	335.174416	0.000000	11.3
187	-1.052649	334.475651	0.009223	11.0
188	-1.210541	333.780756	0.008170	8.5
189	-0.442869	333.089698	0.003618	8.5
190	-0.029470	332.402443	0.001721	9.6
191	-0.000000	331.718955	0.000000	7.6
192	-1.009843	331.039203	0.007315	8.0
193	-0.040163	330.363153	0.000165	9.7
194	-0.329678	329.690771	0.005167	10.0
195	-1.179510	329.022027	0.007640	9.0
196	-0.000000	328.356888	0.000000	9.9
197	-0.000000	327.695322	0.000000	9.0
198	-0.000000	327.037299	0.000000	8.6
199	-0.333151	326.382787	0.004382	9.2
200	-1.052263	325.731758	0.007178	9.4
201	-0.000000	325.084179	0.000000	9.3
202	-0.479070	324.440023	0.004567	8.5
203	-0.001786	323.799258	0.000019	11.3
204	-1.169264	323.161858	0.007170	9.5
205	-0.819618	322.527792	0.005269	8.4
206	-1.108445	321.897034	0.006448	9.7
207	-0.596391	321.269554	0.004658	9.3
208	-1.017199	320.645325	0.006449	9.0
209	-0.000000	320.024320	0.000000	9.4
210	-0.988071	319.406512	0.007841	15.8
211	-0.000000	318.791875	0.000000	15.6
212	-0.044044	318.180381	0.001403	18.2
213	-0.000000	317.572005	0.000000	15.5
214	-1.022807	316.966721	0.007507	17.4
215	-0.038896	316.364504	0.000881	17.3
216	-0.007821	315.765329	0.000412	15.1
217	-1.017767	315.169170	0.012751	14.7
218	-0.000000	314.576003	0.000000	17.6
219	-0.200200	313.985804	0.002658	9.8
220	-0.290474	313.398548	0.004073	8.7
221	-0.948222	312.814213	0.005480	9.9
222	-0.057943	312.232773	0.001170	17.6
223	-0.580927	311.654207	0.004727	19.0
224	-0.000000	311.078491	0.000000	15.1
225	-0.022351	310.505602	0.000727	16.7
226	-1.216296	309.935518	0.008284	16.8
227	-0.000000	309.368217	0.000000	16.5
228	-0.214453	308.803676	0.002953	17.3
229	-0.274196	308.241874	0.003855	17.6
230	-0.000000	307.682789	0.000000	21.0
231	-1.130539	307.126400	0.005722	18.4
232	-1.151820	306.572687	0.008061	12.0
233	-1.272798	306.021627	0.009270	12.5
234	-0.000000	305.473201	0.000000	13.9
235	-0.022269	304.927388	0.002854	16.6
236	-0.051094	304.384168	0.001147	24.9
237	-0.244793	303.843521	0.003970	16.5
238	-0.368720	303.305427	0.003137	14.4
239	-1.363924	302.769867	0.007217	16.5
240	-0.997537	302.236821	0.005664	18.7
241	-0.710324	301.706270	0.005321	9.5
242	-1.082540	301.178196	0.005894	14.5
243	-0.682125	300.652580	0.004738	16.0
244	-0.881240	300.129402	0.006408	22.2
245	-0.677723	299.608645	0.005920	12.4
246	-0.990801	299.090291	0.004996	12.5
247	-0.721030	298.574321	0.004985	9.7
248	-1.226197	298.060718	0.008406	9.1
249	-0.801148	297.549465	0.007708	10.5
250	-0.000001	297.040543	0.000001	9.5
251	-0.968648	296.533936	0.014808	10.3
252	-0.714195	296.029626	0.004829	9.0
253	-0.786039	295.527597	0.006082	15.2
254	-0.507483	295.027832	0.003538	15.2
255	-0.887956	294.530315	0.006276	14.7
256	-0.000000	294.035028	0.000000	17.7
257	-0.570363	293.541956	0.004185	14.8
258	-1.139790	293.051083	0.006554	15.7
259	-0.000000	292.562393	0.000000	12.0
260	-0.807176	292.075870	0.004995	14.1
261	-0.964136	291.591498	0.005150	14.6
262	-0.583216	291.109263	0.004928	12.3
263	-0.319348	290.629149	0.003532	12.2
264	-0.000000	290.151140	0.000000	13.5
265	-0.000000	289.675222	0.000000	15.8
266	-1.061286	289.201380	0.006992	16.4
267	-0.000000	288.729600	0.000000	17.4
268	-1.100057	288.259866	0.008381	14.4
269	-0.730554	287.792165	0.004432	22.0
270	-0.000000	287.326481	0.000000	13.4
271	-0.024407	286.862802	0.000540	14.5
272	-0.599575	286.401113	0.005033	13.6
273	-0.005728	285.941400	0.000723	12.4
274	-0.193731	285.483649	0.002581	14.6
275	-0.944851	285.027847	0.006408	11.5
276	-1.117010	284.573981	0.005699	14.7
277	-0.000000	284.122037	0.000000	11.2
278	-0.283021	283.672002	0.003670	13.9
279	-0.816817	283.223863	0.004780	14.1
280	-1.137181	282.777607	0.006438	15.0
281	-0.109388	282.333221	0.001286	8.6
282	-0.929798	281.890692	0.011287	12.3
283	-0.017915	281.450008	0.000381	10.4
284	-0.480407	281.011157	0.002700	14.3
285	-0.038997	280.574125	0.003374	12.2
286	-0.294697	280.138901	0.003042	19.5
287	-1.208943	279.705473	0.006793	13.6
288	-0.000000	279.273829	0.000000	14.7
289	-0.621857	278.843956	0.005155	14.8
290	-1.187613	278.415844	0.015153	11.9
291	-1.004533	277.989479	0.006958	11.6
292	-0.302060	277.564851	0.003635	10.8
293	-1.044275	277.141949	0.007903	12.3
294	-1.254328	276.720761	0.008164	12.2
295	-0.199679	276.301275	0.002391	13.9
296	-1.331052	275.883480	0.007504	14.2
297	-0.000000	275.467366	0.000000	12.9
298	-0.446839	275.052922	0.003361	11.4
299	-0.907146	274.640136	0.007554	11.7
300	-0.124508	274.228998	0.002576	14.8
301	-0.000000	273.819497	0.000000	14.6
302	-0.043391	273.411623	0.001597	11.5
303	-1.082648	273.005365	0.005970	11.8
304	-0.955166	272.600712	0.004994	21.6
305	-0.638147	272.197655	0.004665	13.5
306	-0.705116	271.796184	0.005552	10.5
307	-1.059582	271.396287	0.005696	15.2
308	-0.022205	270.997956	0.001637	14.5
309	-0.000000	270.601180	0.000000	12.4
310	-0.105436	270.205949	0.002910	10.1
311	-0.132543	269.812254	0.002065	14.2
312	-1.140322	269.420085	0.007802	12.0
313	-0.960304	269.029432	0.004517	9.8
314	-0.423901	268.640287	0.003532	14.3
315	-0.000000	268.252638	0.000000	8.6
316	-0.000000	267.866478	0.000000	11.1
317	-0.258296	267.481796	0.003285	16.5
318	-0.810458	267.098584	0.006848	16.6
319	-1.232716	266.716833	0.006976	11.1
320	-0.001867	266.336533	0.000369	16.2
321	-1.164644	265.957676	0.005625	15.2
322	-0.000000	265.580253	0.000000	12.4
323	-0.000000	265.204254	0.000000	14.7
324	-1.267066	264.829672	0.015402	16.2
325	-0.024987	264.456497	0.001376	14.2
326	-0.000000	264.084721	0.000000	15.6
327	-0.265117	263.714335	0.002570	14.7
328	-0.000000	263.345332	0.000000	12.8
329	-0.000000	262.977702	0.000000	7.9
330	-0.641629	262.611438	0.005638	14.6
331	-0.000000	262.246531	0.000000	14.1
332	-0.009802	261.882973	0.000744	14.3
333	-0.486198	261.520756	0.003486	13.9
334	-0.283472	261.159871	0.001976	22.7
335	-0.000000	260.800312	0.000000	14.5
336	-0.226246	260.442070	0.003482	15.4
337	-0.140992	260.085137	0.001230	12.4
338	-1.122370	259.729505	0.005831	15.2
339	-0.984272	259.375167	0.005333	12.0
340	-0.080453	259.022116	0.000752	14.5
341	-0.813211	258.670343	0.006020	14.7
342	-0.000000	258.319841	0.000000	15.7
343	-0.047357	257.970602	0.002121	14.3
344	-0.000000	257.622620	0.000000	12.5
345	-0.000000	257.275887	0.000000	11.0
346	-1.122083	256.930396	0.006484	10.3
347	-0.948135	256.586139	0.006179	14.4
348	-0.000000	256.243109	0.000000	11.9
349	-0.087703	255.901300	0.001134	10.7
350	-0.039298	255.560703	0.001371	14.7
351	-0.165742	255.221313	0.004065	14.6
352	-0.801423	254.883122	0.005928	14.5
353	-1.221570	254.546124	0.006945	12.1
354	-0.057380	254.210311	0.002534	14.6
355	-0.617346	253.875677	0.003963	14.6
356	-0.004056	253.542215	0.000433	11.8
357	-0.137212	253.209918	0.001256	13.9
358	-0.000000	252.878781	0.000000	16.1
359	-0.000000	252.548795	0.000000	11.8
360	-0.156718	252.219956	0.002316	14.4
361	-0.000000	251.892255	0.000000	15.0
362	-0.512086	251.565688	0.004858	13.9
363	-0.942382	251.240247	0.008729	11.1
364	-0.203279	250.915926	0.002164	14.4
365	-0.706255	250.592720	0.007019	11.2
366	-0.000000	250.270621	0.000000	14.6
367	-1.079569	249.949624	0.004975	14.3
368	-1.163433	249.629723	0.007642	12.2
369	-0.000000	249.310911	0.000000	14.5
370	-0.762407	248.993182	0.004148	11.5
371	-0.478640	248.676531	0.003793	14.1
372	-1.155861	248.360952	0.007808	10.5
373	-0.008879	248.046438	0.000555	14.7
374	-0.689502	247.732984	0.003730	14.5
375	-0.066158	247.420584	0.000697	11.1
376	-0.980761	247.109233	0.005455	11.1
377	-0.000000	246.798924	0.000000	11.8
378	-0.000000	246.489652	0.000000	10.6
379	-0.544005	246.181412	0.002578	14.5
380	-0.435687	245.874197	0.005867	11.2
381	-0.000000	245.568002	0.000000	10.2
382	-0.000000	245.262822	0.000000	14.4
383	-0.000000	244.958652	0.000000	10.5
384	-0.765774	244.655485	0.005241	14.0
385	-0.763714	244.353317	0.004510	14.6
386	-0.000000	244.052142	0.000000	10.7
387	-1.203169	243.751955	0.007493	13.5
388	-0.000000	243.452750	0.000000	14.7
389	-1.260773	243.154523	0.007462	14.4
390	-0.575635	242.857268	0.006307	11.3
391	-1.084318	242.560980	0.004985	14.0
392	-0.744934	242.265654	0.004891	14.5
393	-1.322043	241.971285	0.007676	14.9
394	-0.000000	241.677868	0.000000	9.0
395	-1.131144	241.385397	0.008504	13.7
396	-0.523733	241.093869	0.003469	16.9
397	-1.307734	240.803278	0.008409	14.0
398	-0.000000	240.513619	0.000000	12.7
399	-0.971355	240.224887	0.004190	12.0
400	-0.000000	239.937077	0.000000	10.4
401	-0.653353	239.650186	0.004029	14.2
402	-0.758009	239.364207	0.004074	16.6
403	-0.995876	239.079136	0.010529	10.8
404	-0.871793	238.794969	0.005237	14.5
405	-0.226836	238.511701	0.001709	12.5
406	-0.938127	238.229327	0.005317	14.0
407	-1.168328	237.947843	0.010169	11.6
408	-0.948691	237.667244	0.005087	11.4
409	-0.995389	237.387526	0.007405	14.0
410	-0.000000	237.108684	0.000000	14.1
411	-0.056188	236.830714	0.000689	14.8
412	-0.000000	236.553610	0.000000	11.2
413	-0.000000	236.277370	0.000000	10.6
414	-0.151390	236.001989	0.001538	14.5
415	-0.000000	235.727461	0.000000	11.5
416	-0.719010	235.453784	0.004967	20.2
417	-0.000000	235.180952	0.000000	14.4
418	-0.000000	234.908962	0.000000	10.5
419	-1.220864	234.637809	0.013517	13.9
420	-0.128994	234.367488	0.001140	11.9
421	-0.485717	234.097997	0.002742	10.9
422	-0.004270	233.829331	0.000000	13.1
423	-1.253245	233.561485	0.007518	14.1
424	-0.000000	233.294456	0.000000	14.3
425	-1.113208	233.028239	0.006331	14.1
426	-0.004037	232.762831	0.000173	12.9
427	-0.554406	232.498228	0.004764	12.4
428	-0.000000	232.234425	0.000000	15.4
429	-1.164106	231.971419	0.006182	15.8
430	-0.000000	231.709205	0.000000	15.7
431	-1.064060	231.447781	0.009569	13.0
432	-0.680885	231.187141	0.004942	17.1
433	-0.008985	230.927283	0.001580	12.9
434	-0.082485	230.668202	0.001886	14.7
435	-1.131608	230.409895	0.006292	11.5
436	-0.062625	230.152358	0.003258	16.3
437	-0.000000	229.895587	0.000000	13.9
438	-0.804503	229.639578	0.006854	17.5
439	-0.918322	229.384329	0.003955	17.4
440	-0.020073	229.129834	0.000593	14.7
441	-1.165125	228.876091	0.007388	11.8
442	-0.993904	228.623096	0.004897	26.1
443	-0.346333	228.370846	0.003587	11.5
444	-0.000000	228.119336	0.000000	11.6
445	-1.126295	227.868563	0.009510	9.7
446	-0.816249	227.618525	0.005135	14.1
447	-0.144686	227.369216	0.003578	11.5
448	-0.000000	227.120635	0.000000	10.9
449	-0.140615	226.872777	0.002187	14.4
450	-0.000000	226.625638	0.000000	14.9
451	-0.119289	226.379217	0.001135	11.6
452	-0.000000	226.133509	0.000000	12.1
453	-0.000000	225.888510	0.000000	12.2
454	-0.979687	225.644218	0.008723	14.9
455	-0.121428	225.400630	0.002038	15.0
456	-0.474355	225.157741	0.005399	11.2
457	-1.087697	224.915549	0.005293	12.1
458	-0.449812	224.674051	0.003837	14.8
459	-0.614644	224.433242	0.003505	14.4
460	-0.000000	224.193121	0.000000	11.1
461	-0.000000	223.953684	0.000000	11.1
462	-1.245994	223.714927	0.007770	14.1
463	-1.061492	223.476848	0.005102	11.4
464	-0.862568	223.239444	0.004520	9.7
465	-0.000000	223.002710	0.000000	14.5
466	-0.389371	222.766645	0.002923	10.7
467	-0.761186	222.531245	0.006305	10.0
468	-1.046997	222.296508	0.006239	12.4
469	-1.204801	222.062429	0.006209	13.3
470	-0.507562	221.829007	0.004637	14.4
471	-1.229281	221.596238	0.007442	12.9
472	-0.017865	221.364119	0.000842	14.5
473	-0.000000	221.132647	0.000000	11.8
474	-1.155200	220.901820	0.007047	21.6
475	-1.142607	220.671634	0.005709	14.9
476	-0.378135	220.442086	0.004057	15.3
477	-0.000000	220.213174	0.000000	9.9
478	-0.584360	219.984895	0.004432	15.5
479	-1.056950	219.757246	0.005534	9.0
480	-1.125243	219.530224	0.006662	11.4
481	-0.799022	219.303826	0.003841	16.3
482	-0.067566	219.078050	0.004497	18.2
483	-0.080464	218.852893	0.001647	18.1
484	-1.033483	218.628352	0.006591	16.5
485	-0.441324	218.404424	0.003105	13.4
486	-0.000000	218.181106	0.000000	12.2
487	-0.150465	217.958397	0.001953	12.4
488	-1.156484	217.736292	0.009807	8.8
489	-1.262208	217.514790	0.007394	15.3
490	-0.111433	217.293888	0.001982	15.6
491	-0.832189	217.073584	0.004757	13.0
492	-0.915114	216.853873	0.004091	14.8
493	-0.000000	216.634755	0.000000	13.1
494	-0.835069	216.416227	0.005399	16.0
495	-1.177007	216.198285	0.007185	14.6
496	-0.000000	215.980927	0.000000	13.0
497	-1.197037	215.764151	0.006426	11.4
498	-0.326943	215.547955	0.003112	14.7
499	-1.195661	215.332335	0.006803	14.5
500	-0.223132	215.117289	0.001838	13.9
501	-0.443811	214.902815	0.004414	14.4
502	-0.000000	214.688911	0.000000	14.6
503	-0.360752	214.475573	0.002602	14.9
504	-1.313301	214.262800	0.008360	11.4
505	-0.000000	214.050588	0.000000	14.5
506	-0.757583	213.838936	0.005189	14.4
507	-0.644289	213.627842	0.004597	14.1
508	-0.975186	213.417302	0.007009	14.9
509	-0.000000	213.207314	0.000000	12.0
510	-0.487281	212.997877	0.004655	16.1
511	-0.000000	212.788987	0.000000	10.8
512	-0.959629	212.580642	0.006465	10.8
513	-0.000000	212.372841	0.000000	15.0
514	-1.056849	212.165581	0.006867	12.1
515	-0.149501	211.958859	0.002297	12.4
516	-0.720906	211.752673	0.008072	11.0
517	-0.000000	211.547021	0.000000	13.7
518	-1.130796	211.341902	0.007045	17.7
519	-0.000000	211.137311	0.000000	14.3
520	-0.000000	210.933248	0.000000	18.0
521	-0.000000	210.729710	0.000000	11.6
522	-0.000000	210.526695	0.000000	11.6
523	-0.493297	210.324200	0.003318	14.6
524	-0.211082	210.122224	0.003438	12.4
525	-0.000000	209.920765	0.000000	11.3
526	-0.787436	209.719820	0.004842	14.6
527	-0.004379	209.519387	0.000433	11.7
528	-0.000000	209.319463	0.000000	11.4
529	-1.047676	209.120048	0.007195	14.9
530	-1.049371	208.921139	0.005345	14.7
531	-1.090899	208.722733	0.006927	15.0
532	-0.000000	208.524829	0.000000	12.4
533	-0.403405	208.327425	0.002791	14.6
534	-1.030345	208.130518	0.007215	15.3
535	-0.000000	207.934107	0.000000	12.9
536	-0.975181	207.738189	0.005779	11.4
537	-0.000000	207.542762	0.000000	8.8
538	-0.000000	207.347825	0.000000	12.0
539	-0.613777	207.153376	0.003845	11.2
540	-0.702269	206.959412	0.006273	15.2
541	-0.000000	206.765932	0.000000	11.5
542	-0.172565	206.572933	0.002220	12.0
543	-0.103949	206.380414	0.001313	11.6
544	-0.061410	206.188373	0.001464	15.0
545	-0.000000	205.996807	0.000000	10.9
546	-0.000000	205.805716	0.000000	9.7
547	-0.827215	205.615096	0.007623	11.6
548	-0.862769	205.424946	0.005572	14.5
549	-0.915736	205.235265	0.004458	12.3
550	-1.093648	205.046050	0.006017	14.2
551	-0.143766	204.857299	0.001892	12.7
552	-0.000000	204.669011	0.000000	15.0
553	-0.000000	204.481184	0.000000	10.9
554	-0.000000	204.293816	0.000000	14.4
555	-0.424520	204.106905	0.004389	14.6
556	-0.287729	203.920449	0.003240	14.2
557	-0.359022	203.734447	0.003330	11.1
558	-0.061298	203.548896	0.001689	14.6
559	-1.061151	203.363795	0.005612	14.5
560	-0.826915	203.179143	0.005096	11.4
561	-0.000000	202.994937	0.000000	12.0
562	-1.191617	202.811176	0.006871	13.7
563	-0.000000	202.627857	0.000000	11.5
564	-0.928571	202.444980	0.008408	15.9
565	-0.663916	202.262543	0.004713	14.8
566	-1.301818	202.080543	0.007451	14.5
567	-0.000000	201.898979	0.000000	13.0
568	-0.000000	201.717849	0.000000	11.9
569	-0.825875	201.537153	0.005108	11.5
570	-0.972760	201.356887	0.010413	12.0
571	-1.026637	201.177050	0.005328	15.6
572	-0.258748	200.997642	0.001720	11.6
573	-1.007327	200.818659	0.006491	11.9
574	-1.137868	200.640100	0.007152	15.2
575	-0.017008	200.461965	0.000435	13.8
576	-1.157767	200.284250	0.005945	13.2
577	-0.804131	200.106955	0.005778	15.1
578	-0.100824	199.930078	0.001051	27.7
579	-1.118238	199.753617	0.006639	13.4
580	-0.000000	199.577571	0.000000	11.2
581	-1.273953	199.401938	0.006243	13.3
582	-0.001950	199.226717	0.000580	11.9
583	-0.572391	199.051905	0.003226	8.9
584	-1.223268	198.877502	0.009410	10.0
585	-0.309830	198.703506	0.003685	8.9
586	-0.000000	198.529916	0.000000	10.9
587	-0.037282	198.356729	0.000680	7.8
588	-1.137380	198.183944	0.006478	9.0
589	-0.733638	198.011560	0.003995	9.9
590	-0.869634	197.839576	0.006002	9.8
591	-0.000000	197.667989	0.000000	9.2
592	-0.000000	197.496798	0.000000	9.4
593	-0.815995	197.326002	0.007606	11.8
594	-1.369454	197.155600	0.009708	13.6
595	-0.797478	196.985589	0.006314	12.3
596	-1.096601	196.815969	0.005362	10.0
597	-0.906179	196.646738	0.004836	10.5
598	-0.693984	196.477894	0.003937	8.8
599	-0.286482	196.309436	0.002699	9.3
600	-1.089997	196.141363	0.007239	8.7
601	-1.403390	195.973673	0.007377	9.7
602	-1.173779	195.806365	0.007462	9.6
603	-0.199118	195.639437	0.002214	9.6
604	-1.133862	195.472888	0.004400	9.1
605	-0.751131	195.306717	0.004466	9.7
606	-0.000000	195.140922	0.000000	10.7
607	-1.035635	194.975501	0.005791	9.8
608	-1.248071	194.810454	0.007663	9.4
609	-0.103745	194.645779	0.001053	21.6
610	-0.916984	194.481475	0.008994	9.2
611	-0.737250	194.317540	0.004991	12.7
612	-0.278098	194.153973	0.002805	10.0
613	-0.715229	193.990773	0.004593	9.1
614	-1.104829	193.827938	0.005195	9.5
615	-0.173730	193.665467	0.001592	9.5
616	-0.000000	193.503358	0.000000	11.6
617	-0.776106	193.341611	0.005874	10.6
618	-1.395698	193.180224	0.007081	9.8
619	-0.000000	193.019196	0.000000	8.5
620	-0.989847	192.858525	0.008355	10.7
621	-1.139211	192.698210	0.007111	9.4
622	-1.169184	192.538251	0.009154	10.1
623	-0.000000	192.378644	0.000000	13.0
624	-1.061500	192.219391	0.004565	8.7
625	-1.008928	192.060488	0.004778	8.3
626	-0.050927	191.901935	0.001561	11.0
627	-0.733130	191.743730	0.004071	8.5
628	-0.705534	191.585873	0.003583	9.0
629	-1.081548	191.428362	0.005351	9.2
630	-0.000000	191.271196	0.000000	17.1
631	-1.211361	191.114374	0.005796	9.3
632	-1.043379	190.957893	0.005458	11.4
633	-0.352253	190.801755	0.004133	8.9
634	-0.987477	190.645956	0.007120	9.6
635	-0.000000	190.490495	0.000000	10.8
636	-0.000000	190.335373	0.000000	8.3
637	-1.152658	190.180587	0.006158	9.0
638	-0.004270	190.026136	0.000076	8.4
639	-0.343329	189.872019	0.003177	9.6
640	-0.157406	189.718235	0.002029	9.7
641	-0.000000	189.564782	0.000000	9.8
642	-0.638005	189.411661	0.003769	9.1
643	-0.206446	189.258868	0.003326	10.4
644	-0.000000	189.106404	0.000000	10.0
645	-1.151355	188.954267	0.005679	9.2
646	-0.087590	188.802456	0.001013	8.1
647	-0.057799	188.650969	0.001105	9.2
648	-0.703661	188.499807	0.004906	10.9
649	-0.000000	188.348967	0.000000	10.9
650	-0.000000	188.198448	0.000000	9.8
651	-0.926274	188.048250	0.006966	10.0
652	-0.717455	187.898371	0.003888	8.4
653	-0.132945	187.748810	0.001569	9.2
654	-0.048752	187.599566	0.002032	10.6
655	-1.115162	187.450638	0.006037	9.0
656	-0.000000	187.302025	0.000000	9.5
657	-0.000000	187.153725	0.000000	9.5
658	-1.127862	187.005739	0.008055	8.1
659	-1.187852	186.858064	0.006145	9.7
660	-0.000000	186.710699	0.000000	9.9
661	-0.829675	186.563645	0.005601	8.6
662	-0.000000	186.416898	0.000000	9.9
663	-0.846231	186.270459	0.005013	8.7
664	-0.611233	186.124326	0.004007	9.3
665	-0.289772	185.978499	0.003492	10.2
666	-0.000505	185.832976	0.000162	9.7
667	-0.000000	185.687756	0.000000	14.7
668	-0.951096	185.542838	0.009330	9.2
669	-0.000000	185.398222	0.000000	7.8
670	-0.000000	185.253906	0.000000	8.8
671	-0.000640	185.109889	0.000225	9.9
672	-0.033806	184.966170	0.002719	9.0
673	-0.000000	184.822748	0.000000	10.2
674	-0.000000	184.679623	0.000000	9.7
675	-0.470210	184.536792	0.005525	9.9
676	-0.655114	184.394256	0.004055	7.7
677	-1.039657	184.252013	0.006337	8.3
678	-1.220017	184.110062	0.006481	8.7
679	-0.000000	183.968403	0.000000	8.6
680	-0.000000	183.827034	0.000000	9.2
681	-0.042444	183.685954	0.001903	8.9
682	-0.860489	183.545163	0.005764	9.1
683	-1.198751	183.404658	0.008103	10.1
684	-1.049774	183.264441	0.005921	8.7
685	-0.006490	183.124509	0.000520	8.7
686	-0.161597	182.984861	0.001618	13.6
687	-0.492642	182.845497	0.004370	7.8
688	-0.014360	182.706416	0.001019	9.1
689	-1.046820	182.567616	0.006257	9.0
690	-1.198290	182.429098	0.007696	8.1
691	-0.000000	182.290859	0.000000	8.3
692	-0.673570	182.152899	0.004297	10.5
693	-0.888831	182.015217	0.004423	9.2
694	-1.062720	181.877813	0.006037	8.6
695	-1.402667	181.740684	0.008786	9.2
696	-1.015972	181.603832	0.005451	8.6
697	-1.210753	181.467253	0.005777	10.1
698	-0.947746	181.330948	0.005194	9.1
699	-0.000000	181.194916	0.000000	10.0
700	-0.525539	181.059155	0.004857	8.7
701	-0.000000	180.923666	0.000000	8.5
702	-0.000000	180.788446	0.000000	9.7
703	-0.000000	180.653496	0.000000	9.0
704	-0.960537	180.518814	0.005778	8.9
705	-0.620318	180.384399	0.005188	9.7
706	-0.000000	180.250251	0.000000	11.3
707	-0.410371	180.116369	0.003696	9.6
708	-0.000000	179.982752	0.000000	9.2
709	-0.806087	179.849398	0.006554	8.7
710	-1.167140	179.716308	0.005289	9.6
711	-1.190045	179.583480	0.006538	9.6
712	-0.000000	179.450913	0.000000	8.9
713	-0.180642	179.318607	0.001898	8.5
714	-1.233733	179.186561	0.005433	9.8
715	-0.000000	179.054774	0.000000	9.3
716	-0.398949	178.923245	0.003897	21.8
717	-0.100330	178.791973	0.002454	9.6
718	-1.327439	178.660958	0.007054	9.5
719	-0.000000	178.530199	0.000000	9.2
720	-0.052723	178.399694	0.000592	9.6
721	-0.000000	178.269444	0.000000	9.8
722	-1.046379	178.139447	0.007134	9.5
723	-0.564685	178.009702	0.003340	9.9
724	-0.826961	177.880209	0.004390	10.1
725	-0.002122	177.750967	0.000310	10.7
726	-1.254502	177.621975	0.005397	10.0
727	-1.188301	177.493232	0.011058	10.0
728	-1.405567	177.364738	0.009342	9.8
729	-0.677550	177.236492	0.004519	9.5
730	-0.616745	177.108492	0.004710	17.5
731	-0.950338	176.980739	0.004374	9.3
732	-0.635652	176.853231	0.003954	10.2
733	-0.149983	176.725968	0.002566	9.6
734	-0.165983	176.598949	0.001217	9.0
735	-1.230006	176.472173	0.007388	9.8
736	-0.000000	176.345639	0.000000	8.9
737	-1.260526	176.219348	0.005419	9.9
738	-0.705014	176.093296	0.004002	10.0
739	-0.000000	175.967486	0.000000	10.5
740	-0.010618	175.841914	0.001059	9.4
741	-0.000000	175.716581	0.000001	8.8
742	-0.038577	175.591486	0.000689	19.1
743	-0.688969	175.466629	0.003509	9.2
744	-0.249867	175.342008	0.003308	8.3
745	-0.315418	175.217622	0.002421	9.4
746	-0.000000	175.093472	0.000000	9.0
747	-0.675682	174.969556	0.004312	9.6
748	-0.891769	174.845873	0.003543	11.4
749	-0.000000	174.722423	0.000000	10.2
750	-0.000013	174.599206	0.000011	8.7
751	-0.660161	174.476220	0.004505	9.4
752	-1.142148	174.353464	0.006695	10.2
753	-0.736060	174.230939	0.005006	9.7
754	-0.705855	174.108643	0.003338	11.0
755	-0.000000	173.986576	0.000000	9.0
756	-0.991141	173.864737	0.006030	8.6
757	-0.000000	173.743124	0.000000	15.0
758	-1.056628	173.621739	0.005949	8.8
759	-0.000000	173.500579	0.000000	8.4
760	-0.824344	173.379645	0.004996	9.4
761	-0.860880	173.258935	0.006612	9.3
762	-0.000000	173.138449	0.000000	8.6
763	-0.723748	173.018186	0.005969	9.0
764	-0.000000	172.898146	0.000000	9.7
765	-0.000000	172.778327	0.000000	9.5
766	-0.272265	172.658730	0.002276	10.0
767	-1.233517	172.539353	0.007051	10.9
768	-0.000001	172.420196	0.000002	9.4
769	-1.248510	172.301258	0.006290	9.5
770	-0.184100	172.182539	0.004527	16.2
771	-1.066576	172.064037	0.005553	9.1
772	-1.360452	171.945753	0.008038	9.9
773	-0.000000	171.827686	0.000000	10.1
774	-0.000000	171.709834	0.000000	10.0
775	-0.000000	171.592198	0.000000	9.2
776	-0.000000	171.474776	0.000000	9.7
777	-0.000000	171.357568	0.000000	9.5
778	-0.000000	171.240574	0.000000	12.1
779	-0.024287	171.123793	0.001646	9.7
780	-1.121830	171.007223	0.013011	10.8
781	-0.000000	170.890865	0.000000	8.6
782	-0.187763	170.774718	0.003146	8.0
783	-1.075500	170.658782	0.005102	8.0
784	-0.014872	170.543055	0.000364	9.1
785	-1.133236	170.427537	0.004446	8.9
786	-1.216288	170.312227	0.006819	9.3
787	-0.000000	170.197125	0.000000	9.3
788	-0.099156	170.082231	0.001735	9.0
789	-0.000000	169.967543	0.000000	9.1
790	-0.167532	169.853061	0.001799	9.3
791	-1.444282	169.738784	0.007924	9.2
792	-0.634897	169.624713	0.003321	9.7
793	-0.000000	169.510845	0.000000	11.1
794	-0.278048	169.397181	0.003239	10.1
795	-0.000000	169.283720	0.000000	8.6
796	-0.235217	169.170462	0.003172	9.6
797	-1.241652	169.057405	0.007152	9.6
798	-1.144119	168.944549	0.006970	9.3
799	-1.219777	168.831895	0.006552	11.5
800	-0.588297	168.719440	0.003752	9.6
801	-1.216242	168.607185	0.007547	9.0
802	-1.223746	168.495129	0.006366	9.7
803	-0.763287	168.383271	0.004446	10.4
804	-0.030955	168.271611	0.000366	14.3
805	-0.450096	168.160148	0.005486	9.7
806	-0.053365	168.048882	0.000669	9.2
807	-1.208377	167.937812	0.006749	22.9
808	-1.130667	167.826938	0.009535	8.2
809	-0.614712	167.716258	0.003294	10.1
810	-0.890205	167.605773	0.004775	9.7
811	-0.000000	167.495482	0.000000	9.4
812	-1.079946	167.385384	0.006368	9.1
813	-0.250869	167.275479	0.001773	9.6
814	-0.174279	167.165766	0.002773	9.3
815	-1.030326	167.056245	0.004820	10.0
816	-0.000042	166.946915	0.000038	9.2
817	-0.648641	166.837776	0.003365	9.5
818	-1.126806	166.728826	0.005595	9.7
819	-0.000000	166.620067	0.000000	9.9
820	-0.164651	166.511496	0.002208	10.7
821	-0.047805	166.403113	0.001761	9.2
822	-0.000000	166.294919	0.000000	9.4
823	-0.970202	166.186912	0.007407	14.2
824	-1.012486	166.079091	0.005323	16.9
825	-0.188659	165.971458	0.003321	13.2
826	-0.080467	165.864009	0.000864	17.2
827	-1.289695	165.756747	0.008345	24.4
828	-1.256898	165.649669	0.009988	15.5
829	-0.466996	165.542775	0.002663	15.6
830	-0.041517	165.436065	0.001277	12.2
831	-0.403000	165.329538	0.003066	15.7
832	-1.028788	165.223194	0.004078	11.1
833	-0.003821	165.117032	0.000746	12.8
834	-1.245613	165.011052	0.007296	14.8
835	-0.000000	164.905253	0.000000	15.7
836	-0.004300	164.799635	0.000448	14.9
837	-0.963493	164.694197	0.005651	16.2
838	-0.902031	164.588939	0.005876	18.6
839	-1.091015	164.483859	0.005415	16.0
840	-0.090575	164.378959	0.002011	25.4
841	-0.000000	164.274237	0.000000	11.6
842	-0.768390	164.169692	0.007106	12.2
843	-0.012609	164.065325	0.000206	10.7
844	-0.988735	163.961135	0.005535	11.7
845	-1.225665	163.857120	0.007343	9.5
846	-0.000000	163.753282	0.000000	9.4
847	-0.015348	163.649619	0.000630	11.0
848	-1.217168	163.546130	0.006230	10.2
849	-0.000000	163.442816	0.000000	8.7
850	-0.441155	163.339676	0.003462	9.3
851	-1.284900	163.236709	0.012502	10.4
852	-0.000000	163.133915	0.000000	9.8
853	-0.000000	163.031294	0.000000	10.6
854	-0.379622	162.928844	0.002660	8.3
855	-0.000000	162.826566	0.000000	14.2
856	-0.183024	162.724459	0.002745	13.4
857	-1.416329	162.622523	0.008887	13.2
858	-0.000000	162.520757	0.000000	9.3
859	-1.244469	162.419160	0.005308	10.2
860	-0.000000	162.317733	0.000000	9.7
861	-0.000000	162.216474	0.000000	9.5
862	-0.000000	162.115383	0.000000	10.1
863	-0.915703	162.014461	0.006928	10.8
864	-0.000000	161.913705	0.000000	13.8
865	-0.814968	161.813117	0.007165	7.6
866	-0.000000	161.712695	0.000000	12.1
867	-0.000000	161.612439	0.000000	20.9
868	-0.000000	161.512349	0.000000	10.5
869	-1.051614	161.412424	0.004837	11.2
870	-0.251206	161.312663	0.002056	9.1
871	-1.297672	161.213067	0.006374	10.8
872	-0.643369	161.113635	0.004430	21.4
873	-0.629245	161.014366	0.004119	9.6
874	-0.005662	160.915260	0.001630	10.4
875	-1.028946	160.816316	0.005232	10.2
876	-0.000000	160.717535	0.000000	12.1
877	-0.125634	160.618915	0.002172	10.2
878	-0.420358	160.520456	0.003755	9.1
879	-0.000000	160.422158	0.000000	8.8
880	-0.000000	160.324021	0.000000	9.5
881	-0.693931	160.226043	0.003772	9.3
882	-0.000000	160.128225	0.000000	9.9
883	-0.584050	160.030566	0.004384	8.9
884	-0.001326	159.933066	0.000546	10.4
885	-0.000000	159.835723	0.000000	10.8
886	-1.153795	159.738539	0.004736	8.8
887	-1.015117	159.641512	0.004607	9.7
888	-0.587743	159.544642	0.004250	9.8
889	-0.941217	159.447929	0.004682	8.8
890	-0.258040	159.351372	0.002959	10.6
891	-1.094702	159.254971	0.012842	10.5
892	-0.919444	159.158725	0.010337	8.9
893	-0.000159	159.062634	0.000162	16.3
894	-0.034470	158.966697	0.000353	10.2
895	-0.000000	158.870915	0.000000	11.1
896	-0.039000	158.775286	0.001306	9.4
897	-0.000000	158.679811	0.000000	11.1
898	-0.370971	158.584489	0.002768	11.8
899	-0.000000	158.489319	0.000000	9.9
900	-0.144733	158.394302	0.002551	11.0
901	-1.121115	158.299436	0.010277	11.2
902	-1.145524	158.204721	0.005935	9.8
903	-0.832585	158.110158	0.005364	9.5
904	-0.639686	158.015745	0.003357	10.5
905	-0.000355	157.921482	0.000280	9.0
906	-1.118607	157.827369	0.005867	10.1
907	-1.181768	157.733406	0.005347	9.8
908	-0.736670	157.639591	0.004919	8.4
909	-0.068199	157.545925	0.001242	10.9
910	-0.000000	157.452408	0.000000	10.0
911	-0.502339	157.359038	0.004935	8.9
912	-1.421404	157.265816	0.009393	9.8
913	-0.000000	157.172741	0.000001	10.6
914	-0.000000	157.079813	0.000000	8.6
915	-0.000000	156.987031	0.000000	9.6
916	-1.168150	156.894395	0.006057	10.0
917	-0.000000	156.801904	0.000000	8.8
918	-0.000000	156.709559	0.000000	9.5
919	-0.000000	156.617359	0.000000	9.1
920	-1.082716	156.525304	0.005124	9.1
921	-1.149606	156.433392	0.006611	8.9
922	-0.555686	156.341624	0.004335	9.8
923	-0.889745	156.250000	0.007063	10.1
924	-0.000000	156.158519	0.000000	11.2
925	-0.201865	156.067180	0.001804	8.9
926	-0.961032	155.975984	0.004427	11.3
927	-0.074434	155.884930	0.000936	9.9
928	-0.019576	155.794017	0.000101	9.3
929	-1.141245	155.703246	0.006160	10.1
930	-0.149383	155.612615	0.002939	9.5
931	-1.418115	155.522125	0.008219	11.3
932	-0.066212	155.431775	0.002481	9.2
933	-0.978712	155.341565	0.005282	12.5
934	-0.139971	155.251495	0.002937	10.0
935	-0.093546	155.161563	0.000803	9.6
936	-0.869817	155.071771	0.005029	10.1
937	-0.000000	154.982117	0.000000	8.7
938	-0.000000	154.892601	0.000000	11.3
939	-1.073226	154.803222	0.005119	10.1
940	-0.833348	154.713981	0.004497	9.1
941	-0.791041	154.624878	0.004439	10.1
942	-0.136827	154.535910	0.001918	11.1
943	-0.585660	154.447080	0.003678	10.6
944	-1.138121	154.358385	0.004862	10.1
945	-0.003858	154.269826	0.000155	9.3
946	-1.155642	154.181402	0.007774	11.8
947	-0.000000	154.093114	0.000000	10.4
948	-0.000000	154.004960	0.000000	9.7
949	-0.179935	153.916940	0.001432	10.8
950	-0.000751	153.829054	0.000715	8.4
951	-0.000000	153.741303	0.000000	9.2
952	-0.057157	153.653684	0.001759	12.6
953	-1.053662	153.566198	0.005161	9.6
954	-1.034487	153.478846	0.005416	8.8
955	-1.158446	153.391625	0.006201	7.7
956	-1.273916	153.304537	0.006694	10.9
957	-0.427480	153.217580	0.003508	9.1
958	-1.362627	153.130755	0.008364	9.1
959	-0.000000	153.044061	0.000000	8.8
960	-0.118285	152.957498	0.000984	10.8
961	-0.005048	152.871065	0.000496	9.5
962	-0.001066	152.784762	0.000374	10.0
963	-1.016968	152.698589	0.006047	9.9
964	-1.155497	152.612545	0.004980	8.5
965	-0.964669	152.526631	0.009124	10.3
966	-1.225708	152.440845	0.007710	11.5
967	-0.379970	152.355188	0.002577	9.8
968	-0.649049	152.269660	0.005475	10.9
969	-0.855819	152.184259	0.005577	10.6
970	-0.043724	152.098986	0.001708	10.0
971	-0.135142	152.013840	0.001733	9.5
972	-0.000000	151.928821	0.000000	9.7
973	-0.894277	151.843928	0.007339	8.7
974	-1.194177	151.759163	0.006038	9.0
975	-0.000000	151.674523	0.000000	9.4
976	-1.194698	151.590009	0.005615	11.3
977	-0.131050	151.505620	0.001663	13.7
978	-0.628522	151.421357	0.003876	10.4
979	-0.094782	151.337218	0.001623	9.4
980	-1.185370	151.253204	0.005740	8.4
981	-0.827866	151.169314	0.003904	9.7
982	-0.830197	151.085549	0.004985	9.2
983	-0.009203	151.001907	0.001052	9.7
984	-0.135768	150.918388	0.002452	11.8
985	-1.368148	150.834992	0.006856	13.2
986	-0.000040	150.751719	0.000022	12.5
987	-0.261321	150.668569	0.004022	8.6
988	-0.945998	150.585541	0.008561	13.8
989	-0.000000	150.502634	0.000000	7.5
990	-0.000000	150.419849	0.000000	9.1
991	-0.738233	150.337186	0.004268	8.7
992	-1.172050	150.254644	0.006522	10.0
993	-0.000000	150.172222	0.000000	10.4
994	-0.068408	150.089921	0.001492	10.4
995	-0.000000	150.007740	0.000000	10.0
996	-0.519742	149.925679	0.003194	11.3
997	-0.556750	149.843737	0.003293	9.0
998	-0.000000	149.761915	0.000000	9.7
999	-1.067229	149.680212	0.007071	9.5
1000	-0.000000	149.598627	0.000000	9.7
1001	-1.006324	149.517161	0.006866	20.5
1002	-0.004300	149.435814	0.000000	8.2
1003	-0.086184	149.354584	0.001383	9.9
1004	-0.000000	149.273472	0.000000	10.1
1005	-0.950274	149.192477	0.004903	10.1
1006	-0.002946	149.111599	0.001129	9.4
1007	-0.000114	149.030838	0.000098	9.9
1008	-0.000000	148.950194	0.000000	8.5
1009	-0.017384	148.869666	0.000795	7.9
1010	-0.000000	148.789253	0.000000	15.6
1011	-1.204613	148.708957	0.005847	8.9
1012	-0.259362	148.628776	0.003085	10.2
1013	-0.387977	148.548710	0.003790	8.1
1014	-0.374070	148.468759	0.002341	9.5
1015	-0.000000	148.388923	0.000000	10.3
1016	-1.314100	148.309201	0.009687	9.1
1017	-0.296726	148.229594	0.003273	9.9
1018	-0.334201	148.150100	0.002567	9.9
1019	-0.000000	148.070719	0.000000	9.7
1020	-0.142549	147.991452	0.002720	9.2
1021	-0.000000	147.912298	0.000000	9.1
1022	-0.546327	147.833257	0.003452	9.4
1023	-0.000000	147.754329	0.000000	8.8
1024	-0.000000	147.675512	0.000000	9.2
1025	-1.047231	147.596808	0.006183	10.2
1026	-0.000000	147.518216	0.000000	9.7
1027	-0.000000	147.439735	0.000000	9.0
1028	-0.621813	147.361365	0.003678	9.2
1029	-0.000000	147.283106	0.000000	9.9
1030	-0.000000	147.204958	0.000000	9.1
1031	-0.762372	147.126920	0.005225	8.9
1032	-0.000000	147.048993	0.000000	11.0
1033	-1.272315	146.971175	0.006632	9.5
1034	-0.769453	146.893468	0.003528	8.5
1035	-0.000000	146.815869	0.000000	9.9
1036	-0.398011	146.738380	0.003936	10.1
1037	-0.093945	146.661000	0.001751	11.5
1038	-1.018645	146.583729	0.006516	10.5
1039	-0.593830	146.506566	0.005808	10.4
1040	-0.000000	146.429511	0.000000	9.1
1041	-0.768987	146.352565	0.004675	9.1
1042	-1.071732	146.275726	0.006626	9.6
1043	-1.072503	146.198994	0.005544	10.7
1044	-1.104149	146.122370	0.005301	9.6
1045	-1.060806	146.045853	0.004945	9.4
1046	-1.084648	145.969442	0.008000	9.9
1047	-0.000000	145.893139	0.000000	9.5
1048	-0.959567	145.816941	0.005474	9.1
1049	-0.697481	145.740849	0.003641	9.0
1050	-0.000000	145.664863	0.000000	10.0
1051	-0.037958	145.588983	0.001381	8.6
1052	-1.150365	145.513208	0.006833	9.4
1053	-1.173966	145.437538	0.009003	9.6
1054	-0.017341	145.361973	0.000475	8.9
1055	-0.110774	145.286513	0.001858	10.8
1056	-0.777838	145.211157	0.004257	9.4
1057	-0.877244	145.135905	0.006935	15.5
1058	-0.320970	145.060757	0.003041	11.2
1059	-0.040798	144.985712	0.001106	9.0
1060	-0.000102	144.910771	0.000069	10.3
1061	-0.000001	144.835934	0.000003	9.2
1062	-0.528396	144.761199	0.004856	9.7
1063	-1.417498	144.686567	0.006813	10.1
1064	-0.455980	144.612037	0.003269	8.3
1065	-0.000000	144.537610	0.000000	9.1
1066	-0.000000	144.463285	0.000000	8.2
1067	-0.567585	144.389062	0.005428	10.4
1068	-0.741471	144.314940	0.005898	9.3
1069	-0.000000	144.240920	0.000000	9.4
1070	-0.099931	144.167001	0.001580	8.7
1071	-0.369001	144.093182	0.003341	9.4
1072	-0.118878	144.019465	0.001722	10.4
1073	-0.783633	143.945848	0.005758	7.9
1074	-0.026112	143.872331	0.000978	8.9
1075	-1.001761	143.798914	0.005453	11.2
1076	-1.098566	143.725597	0.005960	9.3
1077	-0.761480	143.652380	0.003719	10.7
1078	-1.037930	143.579262	0.005195	10.8
1079	-0.761789	143.506243	0.003683	9.3
1080	-0.671074	143.433323	0.005630	13.2
1081	-0.025929	143.360502	0.002446	9.1
1082	-0.894046	143.287780	0.005360	9.2
1083	-1.337641	143.215155	0.007253	9.9
1084	-1.026679	143.142629	0.007999	9.2
1085	-1.436571	143.070201	0.007628	8.0
1086	-0.887325	142.997870	0.006283	9.1
1087	-0.001748	142.925637	0.000239	17.4
1088	-1.135845	142.853501	0.006542	9.5
1089	-1.148128	142.781462	0.006147	11.7
1090	-1.120105	142.709519	0.005514	12.5
1091	-0.334180	142.637674	0.003237	12.2
1092	-1.164638	142.565924	0.005032	9.5
1093	-0.210454	142.494271	0.002541	18.5
1094	-0.746491	142.422714	0.004350	7.9
1095	-1.127479	142.351252	0.006792	13.8
1096	-0.000000	142.279886	0.000000	13.8
1097	-0.042581	142.208616	0.001286	11.8
1098	-0.030329	142.137440	0.001696	9.4
1099	-0.936453	142.066360	0.006803	12.3
1100	-0.212198	141.995374	0.001461	13.1
1101	-0.303134	141.924483	0.003978	10.7
1102	-1.181617	141.853685	0.007699	10.8
1103	-1.326786	141.782983	0.006988	12.7
1104	-0.000000	141.712373	0.000000	10.5
1105	-0.871531	141.641858	0.004627	15.1
1106	-0.000000	141.571436	0.000000	8.1
1107	-0.000000	141.501108	0.000000	12.5
1108	-0.177213	141.430872	0.002526	14.0
1109	-1.127393	141.360730	0.009473	12.4
1110	-0.000000	141.290680	0.000000	9.5
1111	-0.018767	141.220722	0.000832	13.0
1112	-1.243252	141.150857	0.006817	11.4
1113	-0.000000	141.081084	0.000000	9.8
1114	-0.318537	141.011403	0.005364	8.9
1115	-0.934550	140.941813	0.008465	9.7
1116	-0.039068	140.872315	0.001407	19.0
1117	-1.072304	140.802909	0.005970	9.1
1118	-0.394882	140.733593	0.003069	8.0
1119	-0.000000	140.664369	0.000000	9.7
1120	-0.825599	140.595235	0.004745	9.4
1121	-0.000000	140.526192	0.000000	9.7
1122	-0.761523	140.457239	0.003462	9.0
1123	-0.066664	140.388376	0.001386	9.6
1124	-1.032480	140.319603	0.006867	9.8
1125	-0.000000	140.250920	0.000000	10.0
1126	-0.687933	140.182326	0.003217	8.9
1127	-0.294282	140.113822	0.003100	9.2
1128	-0.079306	140.045407	0.002186	9.7
1129	-0.000750	139.977081	0.000513	9.9
1130	-0.279397	139.908844	0.002922	9.4
1131	-0.137768	139.840696	0.001524	9.7
1132	-1.212012	139.772635	0.006885	8.6
1133	-0.000000	139.704664	0.000000	8.6
1134	-0.000000	139.636780	0.000000	10.0
1135	-1.084096	139.568984	0.005960	9.7
1136	-0.000000	139.501276	0.000000	8.4
1137	-1.347534	139.433655	0.007231	9.1
1138	-0.703006	139.366122	0.004708	10.2
1139	-1.324611	139.298676	0.008599	9.3
1140	-1.072958	139.231317	0.008369	11.5
1141	-1.196623	139.164045	0.005791	23.3
1142	-1.090603	139.096859	0.008234	8.1
1143	-1.101330	139.029760	0.006021	9.1
1144	-0.007682	138.962747	0.001248	8.9
1145	-1.237085	138.895820	0.006287	10.0
1146	-0.000000	138.828978	0.000000	9.8
1147	-0.000000	138.762223	0.000000	12.7
1148	-0.000000	138.695553	0.000000	9.5
1149	-0.065064	138.628969	0.001087	10.2
1150	-1.147030	138.562469	0.006416	9.2
1151	-0.000000	138.496055	0.000000	9.7
1152	-0.987760	138.429725	0.004302	9.0
1153	-0.710502	138.363481	0.003172	8.6
1154	-0.000000	138.297320	0.000000	10.4
1155	-0.070717	138.231244	0.002306	8.5
1156	-0.650286	138.165252	0.003144	15.0
1157	-0.999291	138.099344	0.005469	10.0
1158	-0.000000	138.033520	0.000000	11.2
1159	-1.018720	137.967779	0.004275	9.5
1160	-0.255002	137.902122	0.001755	9.9
1161	-0.000000	137.836548	0.000000	9.4
1162	-0.000000	137.771057	0.000000	15.2
1163	-1.122632	137.705649	0.008941	10.1
1164	-1.101303	137.640324	0.006372	12.8
1165	-1.169781	137.575081	0.005794	11.0
1166	-1.064047	137.509921	0.005577	19.7
1167	-0.000782	137.444842	0.000689	8.6
1168	-1.181125	137.379846	0.004711	9.3
1169	-0.935418	137.314932	0.004767	11.4
1170	-1.159843	137.250100	0.006792	10.9
1171	-0.000000	137.185349	0.000000	11.2
1172	-1.131676	137.120680	0.006302	10.8
1173	-0.026455	137.056092	0.000632	11.7
1174	-0.581846	136.991585	0.004239	9.6
1175	-0.009088	136.927158	0.000289	9.8
1176	-0.000000	136.862813	0.000000	10.0
1177	-0.000000	136.798548	0.000000	9.5
1178	-0.915090	136.734363	0.004659	12.8
1179	-0.000000	136.670259	0.000000	8.9
1180	-0.902852	136.606235	0.004308	9.0
1181	-0.943798	136.542291	0.007040	8.8
1182	-0.812206	136.478426	0.005964	8.7
1183	-1.286302	136.414641	0.005202	8.4
1184	-0.464111	136.350936	0.003250	10.3
1185	-0.055625	136.287310	0.001425	10.0
1186	-1.120841	136.223763	0.006795	10.1
1187	-0.412034	136.160295	0.003103	11.4
1188	-1.183140	136.096905	0.006339	8.4
1189	-1.206903	136.033594	0.005764	9.4
1190	-1.178965	135.970362	0.006499	11.9
1191	-0.861221	135.907208	0.004418	9.6
1192	-0.000322	135.844133	0.000278	9.7
1193	-0.628467	135.781135	0.005019	10.8
1194	-0.147520	135.718215	0.001325	9.7
1195	-0.000000	135.655373	0.000000	11.1
1196	-0.035423	135.592608	0.000386	10.0
1197	-0.333284	135.529921	0.003537	9.8
1198	-0.000000	135.467311	0.000000	9.8
1199	-1.174020	135.404778	0.007032	10.0
1200	-0.000000	135.342322	0.000000	11.9
1201	-0.000000	135.279942	0.000000	11.1
1202	-0.000000	135.217640	0.000000	9.1
1203	-0.151241	135.155413	0.002827	11.0
1204	-0.202757	135.093263	0.002301	9.8
1205	-0.000000	135.031190	0.000000	10.8
1206	-0.013042	134.969192	0.000715	11.3
1207	-0.000000	134.907270	0.000000	9.9
1208	-0.178628	134.845424	0.001740	13.1
1209	-0.123351	134.783653	0.001582	11.8
1210	-0.000000	134.721958	0.000000	11.9
1211	-0.082889	134.660338	0.001209	9.1
1212	-0.004300	134.598793	0.000000	9.3
1213	-0.392871	134.537323	0.002606	17.5
1214	-0.044401	134.475927	0.001185	11.6
1215	-1.046517	134.414607	0.005904	11.7
1216	-1.045731	134.353361	0.005437	8.8
1217	-0.438640	134.292189	0.003315	10.7
1218	-0.273253	134.231092	0.002659	11.7
1219	-0.000000	134.170068	0.000000	9.9
1220	-0.000000	134.109119	0.000000	12.0
1221	-0.298033	134.048243	0.002228	7.5
1222	-0.502567	133.987441	0.003572	8.4
1223	-0.000000	133.926713	0.000000	9.0
1224	-1.016185	133.866057	0.005719	9.5
1225	-0.654746	133.805475	0.003265	10.5
1226	-0.000000	133.744966	0.000000	11.3
1227	-0.747954	133.684530	0.003405	9.9
1228	-0.067108	133.624167	0.001070	10.4
1229	-1.320940	133.563877	0.007015	9.8
1230	-0.537807	133.503658	0.003627	9.3
1231	-0.923753	133.443513	0.004715	9.6
1232	-0.015752	133.383439	0.000630	13.6
1233	-0.007785	133.323437	0.000882	9.1
1234	-0.961097	133.263508	0.007266	9.2
1235	-0.462403	133.203650	0.003303	9.0
1236	-0.864951	133.143864	0.006488	9.3
1237	-1.282982	133.084149	0.006227	9.4
1238	-0.000000	133.024506	0.000000	9.4
1239	-0.706549	132.964934	0.004278	9.2
1240	-0.956986	132.905433	0.006254	10.3
1241	-1.161131	132.846003	0.006401	9.6
1242	-0.010087	132.786643	0.000748	10.1
1243	-0.000000	132.727355	0.000000	9.8
1244	-0.950797	132.668137	0.005577	9.1
1245	-0.000000	132.608989	0.000000	10.7
1246	-1.096252	132.549912	0.007222	9.6
1247	-1.222525	132.490904	0.006443	9.9
1248	-0.190490	132.431967	0.001599	10.4
1249	-0.000000	132.373100	0.000000	9.8
1250	-0.247882	132.314302	0.002348	17.9
1251	-1.043715	132.255574	0.007201	9.9
1252	-1.377188	132.196916	0.007747	10.7
1253	-0.000000	132.138326	0.000000	12.6
1254	-0.000000	132.079806	0.000000	11.2
1255	-0.000000	132.021355	0.000000	9.5
1256	-0.985243	131.962973	0.004774	11.4
1257	-1.367716	131.904660	0.006200	10.8
1258	-0.095854	131.846415	0.001684	10.8
1259	-1.013559	131.788239	0.003926	10.3
1260	-1.061686	131.730131	0.007084	10.2
1261	-0.809914	131.672092	0.004002	10.8
1262	-0.000000	131.614121	0.000000	9.7
1263	-0.040654	131.556217	0.000951	10.1
1264	-1.062193	131.498382	0.005520	10.2
1265	-1.021071	131.440614	0.007718	10.8
1266	-0.000000	131.382914	0.000000	9.9
1267	-0.000000	131.325282	0.000000	10.0
1268	-0.000000	131.267717	0.000000	9.5
1269	-0.770329	131.210219	0.003584	8.6
1270	-0.429354	131.152788	0.003077	9.4
1271	-0.000000	131.095424	0.000000	11.1
1272	-0.000000	131.038127	0.000000	11.9
1273	-0.185579	130.980897	0.002241	16.3
1274	-1.209168	130.923733	0.006633	14.6
1275	-0.326248	130.866636	0.002985	13.7
1276	-0.891500	130.809605	0.003728	9.3
1277	-0.476387	130.752641	0.003189	9.3
1278	-0.053963	130.695742	0.001653	11.3
1279	-0.485007	130.638910	0.005668	10.7
1280	-1.183361	130.582143	0.005527	45.5
1281	-0.000000	130.525442	0.000000	48.2
1282	-0.000000	130.468807	0.000000	40.6
1283	-1.104143	130.412237	0.005985	25.5
1284	-0.064348	130.355733	0.001624	17.4
1285	-0.051663	130.299294	0.001811	17.3
1286	-1.008053	130.242920	0.005178	15.6
1287	-0.311047	130.186611	0.003663	14.0
1288	-1.169184	130.130366	0.007763	12.2
1289	-0.000000	130.074187	0.000000	14.5
1290	-0.177313	130.018072	0.002314	15.2
1291	-0.000000	129.962022	0.000000	13.8
1292	-0.747335	129.906036	0.004802	14.8
1293	-0.062014	129.850114	0.001027	16.1
1294	-0.000092	129.794257	0.000011	14.3
1295	-1.102868	129.738463	0.004935	15.1
1296	-0.618541	129.682734	0.004397	14.3
1297	-1.312707	129.627068	0.006372	15.8
1298	-0.596369	129.571466	0.003869	14.0
1299	-0.285733	129.515927	0.004505	19.0
1300	-0.012639	129.460452	0.000516	10.1
1301	-0.347135	129.405040	0.002926	9.4
1302	-0.642772	129.349692	0.003458	9.0
1303	-0.000000	129.294406	0.000000	10.2
1304	-0.003707	129.239183	0.000323	12.3
1305	-0.000000	129.184024	0.000000	8.7
1306	-0.474396	129.128927	0.005232	10.0
1307	-0.265311	129.073892	0.002038	9.8
1308	-0.619903	129.018921	0.005742	9.5
1309	-0.000000	128.964011	0.000000	10.1
1310	-0.000129	128.909164	0.000128	8.8
1311	-0.207701	128.854379	0.002616	12.3
1312	-0.007826	128.799656	0.000633	13.5
1313	-1.021223	128.744995	0.008218	10.3
1314	-0.000000	128.690396	0.000000	9.9
1315	-0.000000	128.635858	0.000000	13.2
1316	-0.204955	128.581382	0.002161	11.7
1317	-1.201512	128.526968	0.005797	10.4
1318	-0.058895	128.472615	0.001122	16.2
1319	-0.804630	128.418323	0.007800	10.4
1320	-0.623113	128.364092	0.003681	10.3
1321	-0.125852	128.309922	0.002484	10.5
1322	-0.340495	128.255814	0.002036	9.0
1323	-0.000000	128.201766	0.000000	11.4
1324	-0.348254	128.147778	0.002691	9.4
1325	-0.565162	128.093852	0.002636	9.1
1326	-0.000000	128.039985	0.000000	10.6
1327	-0.678884	127.986180	0.003821	9.9
1328	-0.773440	127.932434	0.005884	10.2
1329	-0.000019	127.878749	0.000024	10.5
1330	-0.218151	127.825123	0.001919	7.7
1331	-0.000000	127.771558	0.000000	11.0
1332	-0.723310	127.718052	0.005868	10.4
1333	-0.401257	127.664606	0.003083	9.9
1334	-0.000000	127.611220	0.000000	11.3
1335	-0.047691	127.557893	0.001230	15.8
1336	-0.149604	127.504625	0.004059	16.0
1337	-0.000000	127.451417	0.000000	13.3
1338	-1.026364	127.398268	0.009478	16.4
1339	-0.000000	127.345178	0.000000	12.3
1340	-0.070628	127.292147	0.001113	10.4
1341	-1.162363	127.239175	0.006192	15.2
1342	-0.880971	127.186261	0.006564	10.4
1343	-0.448343	127.133407	0.005067	14.1
1344	-0.982209	127.080610	0.005404	14.1
1345	-0.327025	127.027872	0.002521	10.1
1346	-1.130462	126.975193	0.006329	10.3
1347	-0.000000	126.922572	0.000000	11.4
1348	-1.124179	126.870008	0.005847	16.6
1349	-0.828708	126.817503	0.005008	12.2
1350	-0.088536	126.765056	0.002613	12.9
1351	-0.000000	126.712667	0.000000	9.2
1352	-0.000000	126.660335	0.000000	11.0
1353	-0.150253	126.608061	0.001992	9.9
1354	-0.351155	126.555844	0.002590	14.3
1355	-0.561053	126.503685	0.003749	8.0
1356	-0.972326	126.451583	0.006631	10.3
1357	-0.242654	126.399538	0.003097	10.5
1358	-0.159838	126.347550	0.001539	9.9
1359	-0.471175	126.295619	0.003463	11.1
1360	-0.415910	126.243745	0.003025	11.6
1361	-0.495775	126.191928	0.003189	11.1
1362	-0.799529	126.140168	0.005321	9.3
1363	-1.186720	126.088464	0.006574	9.9
1364	-1.029651	126.036817	0.007831	9.0
1365	-1.132782	125.985226	0.005609	11.2
1366	-1.422358	125.933691	0.008857	9.0
1367	-0.000000	125.882212	0.000000	11.2
1368	-0.768639	125.830790	0.003987	10.9
1369	-0.000000	125.779423	0.000000	9.5
1370	-1.328598	125.728113	0.008153	10.7
1371	-1.452703	125.676858	0.009960	9.0
1372	-0.001944	125.625659	0.000427	9.3
1373	-0.578956	125.574515	0.003243	9.3
1374	-0.288005	125.523427	0.003453	10.6
1375	-0.155619	125.472394	0.003496	18.4
1376	-0.105326	125.421417	0.000946	10.5
1377	-0.000738	125.370495	0.000259	9.8
1378	-0.105883	125.319628	0.001519	8.4
1379	-1.351284	125.268815	0.008590	9.7
1380	-0.000000	125.218058	0.000000	10.2
1381	-0.162180	125.167356	0.002601	8.9
1382	-0.964219	125.116708	0.005639	8.8
1383	-0.000000	125.066115	0.000000	9.2
1384	-0.000000	125.015576	0.000000	12.1
1385	-0.065158	124.965092	0.001095	10.6
1386	-0.672936	124.914662	0.003881	10.6
1387	-1.302590	124.864287	0.008162	9.2
1388	-1.084973	124.813965	0.005163	9.3
1389	-0.000005	124.763698	0.000009	11.8
1390	-0.222459	124.713485	0.001790	10.0
1391	-1.244321	124.663325	0.006651	10.5
1392	-0.088044	124.613219	0.001659	8.9
1393	-0.000000	124.563167	0.000000	10.4
1394	-0.844726	124.513168	0.004724	8.8
1395	-0.016599	124.463223	0.000582	9.9
1396	-0.207770	124.413332	0.002221	10.2
1397	-0.000000	124.363493	0.000000	10.5
1398	-0.324660	124.313708	0.002358	8.5
1399	-0.419984	124.263976	0.002184	11.7
1400	-0.000191	124.214297	0.000114	10.6
1401	-0.239330	124.164671	0.002319	10.2
1402	-0.431242	124.115097	0.003189	9.7
1403	-1.269273	124.065577	0.006457	9.0
1404	-0.007847	124.016109	0.000638	11.6
1405	-0.000000	123.966693	0.000000	9.1
1406	-0.619588	123.917330	0.005997	10.5
1407	-0.949880	123.868020	0.003902	9.3
1408	-0.000000	123.818762	0.000000	19.6
1409	-0.000000	123.769556	0.000000	10.5
1410	-0.181026	123.720402	0.001556	9.3
1411	-0.000000	123.671300	0.000000	9.0
1412	-1.178500	123.622250	0.006291	11.0
1413	-0.198537	123.573252	0.004101	12.6
1414	-1.012748	123.524305	0.004202	9.6
1415	-0.027323	123.475411	0.001265	11.0
1416	-0.394464	123.426568	0.002932	13.3
1417	-1.147102	123.377776	0.006123	10.1
1418	-0.000000	123.329036	0.000000	9.4
1419	-0.000000	123.280347	0.000000	10.3
1420	-0.000000	123.231709	0.000000	14.3
1421	-0.778330	123.183122	0.007056	9.6
1422	-1.090018	123.134587	0.005633	9.8
1423	-0.487773	123.086102	0.002838	11.0
1424	-0.591533	123.037669	0.003667	10.0
1425	-1.078454	122.989286	0.007174	9.4
1426	-0.000000	122.940954	0.000000	11.9
1427	-0.000000	122.892672	0.000000	8.7
1428	-0.103762	122.844441	0.002245	9.9
1429	-1.153717	122.796261	0.006932	9.8
1430	-0.330233	122.748130	0.003854	9.2
1431	-1.251772	122.700050	0.008024	9.3
1432	-0.312561	122.652021	0.002819	9.2
1433	-0.725677	122.604041	0.003762	13.6
1434	-1.020021	122.556111	0.005478	10.5
1435	-0.564798	122.508232	0.003287	9.8
1436	-0.000000	122.460402	0.000000	8.6
1437	-0.000000	122.412622	0.000000	9.8
1438	-0.590535	122.364891	0.003303	10.6
1439	-1.111703	122.317210	0.011137	9.4
1440	-0.942174	122.269579	0.006491	9.9
1441	-0.388489	122.221997	0.003095	9.7
1442	-1.199165	122.174465	0.005685	12.5
1443	-1.112851	122.126981	0.006097	11.4
1444	-0.000000	122.079547	0.000000	10.4
1445	-0.000000	122.032162	0.000000	9.8
1446	-0.000000	121.984826	0.000000	9.9
1447	-1.157931	121.937539	0.008208	10.2
1448	-0.839755	121.890301	0.003650	8.3
1449	-0.275207	121.843112	0.002875	8.9
1450	-0.872648	121.795971	0.004953	10.4
1451	-0.061121	121.748879	0.000816	9.6
1452	-0.000000	121.701835	0.000000	9.7
1453	-0.000000	121.654840	0.000000	10.1
1454	-1.104608	121.607893	0.005481	13.7
1455	-0.202093	121.560994	0.002458	10.8
1456	-0.435308	121.514144	0.003811	11.1
1457	-1.214383	121.467342	0.006765	8.6
1458	-1.025065	121.420588	0.005097	10.4
1459	-0.632993	121.373882	0.003691	9.8
1460	-1.246605	121.327223	0.005835	8.7
1461	-1.157205	121.280613	0.006178	10.5
1462	-0.832937	121.234050	0.004478	10.1
1463	-0.162128	121.187535	0.002853	9.2
1464	-0.032238	121.141067	0.000441	9.8
1465	-0.000000	121.094647	0.000000	10.2
1466	-0.000000	121.048274	0.000000	9.4
1467	-0.766324	121.001949	0.003150	10.9
1468	-0.336730	120.955671	0.003165	10.6
1469	-1.040217	120.909440	0.005834	23.7
1470	-1.223402	120.863256	0.005987	8.7
1471	-1.260242	120.817119	0.009992	9.2
1472	-1.227136	120.771029	0.007320	9.5
1473	-0.429760	120.724986	0.003072	10.3
1474	-0.006414	120.678990	0.001014	9.2
1475	-1.156464	120.633040	0.005518	9.4
1476	-0.000000	120.587137	0.000000	8.6
1477	-0.709904	120.541281	0.004272	10.3
1478	-1.015531	120.495471	0.005382	8.7
1479	-1.095014	120.449707	0.004800	9.6
1480	-0.285886	120.403990	0.003692	9.6
1481	-0.947358	120.358319	0.007683	9.8
1482	-1.164661	120.312694	0.007105	10.3
1483	-0.197598	120.267115	0.001958	9.7
1484	-0.696634	120.221582	0.004299	8.4
1485	-1.201066	120.176096	0.006478	12.9
1486	-0.000000	120.130655	0.000000	10.0
1487	-0.000000	120.085260	0.000000	8.8
1488	-0.004850	120.039910	0.000677	10.0
1489	-0.153963	119.994606	0.001384	10.6
1490	-0.000067	119.949348	0.000055	11.0
1491	-0.000000	119.904135	0.000000	13.2
1492	-0.411548	119.858968	0.002903	9.0
1493	-0.983594	119.813846	0.006342	9.5
1494	-1.116611	119.768769	0.007004	9.3
1495	-0.686458	119.723738	0.004457	11.7
1496	-0.724665	119.678752	0.006584	17.6
1497	-0.151853	119.633810	0.003880	9.2
1498	-0.000000	119.588914	0.000000	9.4
1499	-0.005443	119.544062	0.000087	9.1
1500	-0.034492	119.499256	0.000790	9.5
1501	-1.268067	119.454494	0.005975	9.6
1502	-0.000000	119.409777	0.000000	10.3
1503	-0.618404	119.365104	0.002912	10.8
1504	-0.000000	119.320476	0.000000	9.1
1505	-1.225245	119.275893	0.004465	11.3
1506	-0.893362	119.231353	0.008448	10.9
1507	-0.847554	119.186859	0.005174	9.2
1508	-0.024561	119.142408	0.001001	20.2
1509	-0.348724	119.098002	0.003450	9.1
1510	-0.000000	119.053639	0.000000	9.7
1511	-1.256073	119.009321	0.013914	10.0
1512	-0.105496	118.965047	0.001277	8.4
1513	-0.368465	118.920816	0.002493	9.4
1514	-0.000000	118.876630	0.000000	8.9
1515	-0.000000	118.832487	0.000000	9.9
1516	-0.093414	118.788388	0.001606	15.6
1517	-0.278307	118.744332	0.003593	8.8
1518	-0.000000	118.700320	0.000000	9.8
1519	-0.622650	118.656352	0.004036	10.8
1520	-0.159302	118.612427	0.001520	10.5
1521	-1.037111	118.568545	0.010218	9.4
1522	-0.000000	118.524706	0.000000	10.0
1523	-0.980799	118.480911	0.009208	11.2
1524	-0.000000	118.437159	0.000000	9.5
1525	-0.981540	118.393450	0.004950	12.9
1526	-0.000000	118.349784	0.000000	8.9
1527	-1.086600	118.306160	0.005186	9.7
1528	-1.283694	118.262580	0.006748	9.5
1529	-0.251174	118.219042	0.002591	9.7
1530	-0.000000	118.175548	0.000000	9.4
1531	-0.000000	118.132095	0.000000	10.2
1532	-0.944510	118.088686	0.008969	11.4
1533	-0.000000	118.045319	0.000000	8.4
1534	-1.095266	118.001994	0.004710	17.0
1535	-1.348597	117.958712	0.006561	10.9
1536	-1.139548	117.915472	0.005887	10.1
1537	-1.105877	117.872274	0.005983	9.3
1538	-0.004275	117.829118	0.000015	9.5
1539	-0.000000	117.786005	0.000000	12.7
1540	-0.811231	117.742933	0.003156	9.1
1541	-0.000000	117.699904	0.000000	9.5
1542	-0.000000	117.656916	0.000000	12.8
1543	-1.310699	117.613971	0.008243	10.2
1544	-0.089745	117.571067	0.001243	9.7
1545	-1.035496	117.528205	0.006029	9.5
1546	-0.000000	117.485384	0.000000	10.1
1547	-0.589510	117.442605	0.002765	9.7
1548	-0.563672	117.399867	0.002799	11.3
1549	-0.462729	117.357171	0.003344	15.6
1550	-0.087833	117.314517	0.002311	8.8
1551	-0.000000	117.271903	0.000000	10.1
1552	-0.000000	117.229331	0.000000	12.5
1553	-0.028407	117.186800	0.000723	9.5
1554	-0.856714	117.144311	0.005878	11.9
1555	-1.334716	117.101862	0.006890	15.6
1556	-1.079447	117.059454	0.007962	14.2
1557	-1.174443	117.017087	0.005884	15.5
1558	-0.450143	116.974762	0.002795	13.7
1559	-0.000000	116.932476	0.000000	12.5
1560	-0.000000	116.890232	0.000000	15.2
1561	-0.599825	116.848028	0.003470	11.8
1562	-0.000000	116.805865	0.000000	12.6
1563	-1.311938	116.763743	0.007030	13.7
1564	-0.448865	116.721661	0.004752	14.9
1565	-0.000000	116.679619	0.000000	15.1
1566	-0.000000	116.637618	0.000000	14.4
1567	-0.711010	116.595657	0.003702	11.6
1568	-1.292851	116.553736	0.006087	11.2
1569	-0.005746	116.511855	0.001558	14.9
1570	-0.972094	116.470015	0.005121	14.1
1571	-0.000000	116.428214	0.000000	12.9
1572	-0.842613	116.386454	0.006958	12.4
1573	-0.202758	116.344733	0.001781	14.5
1574	-0.589192	116.303052	0.003722	14.9
1575	-0.096591	116.261412	0.004535	13.2
1576	-0.954690	116.219810	0.005006	14.2
1577	-0.592143	116.178249	0.003655	11.4
1578	-0.000000	116.136727	0.000000	9.7
1579	-0.188755	116.095245	0.001859	10.2
1580	-1.046756	116.053802	0.006145	10.7
1581	-0.016080	116.012398	0.000126	10.5
1582	-0.097818	115.971034	0.001720	9.8
1583	-0.016260	115.929710	0.000765	9.5
1584	-0.252749	115.888424	0.002326	10.3
1585	-0.051772	115.847178	0.001393	10.1
1586	-0.000000	115.805970	0.000000	10.9
1587	-0.000000	115.764802	0.000000	10.0
1588	-1.122389	115.723673	0.006482	22.7
1589	-1.265228	115.682583	0.005710	8.9
1590	-0.000000	115.641532	0.000000	9.7
1591	-0.872628	115.600519	0.003703	9.2
1592	-0.000000	115.559546	0.000000	8.8
1593	-0.944800	115.518610	0.005336	12.9
1594	-0.024753	115.477714	0.001471	9.4
1595	-1.182476	115.436856	0.005600	8.9
1596	-1.138644	115.396037	0.005637	9.8
1597	-0.283946	115.355256	0.002579	10.1
1598	-0.000000	115.314514	0.000000	9.1
1599	-0.800902	115.273810	0.004823	10.4
1600	-0.000000	115.233144	0.000000	9.7
1601	-0.539850	115.192517	0.004566	10.2
1602	-0.008727	115.151927	0.000170	10.3
1603	-0.046859	115.111376	0.001285	9.6
1604	-0.006277	115.070863	0.000427	9.7
1605	-0.000000	115.030388	0.000000	12.9
1606	-0.966128	114.989951	0.005421	10.6
1607	-0.988775	114.949551	0.005477	9.2
1608	-0.602265	114.909190	0.003203	9.1
1609	-0.824120	114.868866	0.004016	10.4
1610	-0.731455	114.828580	0.005383	10.0
1611	-1.302717	114.788332	0.007122	10.8
1612	-0.821565	114.748121	0.005119	11.3
1613	-0.000000	114.707948	0.000000	8.6
1614	-1.213089	114.667812	0.004811	9.1
1615	-0.717088	114.627714	0.005182	10.4
1616	-0.000000	114.587653	0.000000	9.6
1617	-1.046836	114.547629	0.007951	9.5
1618	-0.765378	114.507643	0.003937	9.8
1619	-0.538039	114.467693	0.003609	9.3
1620	-0.987739	114.427781	0.004217	9.8
1621	-0.101705	114.387907	0.001846	9.1
1622	-0.008798	114.348069	0.000416	9.4
1623	-0.970506	114.308268	0.004867	12.8
1624	-0.787188	114.268504	0.004715	9.5
1625	-0.275807	114.228777	0.001592	11.7
1626	-0.000000	114.189086	0.000000	9.6
1627	-1.045814	114.149433	0.005405	9.6
1628	-0.942548	114.109816	0.006309	10.5
1629	-0.000005	114.070235	0.000004	10.4
1630	-1.023623	114.030692	0.006485	8.8
1631	-1.135854	113.991185	0.005811	9.8
1632	-0.914867	113.951714	0.004352	9.9
1633	-0.826818	113.912280	0.004933	17.1
1634	-1.098160	113.872882	0.004309	9.5
1635	-0.232611	113.833521	0.001883	8.4
1636	-1.019489	113.794195	0.004928	10.3
1637	-1.189555	113.754906	0.004858	8.6
1638	-1.123316	113.715653	0.008144	23.6
1639	-0.000000	113.676437	0.000000	9.3
1640	-0.059315	113.637256	0.000638	14.8
1641	-0.249426	113.598111	0.003139	9.2
1642	-0.000000	113.559002	0.000000	8.4
1643	-0.511377	113.519929	0.004192	8.7
1644	-0.000000	113.480892	0.000000	10.1
1645	-0.239367	113.441891	0.003125	9.5
1646	-0.909365	113.402925	0.004349	15.5
1647	-0.277717	113.363995	0.003704	9.5
1648	-0.470870	113.325101	0.002514	10.1
1649	-0.000000	113.286242	0.000000	10.6
1650	-0.000000	113.247419	0.000000	9.6
1651	-0.777854	113.208631	0.005567	9.2
1652	-0.128035	113.169879	0.001949	14.6
1653	-0.000000	113.131162	0.000000	15.3
1654	-0.000000	113.092480	0.000000	9.7
1655	-0.969114	113.053833	0.005168	10.7
1656	-0.857739	113.015222	0.004115	9.6
1657	-0.130396	112.976646	0.001366	9.5
1658	-0.937460	112.938105	0.004101	10.0
1659	-0.008614	112.899599	0.000169	10.0
1660	-0.775245	112.861128	0.005730	9.0
1661	-1.255039	112.822692	0.005946	9.9
1662	-0.000000	112.784291	0.000000	11.0
1663	-0.786655	112.745924	0.004419	9.0
1664	-0.365768	112.707593	0.002715	9.1
1665	-0.073443	112.669296	0.001846	8.5
1666	-1.001040	112.631034	0.006025	9.4
1667	-1.162279	112.592806	0.005171	10.3
1668	-0.000000	112.554613	0.000000	9.2
1669	-0.122117	112.516455	0.001368	9.1
1670	-0.012124	112.478331	0.000683	9.5
1671	-1.098989	112.440241	0.006263	10.2
1672	-0.703927	112.402186	0.004454	9.7
1673	-0.682458	112.364165	0.004810	9.4
1674	-0.000000	112.326179	0.000000	10.4
1675	-0.000000	112.288227	0.000000	8.8
1676	-1.295597	112.250309	0.005255	10.1
1677	-0.815829	112.212425	0.006675	11.6
1678	-0.109942	112.174575	0.001826	8.9
1679	-0.839438	112.136759	0.005467	9.8
1680	-0.000000	112.098977	0.000000	10.5
1681	-1.110225	112.061229	0.005892	9.4
1682	-0.138938	112.023515	0.002398	8.6
1683	-1.101716	111.985834	0.005416	9.4
1684	-1.239119	111.948188	0.006726	11.8
1685	-0.013910	111.910575	0.000067	10.6
1686	-1.304476	111.872996	0.006443	9.9
1687	-0.688828	111.835450	0.004280	9.9
1688	-1.148259	111.797939	0.004734	10.4
1689	-0.541708	111.760460	0.002961	8.4
1690	-1.377393	111.723015	0.008172	9.6
1691	-0.001761	111.685604	0.000950	14.8
1692	-1.245588	111.648226	0.007540	8.6
1693	-0.224347	111.610881	0.003807	9.1
1694	-0.000000	111.573570	0.000000	9.4
1695	-1.256840	111.536292	0.005581	11.1
1696	-1.126629	111.499047	0.005220	9.8
1697	-0.000000	111.461835	0.000000	10.2
1698	-0.000000	111.424656	0.000000	9.0
1699	-0.397009	111.387510	0.003110	10.9
1700	-1.165319	111.350398	0.005471	13.9
1701	-0.000140	111.313318	0.000051	10.6
1702	-0.468520	111.276271	0.004183	10.0
1703	-0.144910	111.239257	0.001942	9.3
1704	-1.269318	111.202276	0.006577	10.3
1705	-0.123539	111.165328	0.001526	9.8
1706	-0.495921	111.128412	0.003626	9.3
1707	-0.970324	111.091529	0.004640	10.0
1708	-0.000000	111.054679	0.000000	9.7
1709	-0.066693	111.017861	0.001389	8.5
1710	-0.588560	110.981076	0.003363	9.4
1711	-0.581718	110.944323	0.003995	10.6
1712	-1.125069	110.907603	0.005366	10.1
1713	-0.100217	110.870915	0.001368	10.2
1714	-0.222073	110.834259	0.003131	10.6
1715	-1.090156	110.797636	0.006419	9.8
1716	-1.136276	110.761045	0.004707	9.3
1717	-0.000000	110.724486	0.000000	10.0
1718	-0.899040	110.687959	0.003999	12.3
1719	-0.123650	110.651465	0.001945	14.9
1720	-0.000000	110.615002	0.000000	19.4
1721	-0.024158	110.578572	0.000904	9.8
1722	-0.967767	110.542173	0.005029	9.7
1723	-0.836343	110.505807	0.005612	13.0
1724	-0.288659	110.469472	0.002925	9.7
1725	-0.000002	110.433169	0.000005	21.0
1726	-0.819196	110.396898	0.004347	9.8
1727	-0.469149	110.360659	0.003509	9.8
1728	-1.183731	110.324451	0.006186	9.7
1729	-0.012433	110.288276	0.001287	13.3
1730	-0.288123	110.252131	0.002672	8.4
1731	-0.024445	110.216019	0.001823	9.2
1732	-0.633505	110.179937	0.003544	10.7
1733	-0.488361	110.143888	0.004595	10.7
1734	-0.000000	110.107869	0.000000	10.0
1735	-0.075659	110.071882	0.001000	9.8
1736	-1.172079	110.035927	0.006001	8.9
1737	-0.658788	110.000003	0.003318	8.9
1738	-0.000000	109.964110	0.000000	12.0
1739	-1.057421	109.928248	0.008987	9.3
1740	-0.000000	109.892417	0.000000	11.8
1741	-0.000000	109.856618	0.000000	10.8
1742	-1.236226	109.820850	0.006670	9.9
1743	-0.121524	109.785112	0.002768	9.8
1744	-0.644546	109.749406	0.004268	9.4
1745	-0.000000	109.713730	0.000000	9.8
1746	-0.000000	109.678086	0.000000	14.1
1747	-0.195934	109.642472	0.001966	9.6
1748	-0.000000	109.606890	0.000000	9.9
1749	-0.000000	109.571337	0.000000	8.7
1750	-0.000000	109.535816	0.000000	9.1
1751	-1.151321	109.500326	0.008368	9.9
1752	-0.001328	109.464866	0.000268	12.5
1753	-1.119029	109.429436	0.005303	10.0
1754	-0.000000	109.394038	0.000000	10.3
1755	-0.174316	109.358669	0.002323	9.7
1756	-0.158278	109.323331	0.002218	9.6
1757	-0.000000	109.288024	0.000000	8.4
1758	-0.000000	109.252747	0.000000	11.3
1759	-0.000000	109.217501	0.000000	9.5
1760	-0.000000	109.182284	0.000000	8.1
1761	-0.967789	109.147098	0.005650	9.6
1762	-0.060589	109.111942	0.001183	8.7
1763	-0.000000	109.076817	0.000000	9.2
1764	-1.073989	109.041721	0.005295	23.1
1765	-1.169193	109.006656	0.005843	8.8
1766	-0.339646	108.971620	0.002663	8.6
1767	-1.131417	108.936615	0.005962	10.2
1768	-0.957764	108.901640	0.006789	9.9
1769	-0.069779	108.866694	0.001249	11.0
1770	-0.000001	108.831779	0.000002	9.3
1771	-1.192177	108.796893	0.005061	8.5
1772	-0.020159	108.762037	0.000911	10.6
1773	-0.202034	108.727211	0.001198	9.3
1774	-0.041848	108.692415	0.001022	10.9
1775	-1.163993	108.657648	0.008419	10.6
1776	-0.923318	108.622911	0.005602	10.2
1777	-0.000000	108.588203	0.000000	9.5
1778	-0.271191	108.553525	0.002818	15.7
1779	-1.262171	108.518877	0.009862	10.6
1780	-0.354833	108.484258	0.002891	16.5
1781	-0.000000	108.449668	0.000000	9.7
1782	-0.735608	108.415108	0.004710	11.0
1783	-0.841392	108.380578	0.004419	10.0
1784	-0.000000	108.346076	0.000000	9.7
1785	-0.016532	108.311604	0.000790	9.9
1786	-0.820251	108.277161	0.003819	9.7
1787	-0.000000	108.242747	0.000000	9.3
1788	-0.973733	108.208363	0.005432	10.7
1789	-0.421634	108.174007	0.002148	11.2
1790	-0.000000	108.139681	0.000000	9.8
1791	-0.004085	108.105383	0.000537	8.6
1792	-0.075640	108.071115	0.000970	8.8
1793	-1.136458	108.036875	0.008174	9.9
1794	-0.019618	108.002665	0.000771	17.9
1795	-0.361847	107.968483	0.002416	13.0
1796	-0.796607	107.934330	0.004771	12.3
1797	-0.989316	107.900206	0.005054	12.4
1798	-0.000000	107.866111	0.000000	11.6
1799	-0.763218	107.832044	0.003210	11.0
1800	-1.171748	107.798007	0.005568	10.2
1801	-0.366642	107.763997	0.002895	8.8
1802	-0.156795	107.730017	0.001652	9.9
1803	-0.000000	107.696065	0.000000	9.6
1804	-0.832446	107.662141	0.004585	11.6
1805	-1.118435	107.628246	0.007092	8.5
1806	-0.017487	107.594379	0.000211	11.4
1807	-1.339610	107.560541	0.006666	11.6
1808	-1.340272	107.526731	0.005501	9.5
1809	-0.007366	107.492949	0.000261	9.5
1810	-0.289762	107.459196	0.001964	9.3
1811	-0.266123	107.425471	0.002130	10.7
1812	-1.220386	107.391774	0.006944	9.7
1813	-0.014493	107.358106	0.000691	9.9
1814	-0.897431	107.324465	0.006463	8.2
1815	-0.901509	107.290853	0.008153	12.3
1816	-0.052118	107.257268	0.000983	10.7
1817	-0.959222	107.223712	0.003814	9.4
1818	-0.591420	107.190184	0.004130	9.5
1819	-0.738555	107.156683	0.005005	8.5
1820	-0.900977	107.123211	0.003692	9.2
1821	-0.000000	107.089766	0.000000	10.2
1822	-0.087381	107.056349	0.001931	9.6
1823	-0.000000	107.022960	0.000000	9.2
1824	-0.178879	106.989599	0.002325	10.2
1825	-0.667097	106.956265	0.003789	9.7
1826	-1.163975	106.922960	0.006018	8.3
1827	-0.998473	106.889681	0.005842	8.9
1828	-0.824700	106.856431	0.005558	13.3
1829	-0.000000	106.823208	0.000000	10.6
1830	-1.135278	106.790012	0.007212	10.1
1831	-1.178535	106.756844	0.005485	8.7
1832	-0.887577	106.723703	0.004774	9.0
1833	-1.234136	106.690590	0.007015	8.9
1834	-0.294222	106.657505	0.002484	9.0
1835	-0.965202	106.624446	0.004455	12.9
1836	-1.144742	106.591415	0.005901	9.9
1837	-0.925837	106.558411	0.003947	9.4
1838	-0.000000	106.525435	0.000000	9.2
1839	-0.745333	106.492485	0.004409	13.2
1840	-1.015261	106.459563	0.007160	10.7
1841	-0.397287	106.426668	0.003473	10.1
1842	-0.829340	106.393800	0.004542	9.3
1843	-0.931149	106.360959	0.004417	13.1
1844	-1.204132	106.328145	0.004738	8.8
1845	-1.221666	106.295358	0.007901	8.7
1846	-0.991324	106.262598	0.005052	10.8
1847	-0.897249	106.229865	0.005107	9.9
1848	-0.000000	106.197158	0.000000	9.3
1849	-1.310578	106.164479	0.006642	15.7
1850	-0.000000	106.131826	0.000000	9.5
1851	-0.000000	106.099201	0.000000	9.6
1852	-0.000000	106.066602	0.000000	12.3
1853	-0.090080	106.034029	0.001755	10.8
1854	-0.712463	106.001483	0.003650	9.2
1855	-0.000000	105.968964	0.000000	10.4
1856	-0.483682	105.936472	0.003441	9.0
1857	-0.000000	105.904006	0.000000	23.4
1858	-0.157051	105.871566	0.002210	9.5
1859	-0.286697	105.839153	0.002728	9.8
1860	-0.000000	105.806767	0.000000	9.2
1861	-0.929281	105.774407	0.004597	10.6
1862	-0.008706	105.742073	0.000152	9.6
1863	-0.024526	105.709766	0.001143	8.5
1864	-0.981070	105.677485	0.006828	9.8
1865	-0.084151	105.645230	0.001073	11.0
1866	-0.000727	105.613001	0.000299	9.6
1867	-1.036258	105.580799	0.006630	8.4
1868	-0.011334	105.548623	0.000999	12.4
1869	-0.470729	105.516473	0.002470	13.2
1870	-0.941339	105.484349	0.013051	11.8
1871	-0.809606	105.452251	0.005046	8.6
1872	-0.330802	105.420179	0.002330	9.8
1873	-1.180154	105.388133	0.005364	9.6
1874	-0.000000	105.356113	0.000000	9.1
1875	-0.000000	105.324119	0.000000	9.3
1876	-1.377212	105.292151	0.007178	9.4
1877	-1.264134	105.260209	0.006900	8.9
1878	-0.715147	105.228293	0.003100	9.1
1879	-0.211841	105.196402	0.002383	10.1
1880	-1.230247	105.164537	0.006250	9.3
1881	-0.442166	105.132698	0.003122	9.1
1882	-0.000000	105.100885	0.000000	10.0
1883	-0.492650	105.069097	0.004275	8.4
1884	-0.856334	105.037335	0.003741	16.0
1885	-0.002355	105.005598	0.000585	11.4
1886	-1.195637	104.973887	0.006098	9.5
1887	-0.020045	104.942202	0.000578	10.0
1888	-0.000000	104.910542	0.000000	9.8
1889	-0.000000	104.878907	0.000000	9.5
1890	-0.058078	104.847298	0.001400	9.8
1891	-0.638457	104.815715	0.004393	9.6
1892	-1.069548	104.784156	0.005197	9.9
1893	-0.000000	104.752623	0.000000	8.5
1894	-1.015452	104.721116	0.009466	10.5
1895	-0.000000	104.689633	0.000000	9.1
1896	-1.045133	104.658176	0.004878	9.5
1897	-0.764997	104.626744	0.004486	9.7
1898	-0.000000	104.595337	0.000000	9.9
1899	-0.203892	104.563955	0.002429	8.3
1900	-1.029156	104.532599	0.003935	10.1
1901	-0.358480	104.501267	0.004060	8.9
1902	-1.054279	104.469960	0.009392	9.5
1903	-0.264165	104.438679	0.002188	17.1
1904	-0.000000	104.407422	0.000000	9.8
1905	-0.410321	104.376191	0.003027	13.7
1906	-0.018899	104.344984	0.000698	10.2
1907	-0.430924	104.313802	0.003204	9.8
1908	-0.003105	104.282645	0.000793	10.1
1909	-1.054546	104.251513	0.004798	12.1
1910	-0.000000	104.220405	0.000000	9.7
1911	-0.253000	104.189323	0.003444	13.2
1912	-0.000000	104.158265	0.000000	10.0
1913	-0.249951	104.127231	0.002431	10.6
1914	-0.039604	104.096222	0.001113	9.5
1915	-1.230528	104.065238	0.005675	8.5
1916	-0.822902	104.034279	0.004590	10.6
1917	-0.000000	104.003344	0.000000	9.8
1918	-0.000000	103.972433	0.000000	8.7
1919	-1.153354	103.941547	0.004586	11.0
1920	-0.524366	103.910686	0.004226	10.4
1921	-0.000000	103.879849	0.000000	9.6
1922	-0.007463	103.849036	0.000607	8.8
1923	-0.676786	103.818248	0.003744	9.1
1924	-1.106145	103.787484	0.007163	9.3
1925	-0.040668	103.756744	0.001379	9.8
1926	-0.117785	103.726029	0.001523	9.7
1927	-1.157969	103.695338	0.005589	10.3
1928	-0.000000	103.664671	0.000000	10.0
1929	-0.036207	103.634028	0.001046	9.4
1930	-0.000000	103.603409	0.000000	9.1
1931	-1.306938	103.572814	0.006443	10.5
1932	-0.181903	103.542244	0.002784	11.0
1933	-0.642675	103.511698	0.003709	9.7
1934	-0.532379	103.481175	0.005526	8.7
1935	-0.954607	103.450677	0.005331	8.2
1936	-0.055990	103.420202	0.001401	11.6
1937	-0.034200	103.389752	0.001172	14.2
1938	-0.000000	103.359325	0.000000	9.3
1939	-1.308981	103.328922	0.010254	8.8
1940	-0.000000	103.298543	0.000000	9.7
1941	-0.000000	103.268188	0.000000	9.5
1942	-1.244392	103.237857	0.007513	9.7
1943	-0.000000	103.207549	0.000000	9.3
1944	-0.000000	103.177265	0.000000	8.5
1945	-0.548862	103.147005	0.003867	11.1
1946	-0.007521	103.116768	0.001589	9.0
1947	-0.000000	103.086556	0.000000	9.3
1948	-0.651989	103.056366	0.004209	7.7
1949	-0.029342	103.026200	0.000628	11.5
1950	-1.010837	102.996058	0.004871	10.1
1951	-0.373177	102.965939	0.003202	11.0
1952	-0.619969	102.935844	0.004659	9.2
1953	-1.162609	102.905772	0.004513	14.7
1954	-0.225041	102.875724	0.001583	9.9
1955	-0.896216	102.845699	0.004154	8.9
1956	-0.151580	102.815697	0.001978	9.5
1957	-0.006581	102.785719	0.000105	10.4
1958	-0.000000	102.755764	0.000000	9.7
1959	-0.924085	102.725832	0.004639	8.7
1960	-0.826193	102.695924	0.003168	10.9
1961	-0.000000	102.666038	0.000000	11.1
1962	-0.439164	102.636176	0.003362	7.8
1963	-0.796510	102.606337	0.004110	12.6
1964	-1.070745	102.576521	0.007279	10.0
1965	-0.000000	102.546728	0.000000	10.3
1966	-1.066743	102.516959	0.004566	12.9
1967	-0.000000	102.487212	0.000000	8.4
1968	-0.023089	102.457488	0.000724	11.2
1969	-0.000000	102.427788	0.000000	10.6
1970	-0.303412	102.398110	0.002271	9.4
1971	-1.270694	102.368455	0.006335	9.5
1972	-0.816674	102.338823	0.005202	9.2
1973	-1.120807	102.309214	0.006185	14.2
1974	-0.000000	102.279628	0.000000	8.1
1975	-1.142369	102.250064	0.004876	9.5
1976	-0.986536	102.220524	0.007771	10.7
1977	-0.267976	102.191006	0.003929	9.7
1978	-1.240704	102.161511	0.006605	9.5
1979	-0.008509	102.132038	0.000421	8.8
1980	-1.279099	102.102588	0.006182	10.5
1981	-0.198473	102.073161	0.004112	8.7
1982	-0.306365	102.043757	0.003506	9.0
1983	-0.074136	102.014375	0.001498	12.7
1984	-0.000000	101.985015	0.000000	9.5
1985	-0.000000	101.955678	0.000000	9.4
1986	-0.580604	101.926364	0.003638	9.0
1987	-0.000000	101.897072	0.000000	10.1
1988	-0.264053	101.867802	0.002378	9.9
1989	-0.000000	101.838555	0.000000	14.8
1990	-0.753896	101.809330	0.003733	11.0
1991	-0.413733	101.780128	0.002844	9.3
1992	-0.138570	101.750948	0.001743	9.6
1993	-1.262541	101.721790	0.006267	9.0
1994	-1.251922	101.692654	0.005473	9.5
1995	-0.093981	101.663541	0.001177	10.8
1996	-0.026371	101.634450	0.000154	9.2
1997	-0.642082	101.605381	0.003975	9.3
1998	-1.044066	101.576335	0.004345	8.7
1999	-0.000000	101.547310	0.000000	9.3
