1:ItNr	2:Metric	3:StepSize	4:||Gradient||	Time[ms]
0	-1.179871	627.201626	0.009190	639.1
1	-0.487918	623.504937	0.006094	9.4
2	-1.268782	619.865785	0.011832	10.8
3	-0.996483	616.282728	0.010405	12.3
4	-0.000000	612.754375	0.000000	9.3
5	-0.199508	609.279381	0.002769	9.6
6	-1.199755	605.856447	0.012352	9.7
7	-0.000000	602.484317	0.000000	8.2
8	-0.011219	599.161779	0.000141	9.3
9	-0.724747	595.887656	0.009429	13.2
10	-0.156253	592.660813	0.004111	10.2
11	-1.150927	589.480151	0.009101	8.7
12	-1.155873	586.344606	0.012567	14.1
13	-0.000000	583.253145	0.000000	14.2
14	-0.010679	580.204771	0.001786	13.7
15	-0.985120	577.198517	0.012575	11.1
16	-1.050466	574.233444	0.015308	13.7
17	-1.235480	571.308645	0.009918	12.1
18	-1.188854	568.423237	0.008934	11.3
19	-0.847547	565.576365	0.017619	14.8
20	-0.000000	562.767201	0.000000	18.4
21	-0.602793	559.994938	0.008587	10.7
22	-1.245243	557.258797	0.013869	13.4
23	-0.000000	554.558018	0.000000	15.1
24	-1.239485	551.891865	0.009086	10.5
25	-0.990949	549.259621	0.013852	14.1
26	-0.952410	546.660592	0.009584	14.2
27	-1.088568	544.094102	0.017104	10.3
28	-0.036187	541.559494	0.001418	14.3
29	-0.841173	539.056129	0.009320	14.5
30	-0.000000	536.583387	0.000000	11.4
31	-0.874660	534.140663	0.007169	12.1
32	-0.000000	531.727370	0.000000	9.0
33	-0.647663	529.342935	0.010639	8.9
34	-0.465621	526.986802	0.009778	18.3
35	-0.000000	524.658430	0.000000	14.0
36	-0.110865	522.357290	0.001245	11.0
37	-0.000495	520.082868	0.000262	16.2
38	-0.050123	517.834665	0.002184	15.1
39	-0.998078	515.612193	0.008930	10.1
40	-0.949156	513.414976	0.006916	10.8
41	-0.009679	511.242551	0.000328	11.1
42	-1.294595	509.094468	0.015166	8.5
43	-1.090013	506.970285	0.010714	8.4
44	-0.000000	504.869574	0.000000	14.6
45	-0.128133	502.791916	0.004751	8.1
46	-0.056429	500.736903	0.002130	9.4
47	-1.225982	498.704137	0.012503	9.4
48	-0.017365	496.693228	0.000490	9.5
49	-0.000000	494.703798	0.000000	9.0
50	-0.127148	492.735476	0.002628	8.6
51	-0.000000	490.787900	0.000000	13.5
52	-1.022321	488.860718	0.022909	13.1
53	-1.357255	486.953585	0.010576	9.5
54	-0.536219	485.066164	0.005510	11.7
55	-0.246880	483.198126	0.004615	10.7
56	-0.000000	481.349149	0.000000	15.0
57	-0.270993	479.518920	0.004319	11.1
58	-0.768406	477.707132	0.012804	13.4
59	-0.934521	475.913485	0.015472	10.3
60	-0.373002	474.137684	0.004594	9.1
61	-1.272843	472.379445	0.010323	8.6
62	-0.000000	470.638485	0.000000	9.6
63	-0.000000	468.914531	0.000000	9.5
64	-0.970948	467.207315	0.010781	9.1
65	-1.130664	465.516573	0.011895	11.7
66	-0.000000	463.842050	0.000000	10.9
67	-1.300203	462.183494	0.019887	14.0
68	-1.278174	460.540658	0.007975	8.9
69	-0.109405	458.913303	0.002069	8.9
70	-0.000000	457.301192	0.000000	10.2
71	-0.717464	455.704096	0.010070	23.3
72	-0.000050	454.121787	0.000034	8.9
73	-0.918875	452.554045	0.005923	14.5
74	-1.209479	451.000653	0.009717	8.9
75	-1.188039	449.461399	0.012338	9.7
76	-0.002202	447.936075	0.000960	9.6
77	-0.932104	446.424477	0.006362	9.1
78	-0.144444	444.926406	0.005770	9.8
79	-0.551095	443.441666	0.009184	13.7
80	-0.475899	441.970065	0.008087	8.5
81	-1.320199	440.511415	0.017633	10.1
82	-1.095301	439.065533	0.010459	8.5
83	-1.114155	437.632238	0.014575	9.2
84	-0.021976	436.211351	0.000211	11.3
85	-0.154966	434.802701	0.003061	9.4
86	-0.000000	433.406117	0.000000	8.6
87	-0.000000	432.021430	0.000000	10.0
88	-0.000000	430.648479	0.000000	9.7
89	-0.006833	429.287101	0.001953	12.7
90	-0.057349	427.937140	0.001258	9.8
91	-0.000000	426.598440	0.000000	8.5
92	-0.733804	425.270849	0.010779	12.2
93	-0.014742	423.954220	0.000728	9.2
94	-1.150421	422.648404	0.008460	8.7
95	-0.000000	421.353259	0.000000	10.4
96	-0.000000	420.068643	0.000000	9.3
97	-0.006795	418.794419	0.000002	8.4
98	-0.232548	417.530451	0.003892	11.0
99	-0.000000	416.276604	0.000000	9.1
100	-1.256519	415.032748	0.017482	8.9
101	-0.662968	413.798754	0.006070	14.6
102	-0.000000	412.574495	0.000000	12.8
103	-0.505087	411.359849	0.006065	9.9
104	-1.146827	410.154691	0.006968	9.5
105	-1.148639	408.958904	0.009805	9.9
106	-1.372803	407.772368	0.010147	15.6
107	-1.258926	406.594968	0.013418	10.5
108	-0.496339	405.426590	0.006168	8.4
109	-0.155474	404.267122	0.002423	10.6
110	-0.996140	403.116456	0.011309	9.8
111	-0.067846	401.974481	0.001992	9.8
112	-0.033361	400.841093	0.001884	9.5
113	-1.181314	399.716187	0.011488	9.0
114	-0.247298	398.599660	0.006021	8.9
115	-0.000000	397.491411	0.000000	8.7
116	-0.000000	396.391342	0.000000	10.2
117	-0.392079	395.299353	0.006778	11.4
118	-1.209694	394.215350	0.008154	8.9
119	-0.521966	393.139238	0.005645	16.5
120	-0.996819	392.070924	0.008563	12.2
121	-0.528778	391.010316	0.006218	15.3
122	-0.087814	389.957325	0.001252	7.4
123	-0.962670	388.911862	0.006943	9.0
124	-1.259875	387.873839	0.017269	18.7
125	-1.254381	386.843173	0.016051	11.1
126	-0.000000	385.819777	0.000000	17.6
127	-1.050822	384.803569	0.006074	10.4
128	-0.270939	383.794468	0.004451	13.0
129	-0.000000	382.792393	0.000000	12.9
130	-1.324090	381.797264	0.013908	11.9
131	-0.866001	380.809005	0.013875	10.5
132	-0.171381	379.827537	0.003947	10.6
133	-0.370938	378.852786	0.004625	13.1
134	-1.183060	377.884678	0.009535	14.3
135	-1.388143	376.923138	0.013953	11.5
136	-0.004040	375.968095	0.000620	8.5
137	-1.408670	375.019479	0.012034	12.5
138	-0.952253	374.077218	0.007022	13.3
139	-0.737130	373.141244	0.004730	12.2
140	-0.340957	372.211489	0.004113	10.4
141	-1.372566	371.287887	0.008469	13.1
142	-1.259202	370.370370	0.009386	11.0
143	-0.584514	369.458876	0.003820	11.2
144	-0.047730	368.553338	0.001364	10.2
145	-0.010090	367.653696	0.000751	8.7
146	-0.493854	366.759885	0.003223	10.7
147	-0.387826	365.871846	0.005311	8.7
148	-0.131359	364.989518	0.002586	8.6
149	-0.890612	364.112841	0.007986	8.8
150	-0.000295	363.241757	0.000090	8.1
151	-0.500957	362.376208	0.006696	9.2
152	-0.000000	361.516137	0.000000	10.1
153	-1.304547	360.661488	0.015159	9.1
154	-1.269080	359.812206	0.012205	10.0
155	-0.597459	358.968236	0.006635	8.7
156	-1.054483	358.129524	0.007667	8.1
157	-0.827161	357.296018	0.008611	10.5
158	-0.000000	356.467665	0.000000	9.4
159	-1.328433	355.644414	0.015250	8.9
160	-1.267030	354.826213	0.008609	18.4
161	-1.373805	354.013012	0.014002	9.6
162	-0.000000	353.204763	0.000000	8.1
163	-0.000339	352.401415	0.000184	9.1
164	-0.000000	351.602922	0.000001	13.1
165	-0.000000	350.809235	0.000000	15.3
166	-0.249345	350.020308	0.002459	8.4
167	-1.125687	349.236095	0.009107	10.6
168	-0.595920	348.456550	0.006076	8.7
169	-0.000387	347.681627	0.000127	8.2
170	-1.241602	346.911283	0.011594	9.5
171	-1.456972	346.145474	0.009220	8.6
172	-0.425652	345.384157	0.004835	11.4
173	-1.352001	344.627288	0.011214	9.3
174	-1.251882	343.874826	0.010843	8.9
175	-0.000000	343.126729	0.000000	8.6
176	-1.011141	342.382957	0.007706	9.4
177	-0.000000	341.643469	0.000000	9.7
178	-0.873053	340.908224	0.008474	9.8
179	-1.174015	340.177184	0.015545	8.8
180	-1.098779	339.450309	0.007994	9.2
181	-0.015123	338.727561	0.000411	7.8
182	-0.630929	338.008902	0.008504	9.1
183	-0.039796	337.294295	0.000089	9.1
184	-1.287713	336.583703	0.009997	15.8
185	-1.275855	335.877089	0.013463	8.1
186	-0.963238	335.174416	0.020012	9.0
187	-1.212392	334.475651	0.009414	13.1
188	-0.000000	333.780756	0.000000	16.3
189	-0.000000	333.089698	0.000000	8.7
190	-0.000000	332.402443	0.000000	9.7
191	-0.808288	331.718955	0.020049	9.3
192	-1.313252	331.039203	0.009108	9.4
193	-0.000000	330.363153	0.000000	9.0
194	-0.018983	329.690771	0.001208	8.8
195	-0.000000	329.022027	0.000000	8.8
196	-1.203908	328.356888	0.009916	11.5
197	-0.000000	327.695322	0.000000	8.7
198	-0.863350	327.037299	0.008534	8.3
199	-0.000000	326.382787	0.000000	8.6
200	-0.331903	325.731758	0.005518	9.2
201	-0.000000	325.084179	0.000000	10.0
202	-0.418156	324.440023	0.004547	9.0
203	-1.302123	323.799258	0.012252	9.0
204	-0.639057	323.161858	0.007348	9.0
205	-0.000000	322.527792	0.000000	9.1
206	-0.192779	321.897034	0.001679	10.5
207	-0.000000	321.269554	0.000000	8.2
208	-0.059491	320.645325	0.001547	8.4
209	-0.567654	320.024320	0.004600	9.3
210	-0.296361	319.406512	0.003800	9.4
211	-1.242051	318.791875	0.011431	10.0
212	-0.138480	318.180381	0.002883	8.6
213	-0.000000	317.572005	0.000000	8.8
214	-0.963243	316.966721	0.005285	9.9
215	-0.000000	316.364504	0.000000	9.8
216	-0.000000	315.765329	0.000000	9.7
217	-0.016215	315.169170	0.001024	10.3
218	-1.233110	314.576003	0.006228	15.8
219	-1.181825	313.985804	0.008830	9.1
220	-1.169449	313.398548	0.006587	11.1
221	-0.000277	312.814213	0.000163	10.6
222	-0.158807	312.232773	0.001898	8.6
223	-0.545253	311.654207	0.004835	11.2
224	-1.062354	311.078491	0.009547	11.7
225	-0.000684	310.505602	0.000410	10.1
226	-0.000000	309.935518	0.000000	11.9
227	-0.580571	309.368217	0.006407	12.6
228	-1.299526	308.803676	0.010886	11.3
229	-0.000000	308.241874	0.000000	9.9
230	-1.033865	307.682789	0.009640	11.9
231	-0.000000	307.126400	0.000000	11.5
232	-0.000000	306.572687	0.000000	15.6
233	-0.090336	306.021627	0.001561	17.6
234	-0.868431	305.473201	0.009160	13.5
235	-0.000000	304.927388	0.000000	15.0
236	-0.801767	304.384168	0.009859	12.0
237	-0.122278	303.843521	0.003021	12.6
238	-1.374426	303.305427	0.009920	14.9
239	-0.497690	302.769867	0.005386	12.8
240	-1.039233	302.236821	0.011512	15.7
241	-0.035817	301.706270	0.001360	15.5
242	-0.579861	301.178196	0.004758	15.4
243	-0.331436	300.652580	0.004497	15.6
244	-1.299894	300.129402	0.010727	14.1
245	-1.329197	299.608645	0.011086	13.1
246	-0.000000	299.090291	0.000000	11.7
247	-0.924991	298.574321	0.011568	11.8
248	-0.017358	298.060718	0.001954	12.3
249	-1.445303	297.549465	0.009543	10.8
250	-1.116440	297.040543	0.012263	10.7
251	-0.210089	296.533936	0.002132	10.0
252	-0.000000	296.029626	0.000000	12.1
253	-0.460006	295.527597	0.005830	10.5
254	-1.317834	295.027832	0.006666	9.8
255	-0.001428	294.530315	0.000714	9.1
256	-0.008533	294.035028	0.000019	11.7
257	-0.586782	293.541956	0.008058	9.8
258	-0.000000	293.051083	0.000000	9.4
259	-1.094069	292.562393	0.011942	18.2
260	-0.000000	292.075870	0.000000	14.8
261	-1.152164	291.591498	0.012274	14.0
262	-0.000000	291.109263	0.000000	11.4
263	-0.641041	290.629149	0.007805	9.0
264	-0.416513	290.151140	0.003950	13.5
265	-1.305211	289.675222	0.010439	13.6
266	-0.000000	289.201380	0.000000	16.7
267	-0.000000	288.729600	0.000000	14.5
268	-0.000053	288.259866	0.000031	16.2
269	-1.203103	287.792165	0.012376	15.6
270	-0.000000	287.326481	0.000000	14.9
271	-0.222660	286.862802	0.002103	14.4
272	-0.711476	286.401113	0.004847	13.0
273	-0.842992	285.941400	0.010384	10.7
274	-0.003319	285.483649	0.000945	10.8
275	-0.018308	285.027847	0.001845	10.7
276	-0.559684	284.573981	0.005566	10.1
277	-0.280077	284.122037	0.004022	10.3
278	-0.771772	283.672002	0.007088	9.1
279	-0.000000	283.223863	0.000000	11.3
280	-1.413306	282.777607	0.007152	13.7
281	-0.000000	282.333221	0.000000	11.2
282	-0.758713	281.890692	0.010816	10.7
283	-0.170517	281.450008	0.002011	10.2
284	-1.373786	281.011157	0.013001	9.8
285	-1.085853	280.574125	0.006913	11.3
286	-0.115269	280.138901	0.001355	11.0
287	-1.292978	279.705473	0.009666	11.9
288	-0.000000	279.273829	0.000000	9.7
289	-0.001261	278.843956	0.000701	10.8
290	-0.834585	278.415844	0.008223	11.3
291	-1.002297	277.989479	0.008143	9.8
292	-0.000000	277.564851	0.000000	12.6
293	-0.004256	277.141949	0.000000	9.9
294	-0.522666	276.720761	0.006935	10.3
295	-0.378615	276.301275	0.003091	9.2
296	-1.078299	275.883480	0.011854	9.2
297	-0.777875	275.467366	0.004350	9.9
298	-0.079229	275.052922	0.002347	9.8
299	-0.000000	274.640136	0.000000	11.6
300	-0.765142	274.228998	0.009492	10.9
301	-0.457579	273.819497	0.003311	10.2
302	-0.000000	273.411623	0.000000	10.0
303	-0.999390	273.005365	0.006504	8.5
304	-0.000000	272.600712	0.000000	8.9
305	-0.000000	272.197655	0.000000	9.8
306	-0.000000	271.796184	0.000000	10.6
307	-0.073266	271.396287	0.002506	10.2
308	-0.000000	270.997956	0.000000	10.4
309	-0.871883	270.601180	0.004370	9.5
310	-0.000000	270.205949	0.000000	10.9
311	-0.756702	269.812254	0.006099	10.1
312	-1.455900	269.420085	0.011188	9.9
313	-0.110280	269.029432	0.001756	9.7
314	-0.391538	268.640287	0.004645	9.4
315	-0.762414	268.252638	0.005939	11.1
316	-0.000000	267.866478	0.000000	10.2
317	-0.337623	267.481796	0.003679	10.5
318	-0.000000	267.098584	0.000000	11.0
319	-0.005255	266.716833	0.001753	9.8
320	-1.475521	266.336533	0.012205	10.5
321	-0.000000	265.957676	0.000000	12.9
322	-0.008300	265.580253	0.001197	9.5
323	-1.255905	265.204254	0.006933	10.0
324	-0.076722	264.829672	0.001478	10.5
325	-0.539340	264.456497	0.005111	10.3
326	-0.000000	264.084721	0.000000	10.1
327	-0.000000	263.714335	0.000000	10.5
328	-0.976919	263.345332	0.007521	10.8
329	-0.415846	262.977702	0.003560	10.0
330	-1.334853	262.611438	0.007252	9.7
331	-1.424399	262.246531	0.015855	16.6
332	-0.036530	261.882973	0.000998	9.9
333	-0.515609	261.520756	0.006011	11.0
334	-0.553711	261.159871	0.007954	9.7
335	-1.147887	260.800312	0.008583	11.5
336	-0.051944	260.442070	0.000414	18.7
337	-0.959561	260.085137	0.006853	10.8
338	-0.727111	259.729505	0.005723	10.4
339	-0.055860	259.375167	0.002214	10.4
340	-0.000000	259.022116	0.000000	11.4
341	-0.000553	258.670343	0.000314	10.2
342	-0.065110	258.319841	0.001301	10.2
343	-1.284205	257.970602	0.009086	10.2
344	-0.948174	257.622620	0.011514	10.8
345	-0.000000	257.275887	0.000000	9.4
346	-0.919518	256.930396	0.004904	10.0
347	-0.173506	256.586139	0.002880	10.8
348	-1.420943	256.243109	0.009390	9.9
349	-0.522119	255.901300	0.004749	10.5
350	-0.065044	255.560703	0.003260	10.8
351	-0.041271	255.221313	0.001638	13.9
352	-1.266879	254.883122	0.007503	9.6
353	-1.110140	254.546124	0.012346	9.9
354	-0.483331	254.210311	0.005588	11.5
355	-1.221896	253.875677	0.006389	10.3
356	-0.195254	253.542215	0.003280	10.3
357	-0.821556	253.209918	0.006849	10.8
358	-0.000000	252.878781	0.000000	9.8
359	-1.070578	252.548795	0.008971	14.0
360	-0.291945	252.219956	0.002993	10.0
361	-0.815633	251.892255	0.004385	9.7
362	-1.132736	251.565688	0.013952	9.6
363	-0.037708	251.240247	0.002144	10.0
364	-0.000000	250.915926	0.000000	9.9
365	-0.027958	250.592720	0.001362	10.2
366	-1.125536	250.270621	0.012849	11.3
367	-0.457743	249.949624	0.003334	9.9
368	-0.000000	249.629723	0.000000	10.1
369	-0.365057	249.310911	0.003998	9.9
370	-0.000000	248.993182	0.000000	9.2
371	-0.549403	248.676531	0.005620	9.2
372	-0.000014	248.360952	0.000013	9.8
373	-0.000000	248.046438	0.000000	17.6
374	-0.801807	247.732984	0.005515	9.6
375	-1.285269	247.420584	0.007415	10.1
376	-1.394111	247.109233	0.012167	9.6
377	-0.000000	246.798924	0.000000	12.1
378	-0.000000	246.489652	0.000000	18.0
379	-0.000000	246.181412	0.000000	9.0
380	-0.000000	245.874197	0.000000	9.4
381	-0.000000	245.568002	0.000000	11.9
382	-0.060938	245.262822	0.003388	11.2
383	-1.147481	244.958652	0.016759	9.5
384	-0.613380	244.655485	0.007155	9.8
385	-0.000000	244.353317	0.000000	9.1
386	-0.474909	244.052142	0.004975	10.8
387	-0.488772	243.751955	0.006442	9.8
388	-1.255217	243.452750	0.008842	10.2
389	-0.000000	243.154523	0.000000	8.9
390	-1.118701	242.857268	0.008473	9.8
391	-1.224198	242.560980	0.009164	16.2
392	-0.012838	242.265654	0.001221	10.0
393	-0.000000	241.971285	0.000000	12.8
394	-0.000000	241.677868	0.000000	13.4
395	-1.296028	241.385397	0.010239	10.9
396	-0.990940	241.093869	0.010086	10.2
397	-0.672450	240.803278	0.007315	9.8
398	-0.397169	240.513619	0.004732	10.8
399	-0.973773	240.224887	0.011568	10.5
400	-0.000000	239.937077	0.000000	10.4
401	-0.030082	239.650186	0.002577	10.1
402	-0.000000	239.364207	0.000000	11.3
403	-0.400917	239.079136	0.005111	8.9
404	-1.187416	238.794969	0.005024	10.0
405	-0.000000	238.511701	0.000000	11.2
406	-0.000000	238.229327	0.000000	10.0
407	-0.447590	237.947843	0.005979	9.8
408	-0.942021	237.667244	0.006749	10.0
409	-0.000000	237.387526	0.000000	11.0
410	-0.353288	237.108684	0.004707	11.1
411	-0.010027	236.830714	0.000384	10.9
412	-0.932504	236.553610	0.006372	9.2
413	-0.000000	236.277370	0.000000	10.3
414	-0.000000	236.001989	0.000000	10.2
415	-0.000000	235.727461	0.000000	10.5
416	-1.198815	235.453784	0.007162	9.9
417	-1.295138	235.180952	0.009101	9.7
418	-0.886737	234.908962	0.007145	10.6
419	-1.231975	234.637809	0.008082	9.1
420	-0.525986	234.367488	0.010837	9.7
421	-0.071442	234.097997	0.001886	9.4
422	-0.009376	233.829331	0.000856	11.5
423	-1.283454	233.561485	0.008031	12.5
424	-0.000000	233.294456	0.000000	10.6
425	-0.000000	233.028239	0.000000	9.4
426	-1.352477	232.762831	0.011199	11.3
427	-0.120635	232.498228	0.002939	10.8
428	-0.071910	232.234425	0.002418	8.9
429	-0.000000	231.971419	0.000000	10.8
430	-1.120165	231.709205	0.010609	9.7
431	-1.470949	231.447781	0.011312	9.5
432	-1.059354	231.187141	0.006450	10.2
433	-0.049732	230.927283	0.002575	11.0
434	-0.000000	230.668202	0.000000	9.1
435	-0.400985	230.409895	0.004600	9.5
436	-0.023577	230.152358	0.001644	10.1
437	-0.000000	229.895587	0.000000	12.8
438	-0.154813	229.639578	0.002068	10.1
439	-1.395713	229.384329	0.010082	9.8
440	-0.060909	229.129834	0.001466	10.0
441	-1.342500	228.876091	0.012472	10.0
442	-1.107207	228.623096	0.007645	11.1
443	-0.388704	228.370846	0.003063	9.5
444	-0.000000	228.119336	0.000000	9.0
445	-0.000000	227.868563	0.000000	10.8
446	-0.000000	227.618525	0.000000	9.6
447	-0.000000	227.369216	0.000000	10.7
448	-1.287210	227.120635	0.009408	11.8
449	-0.808707	226.872777	0.003853	10.0
450	-1.064567	226.625638	0.006603	10.3
451	-0.708196	226.379217	0.005539	11.2
452	-0.879088	226.133509	0.009420	11.3
453	-0.253576	225.888510	0.002398	10.5
454	-1.079424	225.644218	0.008518	9.4
455	-0.000033	225.400630	0.000028	9.4
456	-1.050874	225.157741	0.009083	9.9
457	-0.530396	224.915549	0.004792	9.7
458	-0.000000	224.674051	0.000000	9.9
459	-0.000000	224.433242	0.000000	8.9
460	-0.004166	224.193121	0.000008	12.6
461	-0.000000	223.953684	0.000000	11.5
462	-1.088353	223.714927	0.014030	10.0
463	-0.000000	223.476848	0.000000	9.8
464	-0.202442	223.239444	0.003662	11.0
465	-0.599479	223.002710	0.009350	17.5
466	-0.084475	222.766645	0.001723	9.9
467	-0.034067	222.531245	0.001166	9.8
468	-0.000279	222.296508	0.000160	9.8
469	-0.282860	222.062429	0.002073	9.9
470	-0.000000	221.829007	0.000000	9.8
471	-0.000000	221.596238	0.000000	10.0
472	-1.401791	221.364119	0.010098	18.1
473	-0.698453	221.132647	0.004186	8.9
474	-0.268000	220.901820	0.004427	10.2
475	-1.120707	220.671634	0.015875	10.7
476	-1.077851	220.442086	0.011172	13.5
477	-0.876140	220.213174	0.011481	9.3
478	-0.000000	219.984895	0.000000	10.5
479	-0.000049	219.757246	0.000020	10.4
480	-1.004093	219.530224	0.005697	14.8
481	-0.048182	219.303826	0.001652	14.7
482	-0.126516	219.078050	0.001637	10.6
483	-0.052681	218.852893	0.000943	14.1
484	-0.035109	218.628352	0.001369	13.3
485	-0.482574	218.404424	0.003497	11.5
486	-0.376219	218.181106	0.004191	11.5
487	-1.085813	217.958397	0.009554	12.0
488	-0.022600	217.736292	0.001717	13.6
489	-0.000000	217.514790	0.000000	14.9
490	-0.000000	217.293888	0.000000	14.1
491	-0.000000	217.073584	0.000000	14.0
492	-0.011142	216.853873	0.000566	11.2
493	-0.899307	216.634755	0.008899	12.2
494	-0.033923	216.416227	0.002672	12.8
495	-1.293243	216.198285	0.008523	13.5
496	-0.000000	215.980927	0.000000	15.8
497	-0.366897	215.764151	0.002824	14.1
498	-1.173420	215.547955	0.007724	13.1
499	-0.811091	215.332335	0.005298	10.9
500	-0.034536	215.117289	0.001235	12.1
501	-0.043704	214.902815	0.001138	12.8
502	-1.304852	214.688911	0.011180	14.8
503	-1.291211	214.475573	0.010508	16.0
504	-1.085122	214.262800	0.008605	15.8
505	-1.055537	214.050588	0.008421	18.5
506	-0.000000	213.838936	0.000000	8.6
507	-0.044619	213.627842	0.001349	11.0
508	-0.398429	213.417302	0.003514	22.7
509	-0.000000	213.207314	0.000000	9.6
510	-0.502912	212.997877	0.004191	9.7
511	-1.131948	212.788987	0.008848	9.9
512	-0.514845	212.580642	0.004193	9.6
513	-0.000000	212.372841	0.000000	9.3
514	-1.115777	212.165581	0.009790	10.9
515	-0.000087	211.958859	0.000059	9.5
516	-0.000000	211.752673	0.000000	13.5
517	-1.210849	211.547021	0.010494	9.7
518	-1.335497	211.341902	0.010878	10.1
519	-0.000001	211.137311	0.000001	8.9
520	-0.424486	210.933248	0.002812	9.4
521	-0.001225	210.729710	0.000416	10.1
522	-1.326400	210.526695	0.009132	8.3
523	-0.398380	210.324200	0.003040	10.2
524	-0.000000	210.122224	0.000000	11.1
525	-0.004220	209.920765	0.000131	10.5
526	-0.000000	209.719820	0.000000	10.1
527	-0.000000	209.519387	0.000000	10.0
528	-0.000000	209.319463	0.000000	9.2
529	-1.386162	209.120048	0.013762	9.3
530	-0.387538	208.921139	0.005822	10.4
531	-0.616585	208.722733	0.007850	9.5
532	-0.804922	208.524829	0.007615	10.2
533	-0.922535	208.327425	0.004976	10.5
534	-0.000000	208.130518	0.000000	8.5
535	-1.278325	207.934107	0.008057	10.5
536	-0.049611	207.738189	0.001322	10.3
537	-1.341439	207.542762	0.007863	9.6
538	-1.412881	207.347825	0.011021	9.7
539	-0.000000	207.153376	0.000000	8.3
540	-0.000000	206.959412	0.000000	9.2
541	-0.000002	206.765932	0.000001	10.5
542	-1.427794	206.572933	0.008206	9.5
543	-0.458071	206.380414	0.003827	9.9
544	-0.881182	206.188373	0.012395	9.6
545	-0.173853	205.996807	0.001751	8.2
546	-0.801832	205.805716	0.004984	12.9
547	-1.260788	205.615096	0.007996	9.5
548	-1.200568	205.424946	0.012674	12.2
549	-0.000000	205.235265	0.000000	9.7
550	-0.000000	205.046050	0.000000	9.9
551	-0.002984	204.857299	0.000080	10.2
552	-0.014839	204.669011	0.000509	10.0
553	-0.736183	204.481184	0.005917	9.7
554	-0.443262	204.293816	0.007314	10.4
555	-1.122450	204.106905	0.006504	9.4
556	-0.042771	203.920449	0.000517	9.9
557	-0.559094	203.734447	0.004909	9.6
558	-1.339884	203.548896	0.012092	10.0
559	-1.305380	203.363795	0.010312	9.9
560	-0.000000	203.179143	0.000000	10.5
561	-0.774581	202.994937	0.006180	12.6
562	-1.312595	202.811176	0.008779	11.8
563	-0.000000	202.627857	0.000000	10.2
564	-0.012707	202.444980	0.001122	9.0
565	-0.961800	202.262543	0.007188	10.4
566	-0.000000	202.080543	0.000000	11.7
567	-1.294149	201.898979	0.006534	9.0
568	-0.076370	201.717849	0.002843	9.6
569	-0.806129	201.537153	0.004968	10.0
570	-1.469718	201.356887	0.013437	9.4
571	-0.159141	201.177050	0.002113	10.0
572	-0.175916	200.997642	0.004186	9.1
573	-0.309336	200.818659	0.003684	9.8
574	-1.187943	200.640100	0.008330	9.6
575	-0.000000	200.461965	0.000000	9.7
576	-0.879753	200.284250	0.008541	10.1
577	-1.453577	200.106955	0.014198	11.0
578	-0.887139	199.930078	0.007973	9.8
579	-0.000000	199.753617	0.000000	9.9
580	-1.251875	199.577571	0.013306	9.6
581	-0.974269	199.401938	0.005855	10.1
582	-1.050008	199.226717	0.010538	8.5
583	-0.895942	199.051905	0.010102	9.7
584	-0.862851	198.877502	0.005484	9.8
585	-0.985875	198.703506	0.007538	14.6
586	-0.291688	198.529916	0.003497	10.0
587	-0.004470	198.356729	0.000116	9.2
588	-1.353660	198.183944	0.009275	9.5
589	-0.006224	198.011560	0.000848	9.6
590	-0.000000	197.839576	0.000000	9.0
591	-1.275180	197.667989	0.006983	10.0
592	-0.808936	197.496798	0.006242	8.9
593	-0.028644	197.326002	0.001129	11.5
594	-0.241807	197.155600	0.003744	9.9
595	-1.058717	196.985589	0.012329	10.5
596	-1.247355	196.815969	0.007433	9.5
597	-0.391915	196.646738	0.004013	9.3
598	-0.000000	196.477894	0.000000	8.8
599	-1.436255	196.309436	0.010878	10.7
600	-0.000000	196.141363	0.000000	11.7
601	-0.127873	195.973673	0.001587	8.1
602	-0.000000	195.806365	0.000000	8.6
603	-0.011420	195.639437	0.001710	18.6
604	-0.223347	195.472888	0.004854	10.1
605	-0.238051	195.306717	0.002903	9.4
606	-0.007839	195.140922	0.000792	12.7
607	-0.005662	194.975501	0.001005	14.5
608	-0.000000	194.810454	0.000000	9.4
609	-1.230235	194.645779	0.008561	8.8
610	-0.287745	194.481475	0.004271	12.8
611	-0.452669	194.317540	0.004897	8.7
612	-1.044692	194.153973	0.006331	10.4
613	-0.081783	193.990773	0.001833	9.0
614	-0.090664	193.827938	0.001334	9.8
615	-0.000000	193.665467	0.000000	10.4
616	-1.307158	193.503358	0.017167	11.0
617	-1.076308	193.341611	0.009174	9.5
618	-0.099626	193.180224	0.001128	9.4
619	-0.193237	193.019196	0.003026	10.6
620	-0.000000	192.858525	0.000000	9.3
621	-0.020337	192.698210	0.000189	12.0
622	-0.082493	192.538251	0.002347	9.1
623	-1.327739	192.378644	0.011292	8.9
624	-0.855712	192.219391	0.007719	9.4
625	-1.438926	192.060488	0.012897	15.8
626	-1.118753	191.901935	0.007809	9.4
627	-1.271879	191.743730	0.010436	10.1
628	-0.881753	191.585873	0.007682	9.9
629	-0.625145	191.428362	0.004950	8.6
630	-0.619257	191.271196	0.006472	9.5
631	-1.318915	191.114374	0.007886	11.1
632	-0.685581	190.957893	0.003626	9.0
633	-1.431450	190.801755	0.007850	9.5
634	-1.213863	190.645956	0.007458	9.6
635	-0.308691	190.490495	0.003904	9.9
636	-1.389828	190.335373	0.014538	9.3
637	-0.013938	190.180587	0.000457	9.0
638	-0.763896	190.026136	0.004683	10.8
639	-0.905019	189.872019	0.007843	9.1
640	-1.306534	189.718235	0.012581	9.1
641	-1.083373	189.564782	0.006340	10.4
642	-1.042530	189.411661	0.008999	10.3
643	-1.379243	189.258868	0.010518	8.8
644	-0.074502	189.106404	0.002601	9.1
645	-1.309782	188.954267	0.013717	8.4
646	-0.577573	188.802456	0.006236	9.5
647	-1.301358	188.650969	0.007941	11.4
648	-0.559892	188.499807	0.003232	9.8
649	-1.299468	188.348967	0.012211	9.5
650	-0.979367	188.198448	0.010396	9.9
651	-0.002637	188.048250	0.000760	10.4
652	-0.725699	187.898371	0.004782	9.4
653	-0.000000	187.748810	0.000000	9.8
654	-1.235310	187.599566	0.006275	12.6
655	-0.017584	187.450638	0.000761	8.6
656	-1.182592	187.302025	0.010107	13.4
657	-1.272424	187.153725	0.011531	9.5
658	-0.759201	187.005739	0.006043	8.8
659	-0.564320	186.858064	0.005257	9.6
660	-0.053050	186.710699	0.001962	9.3
661	-0.048490	186.563645	0.001883	10.7
662	-0.000412	186.416898	0.000192	10.4
663	-0.301369	186.270459	0.006839	8.5
664	-1.246186	186.124326	0.013160	8.5
665	-0.000000	185.978499	0.000000	19.3
666	-0.015240	185.832976	0.001068	8.7
667	-0.000000	185.687756	0.000000	10.3
668	-1.280944	185.542838	0.008978	9.5
669	-0.002710	185.398222	0.000864	10.1
670	-0.934399	185.253906	0.005271	11.0
671	-0.054367	185.109889	0.002053	9.6
672	-0.312524	184.966170	0.002261	9.4
673	-1.153911	184.822748	0.007771	9.3
674	-0.000000	184.679623	0.000000	9.9
675	-0.414673	184.536792	0.004096	9.2
676	-1.036150	184.394256	0.004706	9.1
677	-0.637191	184.252013	0.006370	10.9
678	-0.000001	184.110062	0.000001	10.8
679	-0.000000	183.968403	0.000000	9.2
680	-0.000000	183.827034	0.000000	10.0
681	-1.341592	183.685954	0.011777	10.5
682	-0.000000	183.545163	0.000000	10.3
683	-0.991990	183.404658	0.008700	9.8
684	-0.472312	183.264441	0.004953	9.6
685	-0.230341	183.124509	0.002755	10.2
686	-1.128680	182.984861	0.013567	9.8
687	-0.127940	182.845497	0.002618	10.7
688	-0.998189	182.706416	0.011272	9.7
689	-0.366860	182.567616	0.004441	11.1
690	-0.000000	182.429098	0.000000	9.3
691	-0.000000	182.290859	0.000000	9.6
692	-0.000008	182.152899	0.000005	10.3
693	-1.120404	182.015217	0.004682	10.1
694	-1.347720	181.877813	0.015582	8.7
695	-0.140426	181.740684	0.002309	10.0
696	-1.220291	181.603832	0.004991	11.8
697	-0.736674	181.467253	0.005388	9.5
698	-1.067088	181.330948	0.011798	10.6
699	-1.020301	181.194916	0.010069	8.9
700	-0.000000	181.059155	0.000000	9.4
701	-0.000000	180.923666	0.000000	11.3
702	-1.220812	180.788446	0.008723	10.6
703	-0.319849	180.653496	0.004406	9.8
704	-1.257947	180.518814	0.007483	10.3
705	-0.028729	180.384399	0.000850	9.9
706	-0.714174	180.250251	0.008433	9.2
707	-0.353646	180.116369	0.004519	9.8
708	-0.034200	179.982752	0.000595	13.6
709	-1.323160	179.849398	0.009969	8.6
710	-0.000000	179.716308	0.000000	9.2
711	-0.000000	179.583480	0.000000	10.0
712	-0.000353	179.450913	0.000024	9.1
713	-0.927855	179.318607	0.005862	10.7
714	-0.000000	179.186561	0.000000	9.9
715	-0.000000	179.054774	0.000000	9.7
716	-1.216747	178.923245	0.004669	10.7
717	-1.210965	178.791973	0.006864	11.0
718	-0.000030	178.660958	0.000027	9.1
719	-0.679726	178.530199	0.006459	15.5
720	-1.284696	178.399694	0.006782	9.6
721	-1.172250	178.269444	0.009917	9.5
722	-0.000000	178.139447	0.000000	10.3
723	-0.000000	178.009702	0.000000	10.2
724	-0.421386	177.880209	0.002816	10.2
725	-1.480024	177.750967	0.010252	10.8
726	-0.108162	177.621975	0.002986	10.1
727	-0.001300	177.493232	0.000350	10.0
728	-1.277511	177.364738	0.012441	8.8
729	-1.253566	177.236492	0.007396	10.0
730	-1.311269	177.108492	0.008140	9.5
731	-1.319190	176.980739	0.014307	8.7
732	-1.241382	176.853231	0.006495	10.1
733	-0.000000	176.725968	0.000000	10.8
734	-0.000000	176.598949	0.000000	10.0
735	-0.406973	176.472173	0.003817	10.8
736	-0.860758	176.345639	0.005204	10.2
737	-0.110921	176.219348	0.002306	10.1
738	-1.179705	176.093296	0.007881	9.8
739	-0.929486	175.967486	0.011640	11.3
740	-1.096763	175.841914	0.005169	15.1
741	-0.425222	175.716581	0.003988	9.5
742	-0.519125	175.591486	0.006676	10.1
743	-0.986523	175.466629	0.005641	10.1
744	-0.021428	175.342008	0.000831	9.1
745	-0.420124	175.217622	0.003583	9.9
746	-0.641686	175.093472	0.005455	8.8
747	-0.000000	174.969556	0.000000	10.0
748	-0.638698	174.845873	0.005121	9.6
749	-1.131917	174.722423	0.012932	10.3
750	-1.362788	174.599206	0.008963	12.7
751	-0.000000	174.476220	0.000000	12.5
752	-0.824096	174.353464	0.005450	9.9
753	-0.891932	174.230939	0.007801	10.1
754	-1.349715	174.108643	0.009278	10.5
755	-0.000000	173.986576	0.000000	10.8
756	-0.292835	173.864737	0.004660	10.0
757	-0.091190	173.743124	0.002374	9.5
758	-1.300687	173.621739	0.011120	10.0
759	-0.580871	173.500579	0.005948	10.9
760	-1.339795	173.379645	0.009577	9.0
761	-0.000000	173.258935	0.000000	12.5
762	-0.451072	173.138449	0.004985	11.5
763	-0.007483	173.018186	0.000855	16.5
764	-0.556823	172.898146	0.005865	8.9
765	-0.236843	172.778327	0.002030	10.0
766	-0.378184	172.658730	0.004139	10.4
767	-0.677644	172.539353	0.004843	9.0
768	-1.187004	172.420196	0.008385	11.6
769	-0.000000	172.301258	0.000000	10.4
770	-0.000000	172.182539	0.000000	12.4
771	-0.000000	172.064037	0.000000	11.6
772	-0.418638	171.945753	0.003576	9.9
773	-0.000000	171.827686	0.000000	9.5
774	-1.081476	171.709834	0.009909	8.9
775	-0.606594	171.592198	0.004073	10.6
776	-0.019777	171.474776	0.000517	9.8
777	-1.304330	171.357568	0.010300	9.9
778	-0.082675	171.240574	0.001883	10.2
779	-0.142450	171.123793	0.001681	8.7
780	-0.614313	171.007223	0.007059	9.1
781	-0.000000	170.890865	0.000000	8.9
782	-1.322557	170.774718	0.010427	9.7
783	-0.000000	170.658782	0.000000	10.0
784	-0.000000	170.543055	0.000000	12.6
785	-0.714081	170.427537	0.004322	9.4
786	-0.000005	170.312227	0.000005	11.4
787	-0.000000	170.197125	0.000000	8.0
788	-0.884328	170.082231	0.008398	8.8
789	-0.000000	169.967543	0.000000	14.8
790	-1.149778	169.853061	0.007048	10.0
791	-0.496908	169.738784	0.005987	9.5
792	-0.629562	169.624713	0.007503	10.9
793	-0.375308	169.510845	0.002276	10.5
794	-0.896210	169.397181	0.010904	15.3
795	-0.218965	169.283720	0.005203	8.6
796	-0.677768	169.170462	0.007041	9.7
797	-1.205613	169.057405	0.013494	10.1
798	-0.270910	168.944549	0.002776	9.0
799	-0.245793	168.831895	0.004245	13.0
800	-0.967456	168.719440	0.005648	9.7
801	-0.438044	168.607185	0.004804	8.8
802	-1.364350	168.495129	0.014834	9.7
803	-1.087975	168.383271	0.008425	9.4
804	-1.262450	168.271611	0.009002	9.8
805	-0.317836	168.160148	0.003408	9.8
806	-0.098949	168.048882	0.001738	9.2
807	-0.000000	167.937812	0.000000	10.7
808	-0.761299	167.826938	0.005448	9.8
809	-0.602406	167.716258	0.004096	9.6
810	-0.138469	167.605773	0.002282	11.5
811	-0.229960	167.495482	0.002724	10.5
812	-0.466906	167.385384	0.005601	10.1
813	-0.000000	167.275479	0.000000	9.9
814	-0.238666	167.165766	0.002023	11.5
815	-1.282643	167.056245	0.010244	9.8
816	-0.016734	166.946915	0.001332	10.4
817	-0.539938	166.837776	0.005316	9.7
818	-0.256617	166.728826	0.003953	10.0
819	-0.196662	166.620067	0.002742	9.5
820	-0.004385	166.511496	0.000097	9.5
821	-0.000000	166.403113	0.000000	10.1
822	-0.000000	166.294919	0.000000	8.1
823	-0.551786	166.186912	0.006422	10.2
824	-1.179160	166.079091	0.008646	10.4
825	-0.950228	165.971458	0.005590	10.0
826	-0.361553	165.864009	0.003675	10.9
827	-0.053715	165.756747	0.000920	9.8
828	-1.308694	165.649669	0.010554	10.8
829	-0.000000	165.542775	0.000000	11.7
830	-0.009060	165.436065	0.000410	7.9
831	-0.722296	165.329538	0.005243	9.7
832	-0.055604	165.223194	0.001550	11.8
833	-0.000000	165.117032	0.000000	9.2
834	-1.241199	165.011052	0.007144	9.8
835	-1.338762	164.905253	0.006653	10.3
836	-1.264931	164.799635	0.008877	8.8
837	-0.297262	164.694197	0.003751	9.7
838	-0.561624	164.588939	0.004227	11.2
839	-1.070349	164.483859	0.010138	9.4
840	-0.019164	164.378959	0.001172	10.4
841	-0.193305	164.274237	0.004124	9.7
842	-1.007763	164.169692	0.011022	8.1
843	-1.008894	164.065325	0.006695	10.0
844	-1.373042	163.961135	0.014538	9.2
845	-0.137295	163.857120	0.000792	9.1
846	-0.132629	163.753282	0.002476	9.9
847	-0.445952	163.649619	0.003299	9.7
848	-0.404775	163.546130	0.004600	9.2
849	-0.027247	163.442816	0.001999	8.9
850	-0.000000	163.339676	0.000000	10.3
851	-1.387200	163.236709	0.006877	9.4
852	-0.273078	163.133915	0.004519	10.0
853	-0.000000	163.031294	0.000000	10.1
854	-0.031349	162.928844	0.000650	9.4
855	-0.437554	162.826566	0.004255	9.7
856	-1.128929	162.724459	0.009342	9.7
857	-0.000000	162.622523	0.000000	10.0
858	-0.177915	162.520757	0.003140	11.6
859	-0.547069	162.419160	0.003744	9.4
860	-0.154953	162.317733	0.005080	10.9
861	-0.534326	162.216474	0.003702	9.3
862	-0.297950	162.115383	0.002947	20.1
863	-0.093848	162.014461	0.002151	9.4
864	-0.000000	161.913705	0.000000	11.0
865	-0.886135	161.813117	0.011721	9.5
866	-0.000000	161.712695	0.000000	9.4
867	-1.408529	161.612439	0.007294	11.2
868	-1.144064	161.512349	0.005398	12.1
869	-0.393610	161.412424	0.005597	9.9
870	-0.832124	161.312663	0.007667	9.2
871	-0.000000	161.213067	0.000000	10.3
872	-0.000000	161.113635	0.000000	9.9
873	-0.000000	161.014366	0.000000	11.0
874	-0.292023	160.915260	0.002913	11.9
875	-0.411117	160.816316	0.005279	9.8
876	-1.324074	160.717535	0.009510	9.9
877	-1.341142	160.618915	0.009839	10.7
878	-0.329809	160.520456	0.005956	11.4
879	-0.297257	160.422158	0.002680	9.2
880	-0.000000	160.324021	0.000000	9.6
881	-0.000103	160.226043	0.000064	10.7
882	-0.000000	160.128225	0.000000	9.2
883	-0.949949	160.030566	0.007119	9.5
884	-0.000000	159.933066	0.000000	10.2
885	-0.493323	159.835723	0.005331	9.4
886	-0.703707	159.738539	0.005691	9.0
887	-0.481498	159.641512	0.003481	10.1
888	-1.469738	159.544642	0.007554	10.4
889	-0.338472	159.447929	0.004150	9.9
890	-1.397747	159.351372	0.011402	8.7
891	-0.000000	159.254971	0.000000	10.7
892	-0.048675	159.158725	0.001837	10.1
893	-0.000000	159.062634	0.000000	8.4
894	-1.310958	158.966697	0.008971	11.2
895	-0.000000	158.870915	0.000000	9.3
896	-1.177145	158.775286	0.007114	8.6
897	-1.249640	158.679811	0.013411	9.5
898	-1.299189	158.584489	0.006799	8.5
899	-0.472034	158.489319	0.003547	9.8
900	-0.000000	158.394302	0.000000	9.4
901	-1.310664	158.299436	0.008784	8.3
902	-1.100076	158.204721	0.009011	9.2
903	-0.119713	158.110158	0.002580	12.3
904	-0.000000	158.015745	0.000000	9.9
905	-0.055656	157.921482	0.003183	10.7
906	-0.000000	157.827369	0.000000	10.7
907	-0.000000	157.733406	0.000000	9.4
908	-0.000000	157.639591	0.000000	9.6
909	-0.929402	157.545925	0.009453	10.8
910	-0.152633	157.452408	0.002663	9.4
911	-0.998416	157.359038	0.003203	23.7
912	-1.105023	157.265816	0.008555	8.7
913	-0.831868	157.172741	0.005943	10.1
914	-0.756261	157.079813	0.006009	12.8
915	-0.764930	156.987031	0.007058	8.9
916	-0.000000	156.894395	0.000000	12.7
917	-0.818195	156.801904	0.004424	9.4
918	-1.266479	156.709559	0.004388	10.6
919	-0.093755	156.617359	0.002423	9.4
920	-1.542647	156.525304	0.009333	9.5
921	-1.250956	156.433392	0.011589	9.9
922	-1.444050	156.341624	0.009258	12.6
923	-1.428416	156.250000	0.008441	9.3
924	-0.586169	156.158519	0.006261	8.5
925	-0.136687	156.067180	0.002569	8.9
926	-0.715103	155.975984	0.004114	10.2
927	-0.446451	155.884930	0.003397	9.6
928	-0.127630	155.794017	0.001572	8.9
929	-1.046660	155.703246	0.007629	14.0
930	-0.001399	155.612615	0.000197	8.8
931	-0.000000	155.522125	0.000000	9.3
932	-0.058364	155.431775	0.003389	11.0
933	-1.209332	155.341565	0.006382	9.0
934	-0.086214	155.251495	0.002508	10.0
935	-0.302890	155.161563	0.003839	12.0
936	-0.255830	155.071771	0.003831	9.4
937	-0.391937	154.982117	0.004078	10.4
938	-0.836063	154.892601	0.006671	10.5
939	-1.292576	154.803222	0.007915	9.9
940	-0.000000	154.713981	0.000000	10.1
941	-1.331027	154.624878	0.007663	10.9
942	-1.098172	154.535910	0.016955	9.9
943	-1.385039	154.447080	0.009259	9.5
944	-1.148085	154.358385	0.008294	10.4
945	-0.000000	154.269826	0.000000	9.1
946	-0.000000	154.181402	0.000000	8.6
947	-1.118927	154.093114	0.011254	9.3
948	-0.315653	154.004960	0.007128	10.4
949	-1.279637	153.916940	0.011145	9.5
950	-0.368515	153.829054	0.004754	10.3
951	-0.711615	153.741303	0.005513	10.7
952	-1.411351	153.653684	0.007694	10.1
953	-1.212117	153.566198	0.007947	9.1
954	-0.000000	153.478846	0.000000	9.8
955	-0.000000	153.391625	0.000000	10.7
956	-1.370504	153.304537	0.008163	9.2
957	-1.006125	153.217580	0.013313	9.2
958	-1.454171	153.130755	0.006858	9.0
959	-0.364731	153.044061	0.003314	10.3
960	-0.603226	152.957498	0.005144	9.7
961	-0.381017	152.871065	0.004640	9.8
962	-0.117336	152.784762	0.003249	9.4
963	-1.406251	152.698589	0.010169	10.6
964	-0.600079	152.612545	0.005702	13.5
965	-0.366934	152.526631	0.005920	13.9
966	-0.919854	152.440845	0.008128	8.9
967	-1.303924	152.355188	0.007096	10.1
968	-0.955512	152.269660	0.005666	10.8
969	-1.330897	152.184259	0.013854	9.8
970	-0.938803	152.098986	0.007101	9.9
971	-1.254690	152.013840	0.008408	8.8
972	-0.308876	151.928821	0.001732	10.5
973	-0.098485	151.843928	0.004149	10.5
974	-0.001981	151.759163	0.000623	9.6
975	-1.002638	151.674523	0.009849	10.7
976	-0.870910	151.590009	0.006008	9.3
977	-0.256682	151.505620	0.003649	10.6
978	-0.446190	151.421357	0.005017	9.5
979	-0.000000	151.337218	0.000000	10.3
980	-1.150308	151.253204	0.006513	10.5
981	-0.171320	151.169314	0.003220	8.7
982	-0.855971	151.085549	0.005785	10.2
983	-1.244516	151.001907	0.009070	11.0
984	-0.377190	150.918388	0.003018	8.1
985	-1.110763	150.834992	0.005284	10.7
986	-0.660817	150.751719	0.007402	9.0
987	-1.400037	150.668569	0.010853	9.8
988	-0.852276	150.585541	0.008845	8.8
989	-1.180242	150.502634	0.004496	9.4
990	-1.019940	150.419849	0.017587	9.6
991	-0.904349	150.337186	0.009683	8.8
992	-1.078171	150.254644	0.005530	9.2
993	-0.058449	150.172222	0.000771	14.6
994	-1.327390	150.089921	0.008210	9.0
995	-0.000000	150.007740	0.000000	10.3
996	-1.473231	149.925679	0.016121	10.6
997	-0.000000	149.843737	0.000000	9.1
998	-1.435250	149.761915	0.009235	11.7
999	-1.179476	149.680212	0.008413	9.3
1000	-0.280579	149.598627	0.004238	8.3
1001	-0.038021	149.517161	0.001082	10.4
1002	-1.270811	149.435814	0.014174	9.5
1003	-0.222372	149.354584	0.003031	16.8
1004	-0.368230	149.273472	0.006372	8.5
1005	-1.449513	149.192477	0.011622	10.5
1006	-0.950062	149.111599	0.006598	9.2
1007	-0.009617	149.030838	0.001746	8.9
1008	-0.227865	148.950194	0.003631	9.7
1009	-0.310075	148.869666	0.006696	13.6
1010	-1.404203	148.789253	0.011588	9.2
1011	-0.589431	148.708957	0.004670	9.5
1012	-0.698604	148.628776	0.008379	9.6
1013	-1.230733	148.548710	0.009570	9.2
1014	-0.000000	148.468759	0.000000	14.2
1015	-0.000000	148.388923	0.000000	8.9
1016	-0.720335	148.309201	0.004134	8.2
1017	-1.242177	148.229594	0.006286	10.1
1018	-1.195516	148.150100	0.013019	10.1
1019	-0.073761	148.070719	0.003925	16.3
1020	-0.052889	147.991452	0.001669	7.3
1021	-1.156760	147.912298	0.006867	8.2
1022	-0.046748	147.833257	0.001052	8.7
1023	-0.000000	147.754329	0.000000	9.2
1024	-0.070286	147.675512	0.002371	9.6
1025	-0.229975	147.596808	0.002963	11.1
1026	-0.261903	147.518216	0.003133	9.6
1027	-0.213487	147.439735	0.001932	8.8
1028	-0.000000	147.361365	0.000000	9.4
1029	-0.678708	147.283106	0.005908	8.5
1030	-1.030062	147.204958	0.010180	9.6
1031	-1.069044	147.126920	0.012689	8.8
1032	-0.425826	147.048993	0.005518	12.2
1033	-1.440768	146.971175	0.009379	9.4
1034	-0.848878	146.893468	0.006667	13.4
1035	-1.316954	146.815869	0.009553	16.2
1036	-0.716446	146.738380	0.007028	15.9
1037	-1.272565	146.661000	0.008600	18.8
1038	-1.416016	146.583729	0.007991	14.4
1039	-0.215025	146.506566	0.002575	14.2
1040	-0.000000	146.429511	0.000000	15.7
1041	-0.574375	146.352565	0.004889	13.5
1042	-0.025356	146.275726	0.000893	15.3
1043	-0.257653	146.198994	0.004313	12.5
1044	-0.000000	146.122370	0.000000	14.3
1045	-0.000000	146.045853	0.000000	12.8
1046	-0.016546	145.969442	0.000410	11.4
1047	-0.220963	145.893139	0.002925	15.0
1048	-0.027954	145.816941	0.000587	14.4
1049	-1.255486	145.740849	0.006574	15.2
1050	-0.145523	145.664863	0.002568	12.3
1051	-0.500324	145.588983	0.004966	12.0
1052	-0.536073	145.513208	0.004463	11.6
1053	-1.316950	145.437538	0.009301	12.7
1054	-1.103695	145.361973	0.011837	13.2
1055	-0.086973	145.286513	0.001410	11.9
1056	-0.000000	145.211157	0.000000	11.3
1057	-0.000000	145.135905	0.000000	14.8
1058	-0.071068	145.060757	0.002577	11.7
1059	-0.000000	144.985712	0.000000	14.5
1060	-0.000000	144.910771	0.000000	12.7
1061	-1.279162	144.835934	0.005885	14.2
1062	-0.000000	144.761199	0.000000	10.0
1063	-0.014009	144.686567	0.000177	10.6
1064	-0.000000	144.612037	0.000000	12.7
1065	-0.000000	144.537610	0.000000	13.9
1066	-1.240351	144.463285	0.005861	14.6
1067	-0.691255	144.389062	0.003936	13.6
1068	-0.514391	144.314940	0.004470	7.6
1069	-0.000000	144.240920	0.000000	13.2
1070	-1.367989	144.167001	0.011675	13.8
1071	-0.314059	144.093182	0.004302	14.6
1072	-1.410984	144.019465	0.008954	9.7
1073	-1.405644	143.945848	0.007217	14.7
1074	-1.098885	143.872331	0.010561	10.3
1075	-0.957555	143.798914	0.003943	11.7
1076	-0.605731	143.725597	0.006185	8.5
1077	-1.219365	143.652380	0.009343	9.0
1078	-0.894622	143.579262	0.005805	8.9
1079	-1.159606	143.506243	0.006963	9.0
1080	-0.148222	143.433323	0.005221	9.9
1081	-0.905828	143.360502	0.005817	10.2
1082	-1.477315	143.287780	0.010557	9.1
1083	-0.000000	143.215155	0.000000	10.8
1084	-0.013950	143.142629	0.000521	10.4
1085	-1.201176	143.070201	0.008117	10.0
1086	-0.000000	142.997870	0.000000	9.0
1087	-1.135229	142.925637	0.011726	9.5
1088	-1.355217	142.853501	0.008145	11.6
1089	-1.035101	142.781462	0.006126	14.6
1090	-0.613466	142.709519	0.002039	10.9
1091	-1.010482	142.637674	0.012726	12.8
1092	-1.151987	142.565924	0.004572	8.6
1093	-1.074431	142.494271	0.005723	9.4
1094	-0.000000	142.422714	0.000000	10.4
1095	-0.000001	142.351252	0.000001	9.5
1096	-1.373983	142.279886	0.009883	9.6
1097	-1.009008	142.208616	0.007458	8.8
1098	-0.000000	142.137440	0.000000	8.5
1099	-0.269157	142.066360	0.002838	9.5
1100	-1.065284	141.995374	0.007211	9.5
1101	-0.000000	141.924483	0.000000	10.4
1102	-1.471801	141.853685	0.010280	11.8
1103	-0.068280	141.782983	0.001622	9.2
1104	-0.000000	141.712373	0.000000	9.1
1105	-1.006550	141.641858	0.009597	9.4
1106	-0.847021	141.571436	0.004709	9.8
1107	-1.315658	141.501108	0.007632	8.8
1108	-1.221318	141.430872	0.011393	11.0
1109	-1.329816	141.360730	0.011199	8.2
1110	-0.000000	141.290680	0.000000	8.9
1111	-0.197468	141.220722	0.002147	9.8
1112	-0.767457	141.150857	0.005585	10.1
1113	-0.464082	141.081084	0.006548	10.1
1114	-0.755004	141.011403	0.004366	9.5
1115	-0.045589	140.941813	0.001052	8.8
1116	-0.000231	140.872315	0.000136	9.1
1117	-0.004545	140.802909	0.000304	9.5
1118	-0.710811	140.733593	0.007116	8.6
1119	-0.037951	140.664369	0.002307	9.1
1120	-0.000000	140.595235	0.000000	9.3
1121	-0.014243	140.526192	0.000614	9.8
1122	-0.518165	140.457239	0.002165	9.8
1123	-0.614586	140.388376	0.004301	10.0
1124	-0.000000	140.319603	0.000000	9.5
1125	-0.829324	140.250920	0.005061	9.5
1126	-1.137304	140.182326	0.005541	18.8
1127	-0.326163	140.113822	0.002366	8.9
1128	-0.010210	140.045407	0.001036	9.0
1129	-0.739073	139.977081	0.006268	10.5
1130	-0.000000	139.908844	0.000000	12.4
1131	-1.132471	139.840696	0.010131	8.0
1132	-0.273155	139.772635	0.002492	9.0
1133	-0.751393	139.704664	0.004999	9.8
1134	-1.124310	139.636780	0.004901	15.4
1135	-0.021167	139.568984	0.001444	9.0
1136	-0.000000	139.501276	0.000000	9.8
1137	-0.000000	139.433655	0.000000	9.1
1138	-0.000000	139.366122	0.000000	10.2
1139	-0.035622	139.298676	0.003617	9.9
1140	-1.148874	139.231317	0.011197	8.6
1141	-0.004755	139.164045	0.000402	8.7
1142	-1.182593	139.096859	0.007804	9.3
1143	-0.974940	139.029760	0.012938	9.6
1144	-0.035250	138.962747	0.001545	8.9
1145	-1.401501	138.895820	0.007160	8.0
1146	-0.000050	138.828978	0.000039	8.3
1147	-1.232257	138.762223	0.008165	9.1
1148	-0.566107	138.695553	0.005506	9.9
1149	-0.023016	138.628969	0.000689	11.0
1150	-0.239915	138.562469	0.001929	8.3
1151	-0.000261	138.496055	0.000137	12.7
1152	-0.333884	138.429725	0.002658	9.0
1153	-1.281899	138.363481	0.008873	8.9
1154	-0.031964	138.297320	0.003320	11.3
1155	-0.000000	138.231244	0.000000	8.8
1156	-1.102956	138.165252	0.008297	8.7
1157	-0.712733	138.099344	0.005906	10.1
1158	-0.778778	138.033520	0.005364	10.8
1159	-1.334895	137.967779	0.008041	8.8
1160	-0.000000	137.902122	0.000000	9.6
1161	-1.332490	137.836548	0.007076	9.1
1162	-0.731940	137.771057	0.003437	9.4
1163	-0.000000	137.705649	0.000000	8.6
1164	-0.623241	137.640324	0.004513	10.8
1165	-0.025696	137.575081	0.001022	10.1
1166	-1.300826	137.509921	0.007930	10.0
1167	-0.006316	137.444842	0.001098	8.4
1168	-0.862851	137.379846	0.004940	8.3
1169	-0.000000	137.314932	0.000000	8.5
1170	-0.000000	137.250100	0.000000	9.7
1171	-0.697659	137.185349	0.003774	10.6
1172	-0.262578	137.120680	0.004693	9.4
1173	-0.000000	137.056092	0.000000	8.0
1174	-1.362211	136.991585	0.008258	7.5
1175	-1.292590	136.927158	0.008581	9.5
1176	-0.518035	136.862813	0.002982	10.3
1177	-0.000000	136.798548	0.000000	8.4
1178	-0.757627	136.734363	0.003807	8.3
1179	-1.021974	136.670259	0.006070	9.8
1180	-1.343898	136.606235	0.006079	9.6
1181	-0.000000	136.542291	0.000000	9.5
1182	-1.400468	136.478426	0.008905	10.8
1183	-0.455129	136.414641	0.004169	9.5
1184	-1.142465	136.350936	0.006439	9.6
1185	-0.770738	136.287310	0.005065	8.8
1186	-0.000000	136.223763	0.000000	10.0
1187	-0.000000	136.160295	0.000000	10.4
1188	-0.678835	136.096905	0.004846	10.9
1189	-0.339117	136.033594	0.003859	8.7
1190	-0.000090	135.970362	0.000066	8.3
1191	-0.185085	135.907208	0.002361	8.3
1192	-1.252664	135.844133	0.007026	8.6
1193	-0.653494	135.781135	0.005196	8.8
1194	-0.000000	135.718215	0.000000	11.3
1195	-0.000000	135.655373	0.000000	9.3
1196	-1.489130	135.592608	0.011065	10.3
1197	-0.000000	135.529921	0.000000	20.0
1198	-0.663913	135.467311	0.007520	8.3
1199	-1.466648	135.404778	0.012623	9.8
1200	-0.844677	135.342322	0.009320	8.9
1201	-0.747953	135.279942	0.006492	9.0
1202	-0.000000	135.217640	0.000000	9.6
1203	-0.199117	135.155413	0.003948	8.8
1204	-0.793835	135.093263	0.006896	10.2
1205	-0.142583	135.031190	0.003240	8.2
1206	-1.182405	134.969192	0.013059	9.2
1207	-0.577345	134.907270	0.005925	8.1
1208	-0.074307	134.845424	0.002022	8.7
1209	-0.115568	134.783653	0.003426	9.3
1210	-0.006620	134.721958	0.000260	9.4
1211	-0.000000	134.660338	0.000000	10.2
1212	-1.314046	134.598793	0.010234	8.8
1213	-0.847065	134.537323	0.007475	9.6
1214	-0.219248	134.475927	0.002555	9.6
1215	-0.857778	134.414607	0.009535	9.8
1216	-0.000000	134.353361	0.000000	9.4
1217	-0.238926	134.292189	0.002794	9.8
1218	-0.288367	134.231092	0.003441	8.5
1219	-1.139836	134.170068	0.014846	9.7
1220	-0.000000	134.109119	0.000000	9.5
1221	-1.122599	134.048243	0.008266	10.6
1222	-0.000000	133.987441	0.000000	9.5
1223	-1.137586	133.926713	0.012602	9.4
1224	-1.026969	133.866057	0.005842	8.9
1225	-0.535823	133.805475	0.004732	19.5
1226	-0.700859	133.744966	0.004644	8.6
1227	-0.000000	133.684530	0.000000	8.4
1228	-0.483400	133.624167	0.005025	8.4
1229	-0.985207	133.563877	0.010222	11.5
1230	-0.242685	133.503658	0.003702	14.1
1231	-0.535059	133.443513	0.002974	7.4
1232	-0.000000	133.383439	0.000000	8.7
1233	-1.321154	133.323437	0.007163	9.1
1234	-0.660601	133.263508	0.004235	9.3
1235	-1.015945	133.203650	0.004142	8.8
1236	-1.389818	133.143864	0.010701	8.8
1237	-0.684134	133.084149	0.003508	9.1
1238	-0.560731	133.024506	0.004707	8.5
1239	-0.819217	132.964934	0.006906	8.9
1240	-1.133642	132.905433	0.005669	9.4
1241	-0.489569	132.846003	0.004496	10.3
1242	-0.051727	132.786643	0.002636	13.3
1243	-0.420229	132.727355	0.002125	8.3
1244	-0.109520	132.668137	0.002479	11.4
1245	-1.356078	132.608989	0.013282	9.3
1246	-0.000000	132.549912	0.000000	8.9
1247	-1.072801	132.490904	0.009425	9.0
1248	-0.111660	132.431967	0.002044	10.5
1249	-1.010531	132.373100	0.015267	9.3
1250	-0.000000	132.314302	0.000000	9.2
1251	-1.108664	132.255574	0.007520	11.9
1252	-0.167637	132.196916	0.002906	9.7
1253	-0.558155	132.138326	0.003801	10.1
1254	-0.690684	132.079806	0.004805	13.5
1255	-0.000000	132.021355	0.000000	8.8
1256	-0.109916	131.962973	0.001942	10.4
1257	-1.159788	131.904660	0.009401	12.2
1258	-0.000000	131.846415	0.000000	15.8
1259	-0.132221	131.788239	0.003348	7.9
1260	-0.782256	131.730131	0.005659	8.4
1261	-0.309405	131.672092	0.001995	9.0
1262	-0.244766	131.614121	0.003344	8.7
1263	-0.905468	131.556217	0.005141	10.7
1264	-1.093899	131.498382	0.010811	10.0
1265	-1.065667	131.440614	0.005860	9.3
1266	-0.628285	131.382914	0.004574	10.1
1267	-0.160752	131.325282	0.002943	10.8
1268	-0.061416	131.267717	0.001060	8.3
1269	-0.709467	131.210219	0.003688	9.7
1270	-1.141979	131.152788	0.010955	8.2
1271	-1.306467	131.095424	0.008772	19.0
1272	-1.013716	131.038127	0.011652	8.5
1273	-0.236147	130.980897	0.004026	8.6
1274	-0.073314	130.923733	0.001117	10.9
1275	-1.103869	130.866636	0.009390	9.2
1276	-1.030275	130.809605	0.005434	8.9
1277	-1.160821	130.752641	0.013639	8.9
1278	-0.538232	130.695742	0.004696	9.8
1279	-0.000000	130.638910	0.000000	8.7
1280	-0.564143	130.582143	0.003580	12.9
1281	-0.000000	130.525442	0.000000	9.5
1282	-0.026250	130.468807	0.000487	8.3
1283	-0.000000	130.412237	0.000000	8.9
1284	-0.712383	130.355733	0.007202	9.7
1285	-0.587173	130.299294	0.006067	9.9
1286	-0.000000	130.242920	0.000000	9.3
1287	-0.412604	130.186611	0.006837	9.1
1288	-0.870017	130.130366	0.005484	9.4
1289	-1.280428	130.074187	0.012715	8.8
1290	-1.262602	130.018072	0.009968	9.0
1291	-1.379738	129.962022	0.010437	9.7
1292	-0.000000	129.906036	0.000000	9.9
1293	-0.000000	129.850114	0.000000	9.6
1294	-0.000000	129.794257	0.000000	9.5
1295	-1.033045	129.738463	0.004262	8.4
1296	-0.000000	129.682734	0.000000	9.2
1297	-0.828186	129.627068	0.006142	8.4
1298	-0.616223	129.571466	0.005644	9.1
1299	-1.236382	129.515927	0.007609	10.3
1300	-0.240662	129.460452	0.002346	8.7
1301	-0.000000	129.405040	0.000000	9.0
1302	-1.293382	129.349692	0.005502	10.9
1303	-0.000000	129.294406	0.000000	13.4
1304	-0.846062	129.239183	0.004102	11.6
1305	-1.465968	129.184024	0.007336	13.8
1306	-1.342732	129.128927	0.013512	13.5
1307	-1.098346	129.073892	0.008510	13.3
1308	-0.040999	129.018921	0.001951	7.7
1309	-0.000000	128.964011	0.000000	12.1
1310	-0.000000	128.909164	0.000000	12.8
1311	-0.056124	128.854379	0.001516	12.0
1312	-0.170587	128.799656	0.002280	14.2
1313	-0.000240	128.744995	0.000076	8.8
1314	-1.254554	128.690396	0.006020	17.1
1315	-1.411297	128.635858	0.009059	11.3
1316	-1.378493	128.581382	0.007011	9.9
1317	-1.348136	128.526968	0.008980	13.6
1318	-0.060419	128.472615	0.002171	9.7
1319	-0.007907	128.418323	0.000702	13.3
1320	-0.621723	128.364092	0.006159	14.2
1321	-0.277649	128.309922	0.004686	14.1
1322	-1.066946	128.255814	0.010931	11.5
1323	-0.439595	128.201766	0.004395	8.6
1324	-1.029766	128.147778	0.009197	11.9
1325	-0.552129	128.093852	0.003684	14.2
1326	-0.110002	128.039985	0.003918	11.6
1327	-1.277577	127.986180	0.010336	8.7
1328	-0.972215	127.932434	0.005426	8.5
1329	-0.634441	127.878749	0.004287	9.0
1330	-0.000000	127.825123	0.000000	8.6
1331	-0.000000	127.771558	0.000000	9.5
1332	-0.000000	127.718052	0.000000	7.5
1333	-0.627966	127.664606	0.006542	14.0
1334	-0.820151	127.611220	0.004848	9.6
1335	-1.227363	127.557893	0.009244	7.9
1336	-0.202960	127.504625	0.002859	9.1
1337	-1.059677	127.451417	0.013693	9.7
1338	-0.000000	127.398268	0.000000	8.6
1339	-0.000000	127.345178	0.000000	9.3
1340	-0.000000	127.292147	0.000000	10.3
1341	-1.380891	127.239175	0.009459	8.3
1342	-0.831474	127.186261	0.003603	10.6
1343	-0.317008	127.133407	0.002219	9.3
1344	-1.280887	127.080610	0.005569	9.3
1345	-0.209095	127.027872	0.003647	8.8
1346	-0.722881	126.975193	0.003942	9.0
1347	-1.453624	126.922572	0.015342	9.4
1348	-1.197602	126.870008	0.013923	9.6
1349	-0.000000	126.817503	0.000000	9.3
1350	-1.463470	126.765056	0.007621	9.3
1351	-0.864080	126.712667	0.007756	9.5
1352	-1.075374	126.660335	0.008542	10.8
1353	-0.000000	126.608061	0.000000	10.2
1354	-0.000000	126.555844	0.000000	8.5
1355	-0.465025	126.503685	0.005067	8.9
1356	-0.000000	126.451583	0.000000	9.1
1357	-1.075100	126.399538	0.007484	10.0
1358	-1.356605	126.347550	0.009932	8.7
1359	-0.000000	126.295619	0.000000	8.8
1360	-0.000000	126.243745	0.000000	15.2
1361	-0.000000	126.191928	0.000000	10.1
1362	-1.021332	126.140168	0.010844	9.6
1363	-0.336230	126.088464	0.004233	8.3
1364	-0.022961	126.036817	0.000492	11.0
1365	-0.000000	125.985226	0.000000	13.4
1366	-0.840263	125.933691	0.005012	8.7
1367	-0.089948	125.882212	0.001777	9.0
1368	-0.836142	125.830790	0.003614	9.4
1369	-0.009816	125.779423	0.000820	9.3
1370	-0.860871	125.728113	0.006112	8.4
1371	-0.531840	125.676858	0.005259	9.4
1372	-1.288867	125.625659	0.007306	9.9
1373	-0.678704	125.574515	0.007650	9.9
1374	-0.000013	125.523427	0.000011	9.4
1375	-0.465247	125.472394	0.002871	9.2
1376	-0.407466	125.421417	0.005863	9.1
1377	-0.029251	125.370495	0.001508	11.9
1378	-0.001846	125.319628	0.000455	9.6
1379	-1.296191	125.268815	0.005682	8.4
1380	-1.374404	125.218058	0.012799	11.5
1381	-1.488090	125.167356	0.011506	10.3
1382	-0.041924	125.116708	0.001277	7.7
1383	-1.012439	125.066115	0.006404	8.7
1384	-0.580151	125.015576	0.003376	9.1
1385	-0.018434	124.965092	0.000915	9.1
1386	-0.000000	124.914662	0.000000	8.4
1387	-0.000000	124.864287	0.000000	9.1
1388	-0.007233	124.813965	0.000685	9.7
1389	-1.053602	124.763698	0.005872	10.5
1390	-0.886044	124.713485	0.007887	9.9
1391	-1.447392	124.663325	0.009714	10.6
1392	-0.526614	124.613219	0.005152	8.1
1393	-0.326678	124.563167	0.005847	9.4
1394	-0.000000	124.513168	0.000000	7.8
1395	-1.197670	124.463223	0.010270	10.2
1396	-0.000977	124.413332	0.000152	10.5
1397	-1.150786	124.363493	0.005815	10.0
1398	-1.380539	124.313708	0.013691	8.8
1399	-0.000000	124.263976	0.000000	8.7
1400	-1.358711	124.214297	0.009990	8.1
1401	-0.145616	124.164671	0.002667	9.3
1402	-0.411975	124.115097	0.003952	8.1
1403	-1.033649	124.065577	0.010786	9.5
1404	-0.335583	124.016109	0.003705	10.8
1405	-1.289071	123.966693	0.009781	8.6
1406	-0.132135	123.917330	0.004851	8.7
1407	-0.951277	123.868020	0.007061	8.6
1408	-0.000005	123.818762	0.000006	10.2
1409	-0.949404	123.769556	0.007064	7.8
1410	-1.276536	123.720402	0.006243	11.5
1411	-1.452094	123.671300	0.008433	8.9
1412	-1.102143	123.622250	0.011328	11.6
1413	-0.000000	123.573252	0.000000	7.8
1414	-0.551801	123.524305	0.004447	8.5
1415	-1.206655	123.475411	0.011580	8.6
1416	-0.687910	123.426568	0.007130	9.0
1417	-0.008631	123.377776	0.000922	9.1
1418	-0.378752	123.329036	0.003752	8.1
1419	-0.115205	123.280347	0.001929	9.0
1420	-0.000000	123.231709	0.000000	8.2
1421	-0.000000	123.183122	0.000000	8.6
1422	-0.163386	123.134587	0.003636	8.4
1423	-1.360367	123.086102	0.011280	8.5
1424	-0.397538	123.037669	0.003378	14.6
1425	-0.851810	122.989286	0.006968	9.3
1426	-0.000004	122.940954	0.000004	8.8
1427	-0.257034	122.892672	0.002555	8.5
1428	-1.377251	122.844441	0.007773	8.8
1429	-0.760397	122.796261	0.006276	10.4
1430	-0.000000	122.748130	0.000000	9.1
1431	-1.266767	122.700050	0.008860	7.9
1432	-1.528188	122.652021	0.008054	10.3
1433	-1.190245	122.604041	0.010528	9.2
1434	-1.155193	122.556111	0.011426	9.0
1435	-0.000000	122.508232	0.000000	8.2
1436	-0.298489	122.460402	0.004018	9.4
1437	-0.500485	122.412622	0.004422	15.6
1438	-1.367444	122.364891	0.011489	8.8
1439	-0.142627	122.317210	0.003596	8.5
1440	-0.462793	122.269579	0.004844	8.6
1441	-0.020986	122.221997	0.000499	8.5
1442	-0.000000	122.174465	0.000000	8.5
1443	-0.000000	122.126981	0.000000	8.0
1444	-0.000000	122.079547	0.000000	8.6
1445	-0.123306	122.032162	0.002000	9.3
1446	-0.129623	121.984826	0.003235	8.7
1447	-0.752254	121.937539	0.004786	9.7
1448	-1.307532	121.890301	0.008170	8.8
1449	-0.362297	121.843112	0.004425	8.6
1450	-0.881145	121.795971	0.005417	8.5
1451	-1.156776	121.748879	0.006862	8.4
1452	-1.375692	121.701835	0.011347	9.1
1453	-0.084772	121.654840	0.001858	8.0
1454	-0.000000	121.607893	0.000000	8.7
1455	-1.505809	121.560994	0.013210	8.5
1456	-0.240277	121.514144	0.005791	9.3
1457	-1.460049	121.467342	0.008780	9.4
1458	-0.138205	121.420588	0.002647	8.8
1459	-1.077842	121.373882	0.007644	10.2
1460	-0.287208	121.327223	0.003667	7.8
1461	-0.973179	121.280613	0.003519	9.0
1462	-0.000000	121.234050	0.000000	10.1
1463	-0.000000	121.187535	0.000000	7.8
1464	-1.160573	121.141067	0.008490	10.3
1465	-1.275834	121.094647	0.007154	8.3
1466	-0.986920	121.048274	0.007652	9.3
1467	-1.158387	121.001949	0.008324	9.5
1468	-0.126214	120.955671	0.002371	8.7
1469	-1.139669	120.909440	0.008712	9.4
1470	-0.000000	120.863256	0.000000	12.2
1471	-0.102130	120.817119	0.002564	8.2
1472	-0.000327	120.771029	0.000160	8.5
1473	-0.999922	120.724986	0.005801	12.7
1474	-0.000000	120.678990	0.000000	8.8
1475	-1.329946	120.633040	0.009391	9.6
1476	-0.723122	120.587137	0.005241	8.3
1477	-0.000000	120.541281	0.000000	8.6
1478	-0.425489	120.495471	0.003486	7.4
1479	-0.174253	120.449707	0.003251	9.4
1480	-0.925310	120.403990	0.006105	8.6
1481	-0.000000	120.358319	0.000000	8.7
1482	-1.303244	120.312694	0.010437	8.5
1483	-0.000000	120.267115	0.000000	8.8
1484	-0.000000	120.221582	0.000000	9.0
1485	-1.222044	120.176096	0.010128	9.1
1486	-1.446898	120.130655	0.011872	8.1
1487	-0.678196	120.085260	0.007153	9.8
1488	-0.670645	120.039910	0.004493	8.5
1489	-0.761781	119.994606	0.004961	8.9
1490	-0.000000	119.949348	0.000000	9.9
1491	-1.057797	119.904135	0.009301	8.3
1492	-0.035574	119.858968	0.001355	9.0
1493	-1.092781	119.813846	0.012457	9.0
1494	-1.374055	119.768769	0.007760	9.7
1495	-0.000000	119.723738	0.000000	7.7
1496	-1.154288	119.678752	0.007916	10.0
1497	-0.948618	119.633810	0.005437	10.6
1498	-0.086789	119.588914	0.001764	9.0
1499	-0.957440	119.544062	0.007474	8.4
1500	-1.224232	119.499256	0.013207	9.2
1501	-1.425363	119.454494	0.009367	7.9
1502	-0.000000	119.409777	0.000000	9.1
1503	-0.138773	119.365104	0.002813	8.5
1504	-0.744669	119.320476	0.005103	9.3
1505	-0.145908	119.275893	0.003244	9.8
1506	-0.135001	119.231353	0.002615	8.2
1507	-0.270082	119.186859	0.003202	9.1
1508	-1.308265	119.142408	0.009849	9.7
1509	-0.457927	119.098002	0.004775	9.1
1510	-1.287412	119.053639	0.006773	9.6
1511	-0.832625	119.009321	0.004167	11.2
1512	-0.959519	118.965047	0.006498	14.7
1513	-0.000000	118.920816	0.000000	9.1
1514	-0.000000	118.876630	0.000000	8.5
1515	-0.174081	118.832487	0.002392	8.3
1516	-1.441710	118.788388	0.010685	8.5
1517	-0.875350	118.744332	0.006846	9.3
1518	-0.129530	118.700320	0.003881	9.3
1519	-0.049267	118.656352	0.001534	9.5
1520	-1.275912	118.612427	0.012822	10.5
1521	-1.051801	118.568545	0.010673	9.5
1522	-1.339984	118.524706	0.011583	8.3
1523	-0.241744	118.480911	0.002671	8.6
1524	-0.000000	118.437159	0.000000	9.1
1525	-0.892290	118.393450	0.008090	9.6
1526	-0.389336	118.349784	0.003406	9.0
1527	-1.403393	118.306160	0.010950	9.0
1528	-0.000000	118.262580	0.000000	11.5
1529	-0.843609	118.219042	0.004771	13.6
1530	-1.475845	118.175548	0.012832	9.2
1531	-1.490489	118.132095	0.011055	8.1
1532	-0.182118	118.088686	0.003291	8.5
1533	-1.184077	118.045319	0.013017	8.9
1534	-0.382410	118.001994	0.004054	9.7
1535	-0.000587	117.958712	0.000046	11.2
1536	-0.012914	117.915472	0.001110	9.0
1537	-0.262836	117.872274	0.002767	10.4
1538	-1.322341	117.829118	0.009205	9.5
1539	-0.000000	117.786005	0.000000	9.0
1540	-0.000000	117.742933	0.000000	7.8
1541	-0.980723	117.699904	0.004357	8.9
1542	-0.000000	117.656916	0.000000	9.4
1543	-0.129027	117.613971	0.003417	8.0
1544	-0.060848	117.571067	0.002909	8.6
1545	-1.123228	117.528205	0.007134	8.3
1546	-1.123360	117.485384	0.006858	8.1
1547	-0.000000	117.442605	0.000000	7.2
1548	-1.174980	117.399867	0.006610	8.8
1549	-0.426691	117.357171	0.002912	9.2
1550	-0.662011	117.314517	0.005400	8.3
1551	-0.301758	117.271903	0.003039	8.6
1552	-0.000336	117.229331	0.000140	9.3
1553	-0.000000	117.186800	0.000000	11.4
1554	-0.993687	117.144311	0.007122	9.4
1555	-0.287494	117.101862	0.004086	8.7
1556	-0.000007	117.059454	0.000007	8.2
1557	-1.070555	117.017087	0.005070	9.9
1558	-0.000000	116.974762	0.000000	8.0
1559	-0.973698	116.932476	0.006782	9.9
1560	-0.350277	116.890232	0.005047	10.9
1561	-0.437282	116.848028	0.005552	8.9
1562	-1.390222	116.805865	0.008917	8.2
1563	-0.000015	116.763743	0.000011	7.7
1564	-0.287021	116.721661	0.003359	9.6
1565	-0.886399	116.679619	0.008043	9.0
1566	-0.691883	116.637618	0.004552	9.4
1567	-1.375544	116.595657	0.007434	9.4
1568	-0.676350	116.553736	0.005661	8.6
1569	-0.004280	116.511855	0.000333	10.7
1570	-1.171011	116.470015	0.009519	8.0
1571	-1.343997	116.428214	0.011588	9.5
1572	-1.353082	116.386454	0.007684	8.7
1573	-1.373890	116.344733	0.007929	9.6
1574	-1.446046	116.303052	0.005433	9.5
1575	-0.829344	116.261412	0.004394	8.5
1576	-0.140142	116.219810	0.002535	9.3
1577	-1.346697	116.178249	0.006829	8.1
1578	-0.041737	116.136727	0.001232	9.5
1579	-1.187582	116.095245	0.010720	9.4
1580	-0.707335	116.053802	0.007029	8.6
1581	-1.201210	116.012398	0.006083	9.3
1582	-0.461800	115.971034	0.005487	9.5
1583	-0.447411	115.929710	0.004244	8.8
1584	-1.384604	115.888424	0.007361	12.3
1585	-0.190958	115.847178	0.003488	8.5
1586	-0.000000	115.805970	0.000000	15.1
1587	-0.018661	115.764802	0.001150	9.4
1588	-0.648772	115.723673	0.004024	11.0
1589	-0.870492	115.682583	0.005911	9.6
1590	-1.398295	115.641532	0.008237	9.0
1591	-0.000000	115.600519	0.000000	9.1
1592	-0.000000	115.559546	0.000000	9.7
1593	-0.851270	115.518610	0.008117	9.9
1594	-1.110193	115.477714	0.004701	10.0
1595	-1.258185	115.436856	0.009014	9.5
1596	-0.296639	115.396037	0.002156	9.6
1597	-0.768698	115.355256	0.011115	8.8
1598	-1.132139	115.314514	0.007765	10.2
1599	-0.710184	115.273810	0.006374	9.1
1600	-1.353892	115.233144	0.010721	9.7
1601	-0.000000	115.192517	0.000000	10.5
1602	-0.000000	115.151927	0.000000	9.1
1603	-1.196754	115.111376	0.008262	9.7
1604	-0.135764	115.070863	0.002614	9.3
1605	-0.061100	115.030388	0.001155	9.1
1606	-1.107435	114.989951	0.011654	8.7
1607	-1.161110	114.949551	0.011735	8.4
1608	-1.222585	114.909190	0.011655	12.0
1609	-0.443913	114.868866	0.007237	8.2
1610	-1.413265	114.828580	0.014107	9.9
1611	-0.209906	114.788332	0.001693	10.4
1612	-1.282693	114.748121	0.007279	9.2
1613	-0.492464	114.707948	0.005472	8.4
1614	-0.453334	114.667812	0.005906	8.6
1615	-1.021905	114.627714	0.010615	10.0
1616	-1.097379	114.587653	0.014673	10.3
1617	-0.893199	114.547629	0.008313	8.4
1618	-1.392599	114.507643	0.013524	9.0
1619	-1.136563	114.467693	0.005454	8.6
1620	-0.000000	114.427781	0.000000	10.1
1621	-0.314748	114.387907	0.004472	9.1
1622	-0.140597	114.348069	0.002581	7.9
1623	-0.419582	114.308268	0.004210	21.5
1624	-1.418130	114.268504	0.008438	7.8
1625	-1.080957	114.228777	0.008923	8.4
1626	-0.000000	114.189086	0.000000	8.5
1627	-1.228699	114.149433	0.006766	9.6
1628	-1.194655	114.109816	0.005866	9.8
1629	-0.000000	114.070235	0.000000	8.7
1630	-0.082531	114.030692	0.001143	9.9
1631	-1.049385	113.991185	0.006078	8.0
1632	-0.091798	113.951714	0.001680	9.3
1633	-0.000000	113.912280	0.000000	8.8
1634	-0.225404	113.872882	0.004185	8.6
1635	-1.401058	113.833521	0.008570	9.2
1636	-1.146245	113.794195	0.009000	8.2
1637	-1.048906	113.754906	0.009117	9.2
1638	-0.000000	113.715653	0.000000	8.6
1639	-0.464944	113.676437	0.007667	8.7
1640	-0.000000	113.637256	0.000000	8.1
1641	-0.476693	113.598111	0.004658	8.4
1642	-0.000000	113.559002	0.000000	8.3
1643	-0.141906	113.519929	0.004132	8.2
1644	-1.391323	113.480892	0.006724	9.2
1645	-1.535320	113.441891	0.010167	9.3
1646	-1.462331	113.402925	0.007921	11.4
1647	-1.368427	113.363995	0.007855	9.6
1648	-1.462228	113.325101	0.007530	11.1
1649	-1.240016	113.286242	0.007379	9.0
1650	-0.005050	113.247419	0.000381	9.2
1651	-0.258854	113.208631	0.005757	9.0
1652	-0.493433	113.169879	0.006028	20.0
1653	-0.129300	113.131162	0.001713	8.1
1654	-0.000029	113.092480	0.000017	10.6
1655	-1.408089	113.053833	0.007166	12.2
1656	-0.193734	113.015222	0.003845	9.1
1657	-0.000000	112.976646	0.000000	10.8
1658	-0.000001	112.938105	0.000001	8.6
1659	-1.373177	112.899599	0.005295	10.7
1660	-0.756035	112.861128	0.003954	10.3
1661	-0.262653	112.822692	0.004127	9.2
1662	-0.012159	112.784291	0.001016	9.9
1663	-0.085116	112.745924	0.001729	7.4
1664	-0.000000	112.707593	0.000000	8.1
1665	-0.000932	112.669296	0.000232	9.8
1666	-0.305605	112.631034	0.003651	8.3
1667	-0.021486	112.592806	0.000862	8.9
1668	-1.043360	112.554613	0.009240	9.8
1669	-0.004350	112.516455	0.000030	9.4
1670	-0.050779	112.478331	0.000708	16.9
1671	-1.310577	112.440241	0.005040	9.3
1672	-1.527753	112.402186	0.009965	9.7
1673	-0.000000	112.364165	0.000000	9.1
1674	-0.790800	112.326179	0.006697	10.2
1675	-1.273640	112.288227	0.006844	8.4
1676	-0.000000	112.250309	0.000000	9.1
1677	-1.027778	112.212425	0.008461	8.7
1678	-1.318519	112.174575	0.007773	8.4
1679	-0.472290	112.136759	0.005296	9.7
1680	-1.086806	112.098977	0.006543	8.2
1681	-0.000000	112.061229	0.000000	9.0
1682	-0.240139	112.023515	0.003067	8.7
1683	-0.630399	111.985834	0.005452	8.5
1684	-1.279732	111.948188	0.006042	9.0
1685	-0.681544	111.910575	0.003738	9.6
1686	-1.500142	111.872996	0.012616	9.8
1687	-0.801267	111.835450	0.004766	8.4
1688	-0.207779	111.797939	0.003249	9.5
1689	-0.957878	111.760460	0.006939	8.6
1690	-1.160518	111.723015	0.007420	8.4
1691	-0.532246	111.685604	0.003377	9.2
1692	-0.000000	111.648226	0.000000	8.7
1693	-0.864724	111.610881	0.006619	9.1
1694	-1.274046	111.573570	0.007757	8.4
1695	-1.373225	111.536292	0.009644	8.3
1696	-0.886518	111.499047	0.005104	9.6
1697	-1.425449	111.461835	0.007537	8.4
1698	-0.142873	111.424656	0.003121	9.5
1699	-1.078874	111.387510	0.006799	8.1
1700	-0.000274	111.350398	0.000167	10.2
1701	-0.024235	111.313318	0.002571	9.6
1702	-0.003396	111.276271	0.000407	8.2
1703	-0.988466	111.239257	0.006886	9.2
1704	-0.609267	111.202276	0.003698	20.5
1705	-1.324576	111.165328	0.004725	13.1
1706	-1.174053	111.128412	0.006405	13.4
1707	-0.000000	111.091529	0.000000	9.3
1708	-1.336256	111.054679	0.014912	9.6
1709	-0.966098	111.017861	0.011765	7.7
1710	-1.248835	110.981076	0.014683	9.8
1711	-0.000000	110.944323	0.000000	9.7
1712	-0.549745	110.907603	0.005549	9.2
1713	-0.000175	110.870915	0.000047	10.3
1714	-0.011977	110.834259	0.000579	9.4
1715	-0.774686	110.797636	0.004733	8.6
1716	-1.080207	110.761045	0.008438	9.6
1717	-1.020144	110.724486	0.006628	8.8
1718	-0.033849	110.687959	0.001005	9.6
1719	-0.000010	110.651465	0.000014	9.8
1720	-0.058666	110.615002	0.003065	10.8
1721	-0.000000	110.578572	0.000000	10.0
1722	-1.093928	110.542173	0.008348	8.6
1723	-0.880495	110.505807	0.005183	12.3
1724	-0.023596	110.469472	0.000572	9.7
1725	-0.000000	110.433169	0.000000	7.9
1726	-1.090451	110.396898	0.006427	8.6
1727	-0.009411	110.360659	0.000588	8.8
1728	-1.361891	110.324451	0.006903	9.0
1729	-1.305453	110.288276	0.010611	11.5
1730	-1.121888	110.252131	0.012853	9.5
1731	-0.000000	110.216019	0.000000	8.2
1732	-1.462806	110.179937	0.010418	15.8
1733	-1.320457	110.143888	0.006897	9.7
1734	-0.000000	110.107869	0.000000	8.1
1735	-0.010057	110.071882	0.000975	11.2
1736	-0.589004	110.035927	0.004008	8.1
1737	-1.437087	110.000003	0.010401	9.7
1738	-1.378847	109.964110	0.010532	9.3
1739	-1.046874	109.928248	0.012074	8.9
1740	-0.000000	109.892417	0.000000	9.7
1741	-0.287316	109.856618	0.002191	13.2
1742	-1.119384	109.820850	0.011411	9.0
1743	-1.337829	109.785112	0.006614	10.0
1744	-0.519319	109.749406	0.006951	9.9
1745	-0.506814	109.713730	0.005473	8.2
1746	-0.215544	109.678086	0.003745	8.9
1747	-0.911115	109.642472	0.008002	10.0
1748	-0.036808	109.606890	0.001784	9.5
1749	-1.270928	109.571337	0.007380	9.6
1750	-1.452577	109.535816	0.010541	10.3
1751	-0.000000	109.500326	0.000000	14.1
1752	-0.089114	109.464866	0.001746	12.9
1753	-0.967483	109.429436	0.005901	12.9
1754	-0.082614	109.394038	0.001414	11.3
1755	-1.404276	109.358669	0.007424	18.3
1756	-0.721811	109.323331	0.004633	13.9
1757	-0.232650	109.288024	0.004349	11.4
1758	-0.000000	109.252747	0.000000	13.2
1759	-0.000000	109.217501	0.000000	13.0
1760	-1.189929	109.182284	0.008255	18.4
1761	-0.000000	109.147098	0.000000	15.1
1762	-0.579485	109.111942	0.004064	14.7
1763	-0.005972	109.076817	0.000809	12.7
1764	-0.651488	109.041721	0.006263	18.3
1765	-0.306113	109.006656	0.005635	9.5
1766	-0.300240	108.971620	0.003367	7.9
1767	-0.147686	108.936615	0.002228	9.4
1768	-1.171951	108.901640	0.009509	8.9
1769	-1.092031	108.866694	0.005068	9.1
1770	-0.162895	108.831779	0.003601	9.3
1771	-1.354981	108.796893	0.011502	8.5
1772	-0.997072	108.762037	0.010946	9.6
1773	-0.788551	108.727211	0.004984	9.0
1774	-0.697840	108.692415	0.004233	8.1
1775	-1.420684	108.657648	0.011743	9.4
1776	-0.000000	108.622911	0.000000	10.8
1777	-1.115890	108.588203	0.007156	9.2
1778	-1.167591	108.553525	0.009889	9.7
1779	-1.264463	108.518877	0.009480	9.4
1780	-0.009830	108.484258	0.000702	9.5
1781	-0.164960	108.449668	0.003005	8.9
1782	-0.235743	108.415108	0.002026	8.7
1783	-1.160521	108.380578	0.008718	9.6
1784	-0.058669	108.346076	0.001359	8.5
1785	-1.329555	108.311604	0.012375	9.3
1786	-0.000000	108.277161	0.000000	9.3
1787	-1.507178	108.242747	0.009008	9.5
1788	-0.031096	108.208363	0.000927	9.2
1789	-0.117486	108.174007	0.003270	8.5
1790	-0.657558	108.139681	0.005848	8.9
1791	-0.017517	108.105383	0.001167	12.7
1792	-0.325382	108.071115	0.003749	9.5
1793	-1.282453	108.036875	0.009707	11.2
1794	-1.299880	108.002665	0.006363	7.5
1795	-1.269872	107.968483	0.007235	10.2
1796	-0.758689	107.934330	0.007170	10.7
1797	-0.862283	107.900206	0.007362	10.1
1798	-1.215424	107.866111	0.012731	10.5
1799	-0.741033	107.832044	0.004846	10.4
1800	-1.263317	107.798007	0.015079	7.4
1801	-0.165893	107.763997	0.002693	9.4
1802	-1.488557	107.730017	0.007847	9.8
1803	-0.914759	107.696065	0.005470	8.3
1804	-1.311573	107.662141	0.007077	9.1
1805	-0.000000	107.628246	0.000000	9.0
1806	-0.862864	107.594379	0.008798	9.6
1807	-1.481727	107.560541	0.009098	9.8
1808	-0.000000	107.526731	0.000000	10.4
1809	-0.000000	107.492949	0.000000	12.6
1810	-1.278786	107.459196	0.007959	17.4
1811	-0.017967	107.425471	0.001250	9.7
1812	-1.300818	107.391774	0.010544	10.8
1813	-0.091781	107.358106	0.002374	8.3
1814	-0.403273	107.324465	0.003881	18.8
1815	-0.916684	107.290853	0.012855	17.7
1816	-1.280651	107.257268	0.008056	23.2
1817	-0.000000	107.223712	0.000000	14.8
1818	-1.337619	107.190184	0.007841	18.3
1819	-0.066772	107.156683	0.002613	17.0
1820	-0.282857	107.123211	0.005147	18.9
1821	-0.027937	107.089766	0.001418	16.9
1822	-0.000000	107.056349	0.000000	12.6
1823	-0.858263	107.022960	0.004244	8.5
1824	-0.000000	106.989599	0.000000	12.2
1825	-0.339739	106.956265	0.002481	8.7
1826	-0.040535	106.922960	0.000706	11.9
1827	-0.035735	106.889681	0.001967	9.2
1828	-0.000000	106.856431	0.000000	9.0
1829	-0.145291	106.823208	0.002129	10.3
1830	-1.038618	106.790012	0.008833	9.5
1831	-0.000000	106.756844	0.000000	7.9
1832	-1.338092	106.723703	0.010081	10.4
1833	-0.000000	106.690590	0.000000	10.0
1834	-0.964007	106.657505	0.006208	9.3
1835	-0.228014	106.624446	0.003234	9.9
1836	-1.123617	106.591415	0.008099	9.3
1837	-0.051999	106.558411	0.002265	8.9
1838	-1.051546	106.525435	0.007396	11.4
1839	-1.315888	106.492485	0.010750	11.2
1840	-1.107249	106.459563	0.007171	11.9
1841	-0.208093	106.426668	0.002498	12.5
1842	-0.093109	106.393800	0.001661	12.2
1843	-1.225388	106.360959	0.005535	12.3
1844	-1.358411	106.328145	0.008573	11.6
1845	-1.127814	106.295358	0.007877	9.4
1846	-1.100024	106.262598	0.005819	9.8
1847	-1.237257	106.229865	0.008077	11.3
1848	-1.130619	106.197158	0.008105	8.4
1849	-0.295801	106.164479	0.003547	8.9
1850	-0.000000	106.131826	0.000000	12.0
1851	-0.367837	106.099201	0.002927	8.3
1852	-0.638515	106.066602	0.004319	14.4
1853	-0.073010	106.034029	0.001375	10.5
1854	-0.448369	106.001483	0.005813	9.9
1855	-1.283727	105.968964	0.014388	9.9
1856	-1.023907	105.936472	0.010510	12.4
1857	-1.181531	105.904006	0.004022	9.3
1858	-0.057636	105.871566	0.002591	9.9
1859	-0.920712	105.839153	0.007283	9.8
1860	-0.207975	105.806767	0.004433	9.8
1861	-0.000000	105.774407	0.000000	8.7
1862	-0.000000	105.742073	0.000000	8.3
1863	-1.185743	105.709766	0.006490	10.3
1864	-1.102530	105.677485	0.005870	9.2
1865	-1.038353	105.645230	0.007901	8.8
1866	-0.000000	105.613001	0.000000	8.5
1867	-0.000000	105.580799	0.000000	10.8
1868	-0.420129	105.548623	0.005017	9.4
1869	-0.000000	105.516473	0.000000	13.0
1870	-0.000000	105.484349	0.000000	9.4
1871	-0.000000	105.452251	0.000000	8.5
1872	-0.000000	105.420179	0.000000	9.8
1873	-1.227030	105.388133	0.009108	9.0
1874	-0.000000	105.356113	0.000000	8.5
1875	-0.803904	105.324119	0.005827	8.2
1876	-0.000000	105.292151	0.000000	7.7
1877	-1.292480	105.260209	0.006240	8.7
1878	-0.000000	105.228293	0.000000	8.3
1879	-0.256059	105.196402	0.005558	9.5
1880	-0.053930	105.164537	0.001545	9.3
1881	-0.451496	105.132698	0.004702	9.9
1882	-1.344311	105.100885	0.014683	9.5
1883	-0.245196	105.069097	0.003534	8.9
1884	-0.000000	105.037335	0.000000	8.7
1885	-1.260010	105.005598	0.006904	9.0
1886	-0.007068	104.973887	0.000944	9.8
1887	-1.457262	104.942202	0.011559	9.7
1888	-1.130981	104.910542	0.008260	8.0
1889	-0.382911	104.878907	0.003742	9.4
1890	-1.327947	104.847298	0.005758	8.7
1891	-0.145570	104.815715	0.002110	9.3
1892	-0.190530	104.784156	0.002712	8.3
1893	-0.000000	104.752623	0.000000	9.6
1894	-0.979385	104.721116	0.005846	10.0
1895	-1.555655	104.689633	0.013116	9.2
1896	-0.000000	104.658176	0.000000	8.2
1897	-0.000000	104.626744	0.000000	10.2
1898	-0.018197	104.595337	0.000674	8.5
1899	-1.498415	104.563955	0.006296	8.9
1900	-0.152715	104.532599	0.002673	8.9
1901	-1.278486	104.501267	0.006765	8.0
1902	-0.432375	104.469960	0.004525	9.3
1903	-1.320721	104.438679	0.010968	9.8
1904	-1.450690	104.407422	0.007589	8.9
1905	-0.770817	104.376191	0.007850	8.9
1906	-0.000000	104.344984	0.000000	10.1
1907	-1.021194	104.313802	0.006670	9.5
1908	-1.178935	104.282645	0.011229	8.4
1909	-0.508674	104.251513	0.004620	9.0
1910	-1.284118	104.220405	0.007336	8.4
1911	-0.355867	104.189323	0.003610	10.4
1912	-1.015100	104.158265	0.005158	7.4
1913	-0.000000	104.127231	0.000000	9.3
1914	-0.053764	104.096222	0.000701	9.9
1915	-0.000000	104.065238	0.000000	7.9
1916	-0.000000	104.034279	0.000000	10.5
1917	-1.018984	104.003344	0.005634	8.5
1918	-0.180198	103.972433	0.002476	9.3
1919	-1.076167	103.941547	0.004652	9.5
1920	-0.009325	103.910686	0.000878	8.9
1921	-0.876312	103.879849	0.005530	9.6
1922	-0.000000	103.849036	0.000000	8.3
1923	-1.074388	103.818248	0.011336	9.6
1924	-0.000000	103.787484	0.000000	10.0
1925	-0.810134	103.756744	0.005399	7.8
1926	-1.012667	103.726029	0.008644	9.2
1927	-1.053934	103.695338	0.007958	9.1
1928	-0.009523	103.664671	0.000230	8.3
1929	-0.000002	103.634028	0.000002	10.1
1930	-1.281594	103.603409	0.009394	9.6
1931	-0.617032	103.572814	0.003905	10.3
1932	-0.005207	103.542244	0.000601	8.9
1933	-0.000001	103.511698	0.000001	8.0
1934	-1.338771	103.481175	0.006370	10.8
1935	-0.936352	103.450677	0.003948	9.5
1936	-1.071844	103.420202	0.009925	9.1
1937	-1.177881	103.389752	0.005716	8.4
1938	-0.225155	103.359325	0.007052	8.8
1939	-0.088044	103.328922	0.001128	10.0
1940	-0.000000	103.298543	0.000000	8.0
1941	-1.068590	103.268188	0.007455	9.9
1942	-0.007995	103.237857	0.001201	8.6
1943	-0.549987	103.207549	0.004834	8.2
1944	-0.252054	103.177265	0.002534	9.7
1945	-0.009638	103.147005	0.000935	9.1
1946	-0.000000	103.116768	0.000000	8.8
1947	-0.000012	103.086556	0.000007	8.5
1948	-1.386906	103.056366	0.007054	8.5
1949	-0.307336	103.026200	0.003950	9.3
1950	-0.833696	102.996058	0.007219	9.0
1951	-0.000000	102.965939	0.000000	14.2
1952	-0.076271	102.935844	0.001493	8.6
1953	-0.989224	102.905772	0.006770	7.6
1954	-0.000000	102.875724	0.000000	8.6
1955	-0.000000	102.845699	0.000000	8.7
1956	-0.000000	102.815697	0.000000	7.4
1957	-0.014008	102.785719	0.001123	9.1
1958	-0.231497	102.755764	0.004960	7.7
1959	-1.379217	102.725832	0.011613	11.3
1960	-0.616028	102.695924	0.006375	9.8
1961	-0.063173	102.666038	0.001480	9.1
1962	-0.089682	102.636176	0.001056	9.5
1963	-0.162335	102.606337	0.002104	8.8
1964	-0.304707	102.576521	0.005282	8.8
1965	-0.059938	102.546728	0.001041	7.9
1966	-0.022642	102.516959	0.001963	8.4
1967	-1.226456	102.487212	0.006273	9.7
1968	-0.812435	102.457488	0.005065	9.0
1969	-1.142099	102.427788	0.012691	8.8
1970	-0.015700	102.398110	0.001117	9.9
1971	-0.031057	102.368455	0.001286	19.0
1972	-1.453512	102.338823	0.011394	8.1
1973	-0.000000	102.309214	0.000000	8.7
1974	-1.071887	102.279628	0.005592	9.9
1975	-0.000000	102.250064	0.000000	11.5
1976	-0.078335	102.220524	0.001950	9.1
1977	-0.000000	102.191006	0.000000	8.5
1978	-0.111129	102.161511	0.004530	8.2
1979	-1.344758	102.132038	0.007109	8.7
1980	-0.867029	102.102588	0.006381	9.4
1981	-0.024430	102.073161	0.001830	8.3
1982	-0.154799	102.043757	0.003964	8.3
1983	-0.053820	102.014375	0.003057	8.9
1984	-0.337853	101.985015	0.001808	8.1
1985	-0.033579	101.955678	0.003031	10.0
1986	-1.078636	101.926364	0.015391	8.2
1987	-0.757858	101.897072	0.004303	8.6
1988	-1.449275	101.867802	0.014231	9.2
1989	-0.371085	101.838555	0.004626	8.4
1990	-0.000000	101.809330	0.000000	8.4
1991	-0.000000	101.780128	0.000000	8.5
1992	-0.000000	101.750948	0.000000	8.9
1993	-0.165017	101.721790	0.002326	8.8
1994	-0.773003	101.692654	0.006787	8.5
1995	-0.978761	101.663541	0.009318	8.8
1996	-0.000000	101.634450	0.000000	9.5
1997	-0.104749	101.605381	0.002913	9.7
1998	-1.281392	101.576335	0.006241	8.7
1999	-0.620188	101.547310	0.004930	19.7
